     90
    1    0.013068945968872    0.000066829820568    0.999914595445550
    2   -0.945394139447959    0.160784381991280   -0.283510676351236
    3   -0.849551167444306    0.103932489033494    0.517166174084615
    4   -0.710787301570371   -0.542831150426581    0.447342993745141
    5   -0.526809622769782    0.456726859122160   -0.716848796827871
    6   -0.704210576106437   -0.234266758608815    0.670228729845833
    7   -0.924179773134556   -0.219543366231606    0.312557926267526
    8   -0.982767851745738   -0.167519437706785   -0.078131860117811
    9   -0.978299649633681    0.151067456787054    0.141804157296281
   10   -0.808409373734511    0.446051820572488    0.384072985019963
   11   -0.851336666327793   -0.164409208702250   -0.498192224607911
   12   -0.838331638013430   -0.537225078178817    0.092678369005298
   13   -0.766271342485926    0.492672503679506   -0.412434278161969
   14    0.265088342662383   -0.285496735831355    0.920988482237510
   15   -0.264842547274381    0.938081444506844   -0.223297175587089
   16   -0.033264321305591    0.803987712207300   -0.593714782995800
   17   -0.614034255378873    0.766741038007290   -0.187270162751079
   18   -0.547113595960118   -0.819769245779454    0.169248624188715
   19   -0.743666867667982    0.159550766174735   -0.649232734037608
   20   -0.426979277143370   -0.485480364923836    0.762887614372880
   21   -0.881262985719470    0.471131961311897   -0.037552963015058
   22   -0.398150991721646   -0.763161787942951    0.508979246349778
   23   -0.841947381230551   -0.462803259715385   -0.277376549181491
   24   -0.588459946440648    0.105187191116138    0.801654879770694
   25   -0.409745201473147    0.747000915673312   -0.523544173736050
   26   -0.061234491617651   -0.742188867585880    0.667387460076916
   27   -0.380410535533043    0.168065068662761   -0.909418471964829
   28   -0.671159665425953    0.718922883901388    0.180816455302702
   29   -0.258188691889031    0.274346161268849    0.926322181089106
   30   -0.146139479548777   -0.945599135432661    0.290663942700531
   31   -0.350296711002278    0.924178649908937    0.152269620454909
   32   -0.566326232584615    0.453411183667738    0.688253512022669
   33   -0.090449872262086   -0.729016223129928   -0.678494043467699
   34    0.018821967743604    0.995547595217496    0.092361892503990
   35   -0.071616259789725   -0.432077023640049    0.898988630059406
   36    0.387527016476285    0.787654477344624   -0.478981456655637
   37   -0.621598200713694   -0.758644121859010   -0.195127581951576
   38    0.107556431779039    0.953255239237318   -0.282375747629935
   39   -0.188175376854326    0.612117918831396    0.768050571896964
   40   -0.576719072783549   -0.162625876288512   -0.800592240437714
   41   -0.168520800935722    0.530551912864215   -0.830731850483719
   42   -0.276544141669535   -0.957328746623092   -0.083934549485414
   43   -0.338256090571600   -0.143728350363093    0.930013429200418
   44   -0.447746325354946    0.744840559553631    0.494707761183283
   45   -0.006599985715991   -0.937664451433428   -0.347479232050775
   46    0.406852425356278    0.911527954222354   -0.059899020467148
   47    0.221601452360172   -0.873833220357338    0.432791288396366
   48   -0.336166827962737   -0.471369002193941   -0.815354602334567
   49   -0.081823005578337    0.877730489684887    0.472116705101244
   50   -0.627430768365064   -0.513530864098521   -0.585334675657484
   51    0.225987739389449    0.580976356402815   -0.781918163842326
   52   -0.380983295090727   -0.798143159447906   -0.466711073243743
   53    0.606304073109947    0.509260756857521   -0.610777252732282
   54    0.298443026518407   -0.615583347001904    0.729375693875568
   55   -0.188100117241239   -0.143107783577340   -0.971667900145628
   56    0.684359677154180    0.690512517218522   -0.234188590349674
   57    0.486043555457297   -0.856764274687872    0.172385149641705
   58    0.130768838833952    0.372169908769224    0.918906453234891
   59    0.271855352370118   -0.750648603243166   -0.602180489418914
   60    0.524921355914562    0.670236729986425    0.524633487190745
   61    0.129807926681252   -0.990862481288384    0.036625747033235
   62    0.064813609069076   -0.450915561230043   -0.890210285674141
   63    0.020457718702072    0.238809606676281   -0.970850891488815
   64    0.185085352504862    0.689413490543369    0.700323104962959
   65    0.728085093172826    0.063617137380358    0.682528356136979
   66    0.289192143531896    0.896506725874753    0.335624186525281
   67    0.427073122965073   -0.441509170183857   -0.789099613663840
   68    0.408104743625506    0.060003681561603    0.910961072949560
   69    0.595455133826403   -0.308734522096598    0.741698172079159
   70    0.199203169028758   -0.095777037644323   -0.975266556644376
   71    0.409810165895390    0.270655724220298   -0.871091904953535
   72    0.648046359162388    0.741350766437035    0.174456176387060
   73    0.615057790413300   -0.622048388561338   -0.484520089098637
   74    0.759002981420611    0.156979872208810   -0.631879572320493
   75    0.369606451815419   -0.895374106031654   -0.248387360838737
   76    0.502499323317092    0.392656687170494    0.770269534699483
   77    0.545476180564521   -0.080815781316686   -0.834220921535126
   78    0.681213918016572   -0.721757669474301   -0.122529443218912
   79    0.868797082101400    0.373573086894348   -0.325015044083073
   80    0.880533609226534   -0.414009981417615   -0.230773261685748
   81    0.789579641147893    0.407459210378043    0.458847449772652
   82    0.839644673932046   -0.283148864833555    0.463490606033194
   83    0.589878039985303   -0.638109092599238    0.494833996290952
   84    0.877170378948672    0.473522653405638    0.079676991702290
   85    0.759870630234772   -0.277522486791017   -0.587858736969981
   86    0.805060210285467   -0.561262832330204    0.191995028216347
   87    0.938762658939875   -0.041412310878809   -0.342066792728866
   88    0.933480446319221    0.080589649571548    0.349456098418102
   89    0.989796482879538    0.140622514154662   -0.022983276357351
   90    0.970508264773614   -0.226439487348541    0.082697439956985
   
 U =    3579.12846232623     


 http://math-lab.ru/  - см. Задача Томсона
