     25
    1   -0.242815210787079   -0.141382426629124    0.959714427760095
    2   -0.788056156856096    0.122731562211094   -0.603244939703952
    3   -0.759648984075075    0.300492326079254    0.576747590338429
    4   -0.988579515811660   -0.148597871407251    0.025084129062388
    5   -0.203297296380108   -0.097649394063687   -0.974235497774298
    6   -0.681600771885790   -0.480524062285044    0.551830602023641
    7   -0.774575324647681    0.624970711565804   -0.097183723595427
    8   -0.640947571582444   -0.563495473655352   -0.521209230206544
    9   -0.303224342725116    0.891185688889867    0.337406380936720
   10   -0.061177680937381    0.510127540370214    0.857920266639598
   11    0.027600638791962   -0.786759976873778   -0.616641665416673
   12   -0.455795414407633   -0.888047419961986    0.060185713452892
   13   -0.309991690756317    0.631939517700865   -0.710322178754147
   14    0.480559639466060    0.004109277518662    0.876952419892052
   15    0.056151507426751    0.971106178121199   -0.231947836869720
   16    0.466046271039156   -0.260688792307901   -0.845483427877534
   17    0.471673539490432    0.746026981330716    0.470072138369366
   18    0.234824706762085   -0.970105548550459    0.061258319971359
   19    0.370372206873674    0.452575536455607   -0.811171875854584
   20    0.071069876066654   -0.710835032922488    0.699758978996309
   21    0.693314463271239    0.692021917693275   -0.201049049863551
   22    0.739379215459648   -0.511813565737210    0.437453139974601
   23    0.743703503030334   -0.613102510691045   -0.266477787000618
   24    0.926959527673304    0.174848039123541    0.331924987414833
   25    0.928317300478177    0.050658815883474   -0.368321427568632
   
 U =    243.812760571811     


 http://math-lab.ru/  - см. Задача Томсона
