     39
    1   -0.372410358749778    0.036146756537739    0.927363972066881
    2   -0.854969618789687    0.096514506437520   -0.509619368738807
    3   -0.822684361190785    0.266448223413159    0.502190985673858
    4   -0.979940249719764   -0.192075547615495    0.053142177104195
    5   -0.531019226555226   -0.229465960405609   -0.815698445532306
    6   -0.754078213913169   -0.275897783980911    0.596025553223977
    7   -0.918235706328004    0.393094526790137   -0.048165139177099
    8   -0.773211988868500   -0.524407526224703   -0.356566917574956
    9   -0.584357581644829    0.786242537809136    0.200870327608775
   10   -0.395185926804145    0.589556302536994    0.704451168921493
   11   -0.224588443809239   -0.694874675254694   -0.683161193714212
   12   -0.656578306929755   -0.712750435186164    0.246762525540631
   13   -0.581340605972087    0.677323974814445   -0.450860658063629
   14    0.150450456218793   -0.177452752480751    0.972561145049792
   15    0.029406164221226    0.783568252573462   -0.620609435204433
   16    0.013610221092013   -0.175050369376597   -0.984465403182328
   17   -0.180532421598604    0.975057304891458   -0.129117376559281
   18   -0.356848809977565   -0.914371490000388   -0.191268672531772
   19   -0.374641479340147    0.345027072306854   -0.860581246212807
   20   -0.302136247692901   -0.579568726667297    0.756844620050445
   21    0.026232802755501    0.905558814394712    0.423408872995872
   22   -0.070362914519789   -0.952160948718560    0.297386260603367
   23    0.231600052283655   -0.934663493962391   -0.269750938527050
   24    0.111557780325997    0.459538276190128    0.881123960839190
   25    0.216629340183262    0.336606965688886   -0.916388279945507
   26    0.250544536978528   -0.686256383738333    0.682846696388436
   27    0.334068604912722   -0.582573431057317   -0.740949637045443
   28    0.383861515016585    0.916759445277519   -0.110464730948968
   29    0.584301741643469    0.189419663091011    0.789120818345896
   30    0.547724279247561   -0.815912716151147    0.185160885571434
   31    0.615627552738690    0.544249155882224   -0.569908389682463
   32    0.549075941807326    0.692001273169900    0.468668164120025
   33    0.743503521120127   -0.556080543541385   -0.371452477682800
   34    0.824093791747612    0.564878331180026   -0.042212478798476
   35    0.689883570370430   -0.351395608286044    0.632915306980507
   36    0.630162978086944   -0.065151804077754   -0.773724669035444
   37    0.926263388533855   -0.360073452695912    0.111280023928044
   38    0.946304146348875    0.053645348821813   -0.318795607172861
   39    0.928233077541687    0.168556842554412    0.331620181209732
   
 U =    626.389009155689     


 http://math-lab.ru/  - см. Задача Томсона
