    181
    1   -0.098107025538057   -0.023460704314143    0.994899294850066
    2   -0.992631141566702   -0.108438676505339   -0.054078371182542
    3   -0.911677781488998    0.111827959492965    0.395396168690263
    4   -0.930719645720277   -0.363964566916484    0.035926801967579
    5   -0.876814958289922    0.203047848946223   -0.435852153783085
    6   -0.867990793477853   -0.389421687175936    0.308127785171565
    7   -0.967685653006720   -0.133418354743708    0.213972006539265
    8   -0.920221406886657   -0.309876776509522   -0.239100283746400
    9   -0.981224782751026    0.133859598720104    0.138850759975217
   10   -0.920011234834149    0.389734746616394    0.041062818446854
   11   -0.842865203777472   -0.208074590114725   -0.496269295050329
   12   -0.813507200844383   -0.563133053830943   -0.145214316984838
   13   -0.943856883153508   -0.035444983482862   -0.328447617238495
   14   -0.551488589107034   -0.021496421926967    0.833905414258159
   15   -0.789499533344956    0.599243793615721   -0.132655051396981
   16   -0.641173473425652    0.685648501544465   -0.344648675182590
   17   -0.895860807652468    0.379991100310761   -0.230304530995125
   18   -0.637319365333054   -0.766805723457754   -0.076374138580441
   19   -0.787272290435770    0.032461667038892   -0.615750420937796
   20   -0.725160312288174   -0.405119294102406    0.556795185888030
   21   -0.979611886569487    0.150763659694913   -0.132781288618414
   22   -0.796930535334277   -0.591382691785048    0.123159383357067
   23   -0.776661599681812   -0.487542016323233   -0.398872839259788
   24   -0.872519984711136   -0.157387184235797    0.462534485760799
   25   -0.764755389257078    0.468719887827658   -0.442098248534286
   26   -0.515475228721010   -0.310527252175951    0.798660199478524
   27   -0.697486928026474    0.298243360993802   -0.651584900726922
   28   -0.782046719397832    0.604208272956897    0.152758932863294
   29   -0.765483303359763    0.335471733841252    0.549084718482467
   30   -0.693396595837187   -0.604823502243138    0.391649961082273
   31   -0.629011925753183    0.776965022838743   -0.025871809860616
   32   -0.876629725963203    0.372778198392096    0.304231389506774
   33   -0.474282696175579   -0.379642154778311   -0.794309611186787
   34   -0.420515741776115    0.902398185682354    0.094042678586267
   35   -0.711453908926200   -0.175112304446823    0.680565218259759
   36    0.000254379112935    0.991920959435656   -0.126857185541515
   37   -0.618459462963596   -0.710204212142686   -0.336330001227318
   38   -0.469350924189671    0.852096568377765   -0.231605587413469
   39   -0.563596278953884    0.502727401171209    0.655457393322387
   40   -0.641369355017192   -0.141867647315804   -0.754001937059786
   41   -0.569717203729192    0.554584435268314   -0.606513323788617
   42   -0.409895943134464   -0.875888866651975   -0.254566315676340
   43   -0.774489592858872    0.076048366653858    0.627998818854446
   44   -0.702133722779159    0.574192259753693    0.421083702101171
   45   -0.370133395459789   -0.779569857117390   -0.505244601593505
   46   -0.208850664750454    0.908032884983117   -0.363122127696084
   47   -0.513484117816194   -0.541132473987338    0.665965244098270
   48   -0.412142190992326   -0.116977512090744   -0.903579036979669
   49   -0.583548001738672    0.768715984027568    0.261815709168357
   50   -0.685272511806350   -0.371095696203041   -0.626649478434472
   51   -0.413644444350977    0.762160894478734   -0.498005064818569
   52   -0.557768824426387   -0.597044169182337   -0.576569335417155
   53   -0.146904119861250    0.791176126780896   -0.593683009677531
   54   -0.286043763070064   -0.449080213013700    0.846466731707919
   55   -0.570384879377034    0.114166775167659   -0.813404596019634
   56    0.138937075241168    0.984171339780799    0.110014831170610
   57   -0.153437261774523   -0.908775691946881   -0.388051218817315
   58   -0.600057325041745    0.237376547650028    0.763926424002665
   59   -0.116057846348535   -0.768514562433186   -0.629218518186702
   60   -0.138944476699532    0.980464822803807    0.139223430639363
   61   -0.606523000023363   -0.771032828604817    0.194005741297300
   62   -0.154300910613904   -0.075227928129734   -0.985155819052513
   63   -0.331462645881979    0.604775425819006   -0.724140317003795
   64   -0.388769448173182    0.374615250928579    0.841737328350619
   65   -0.348713005446118    0.118210031273728    0.929744926492745
   66   -0.466458678622203    0.726754542092786    0.504226275282768
   67   -0.237515939467984   -0.347453750216241   -0.907117451027876
   68   -0.113041920635560    0.246321717582154    0.962573184556063
   69   -0.001011126765051   -0.777770858120067    0.628547110312219
   70   -0.465960075759803    0.371354097478569   -0.803104813884088
   71   -0.322366684324326    0.150919493597739   -0.934506836406210
   72   -0.260621836952614    0.959501762955547   -0.106923453875392
   73   -0.087263455969935   -0.560768599531693   -0.823361200829531
   74   -0.203442859608000    0.394593814016752   -0.896050626256258
   75    0.761184790238900   -0.632171356405469   -0.144765642503432
   76   -0.318162241686591    0.632300747916279    0.706377060888501
   77    0.146197927398850   -0.041138081625759   -0.988399627814799
   78   -0.329795350507924   -0.601004861271829   -0.728030345185546
   79   -0.071324558196922    0.612429119818123   -0.787301327699130
   80    0.148092334046589   -0.698806498004353   -0.699812931392044
   81   -0.310037368846694    0.885862294370536    0.345144644071424
   82   -0.475527481377233   -0.731894272497819    0.488061869377145
   83   -0.265253577124380   -0.674732307491590    0.688750210925409
   84   -0.014204530483394    0.929420810735580    0.368748136111036
   85   -0.038095104989991    0.168628882599455   -0.984943177512825
   86    0.116984731042445   -0.863421637642104   -0.490731747856559
   87    0.019700409570356   -0.282810626096049   -0.958973432181477
   88    0.110252802703642    0.429034236803592    0.896534407117960
   89    0.062244997917948    0.922070932799381   -0.381982663377114
   90   -0.412587249609578   -0.910858947946683    0.010379711222646
   91    0.082379113354110    0.394111717133617   -0.915363117074848
   92   -0.320707463504350   -0.169604787181788    0.931869593353934
   93   -0.071384865562972   -0.304886401865094    0.949709683496126
   94   -0.151213220667248    0.488067364789096    0.859607357648400
   95    0.075864192713644   -0.967253732556527   -0.242208259808316
   96   -0.173693784175249   -0.977960712167551   -0.115859029840658
   97   -0.167663322937190    0.808645934467926    0.563897830116550
   98    0.311460624679763   -0.264119529433920   -0.912816056741826
   99   -0.213036692090694   -0.851097695865121    0.479841723817486
  100    0.152209711081441   -0.123993590987248    0.980539541908735
  101   -0.163435627699392   -0.971893053913665    0.169448184861553
  102    0.162404010124217   -0.483683587455814   -0.860043676054563
  103    0.401132429992720   -0.516698522325065   -0.756383111019297
  104    0.246686267142548   -0.827447914005984    0.504455979457496
  105   -0.383357431215895   -0.880233594778256    0.279688931771171
  106    0.178241215748215   -0.404439105474473    0.897027914265552
  107    0.349989898410342   -0.870243444223210   -0.346674802656963
  108    0.269408345299794    0.196477183180700   -0.942770311354895
  109    0.017937954214584   -0.929371903234863    0.368708686195761
  110    0.125009219434271    0.787304581735716   -0.603758387630667
  111    0.401280874907446    0.913520719662947    0.066734954708947
  112    0.754311805133188   -0.281243206960292   -0.593225049349235
  113    0.215372587338064   -0.650167553443080    0.728626654105618
  114    0.263496799130610    0.949860011402689   -0.168331207997822
  115   -0.005641182880175    0.671353819887374    0.741115527821637
  116    0.067384111235390   -0.996592778842401    0.047562745002770
  117   -0.036002678327333   -0.567646011226084    0.822485144602852
  118    0.138594005949338    0.810819836896446    0.568650062525395
  119    0.264665244213413    0.604649150001127    0.751233461653812
  120    0.486501793548135   -0.799449418412639    0.352415425704014
  121    0.262504010360050    0.903576796600032    0.338586203485782
  122    0.633560030904245    0.773445965726981    0.019571033219275
  123    0.415325202799255   -0.477896490073038    0.774028372022388
  124    0.333630398975238    0.842279413552242   -0.423386521261264
  125    0.553259143536687   -0.284800490449340   -0.782810961045428
  126    0.506610996946043    0.807612197841975    0.301840745543393
  127    0.387329289312620   -0.722749879581535   -0.572371062515792
  128    0.509907085524424    0.834329179765762   -0.209498410312294
  129    0.553179006360306   -0.818476545913526   -0.155206735394085
  130    0.594611020525366   -0.702452448158346   -0.391149961454849
  131    0.661237367784894   -0.035847396373121   -0.749319763264105
  132    0.297068654943345   -0.950674988066405   -0.089259628696814
  133    0.388566507189996   -0.209937465481533    0.897185783479295
  134    0.145315934203809    0.155145139380391    0.977145467672605
  135    0.381376211455291    0.420419704143827   -0.823285769161368
  136    0.583761368044632    0.685104950149505   -0.435722242327959
  137    0.429997777675593   -0.027432521940084   -0.902413080542419
  138    0.466324753193358   -0.879057103585231    0.098994106872571
  139    0.401658559651180    0.733289864125394    0.548594911232232
  140    0.192849884311366    0.598268492864569   -0.777742716177175
  141    0.598596718738974   -0.288763557724431    0.747193131690370
  142    0.403508825207110    0.664126323270419   -0.629378149222940
  143    0.542412388432345    0.209799888710725   -0.813494196397298
  144    0.468121233353949   -0.665553671203347    0.581292371901546
  145    0.249003329419972   -0.938265167074276    0.240116259742755
  146    0.781800422778274   -0.495194827008314   -0.378906561368258
  147    0.735381855658842    0.644706827074625   -0.208726216587968
  148    0.762566361450605    0.475147895972413   -0.439006857961210
  149    0.595531889958271    0.466322942639503   -0.654128948457996
  150    0.835086459845754   -0.021245353570284   -0.549708322234582
  151    0.665343498201570   -0.478227234271965    0.573251028609181
  152    0.740883831619133    0.232505366315964   -0.630105072729646
  153    0.680703778844007   -0.725622088442670    0.100573108888948
  154    0.393499492830698    0.062761952284131    0.917179964067831
  155    0.612806049608954   -0.516984518057115   -0.597658559423288
  156    0.836200089114420    0.547297178317763    0.035145548373164
  157    0.885410929034321    0.237406918865920   -0.399606608580452
  158    0.619244417398453   -0.029117546009648    0.784658218611917
  159    0.714554681709020    0.655258621029377    0.245046416856888
  160    0.908373605861111   -0.401370949525996   -0.117297711194561
  161    0.356737396851316    0.335088054479612    0.872040380620539
  162    0.695844555032486   -0.625609926489524    0.352721668046370
  163    0.510179365377308    0.493932509619940    0.704093524387034
  164    0.950940019855962   -0.003957521835793   -0.309349990556429
  165    0.634059589196269    0.595762630663822    0.492986130892930
  166    0.593855189715686    0.234543729003662    0.769626697063456
  167    0.742349567264337    0.347521855714843    0.572840012379515
  168    0.787597693426045   -0.198333245861547    0.583398488938733
  169    0.836116798861117    0.435805777296537    0.333139645099769
  170    0.847796252104990   -0.515275445074933    0.125430182251171
  171    0.795896935035680    0.077804937217830    0.600411909063553
  172    0.843337693108717   -0.382013681668062    0.377951164041705
  173    0.909837738336060    0.178857385892236    0.374440015771978
  174    0.952764939526250   -0.262336842675521    0.153030555721990
  175    0.920891055640666   -0.096698165426650    0.377636238255998
  176    0.898046229738258   -0.258312856633740   -0.356072236141230
  177    0.986767065045272   -0.139805806256862   -0.082128532671714
  178    0.943737007301139    0.309912445016007    0.115389503311567
  179    0.989398768202744    0.029781319650367    0.142137786949057
  180    0.893513453397673    0.408554560838724   -0.186324661317932
  181    0.980939662028094    0.163304923694179   -0.105303757565660
   
 U =    15036.4672397902     


 http://math-lab.ru/  - см. Задача Томсона
