    227
    1   -0.075467403857663    0.002292905574877    0.997145633064202
    2   -0.996569611410506    0.029906899184689   -0.077165970442087
    3   -0.924806290885098   -0.082930977123930    0.371289344544948
    4   -0.975234206345021   -0.219187166326097   -0.029584267652461
    5   -0.829099525515062    0.198587915740911   -0.522644062926558
    6   -0.822815725476832   -0.500820112357321    0.268614029727478
    7   -0.938316307350350   -0.277952349285909    0.205681790362801
    8   -0.953806094172751   -0.144317250976645   -0.263489024039838
    9   -0.987941953182796   -0.029008812129521    0.152082825987017
   10   -0.968125153888738    0.216005261808808    0.126788853133131
   11   -0.866527292814998   -0.045721967084574   -0.497031138393389
   12   -0.897272281250121   -0.387958498885283   -0.210690902610630
   13   -0.945826042537332    0.097070065670439   -0.309823336127068
   14   -0.507785437636204   -0.203471167708079    0.837110167920638
   15   -0.848811758801190    0.498136678944678   -0.177139626314377
   16   -0.703323835103276    0.644686545758651   -0.299524357429240
   17   -0.879939121865259    0.333502616540795   -0.338353582176161
   18   -0.779475181838659   -0.608121055675915   -0.150356983679506
   19   -0.716130156749999    0.078137210487547   -0.693579249206929
   20   -0.693786125882237   -0.495640783829663    0.522494999916779
   21   -0.956602521645526    0.269892318267543   -0.109862423610589
   22   -0.891675074802467   -0.451887652788313    0.026704123904077
   23   -0.853757744427295   -0.283984088164087   -0.436406635490376
   24   -0.840559425151687   -0.327881584871146    0.431223282176475
   25   -0.743757662698542    0.478691203255829   -0.466561111862838
   26   -0.508855959525495   -0.452446495135653    0.732364514087658
   27   -0.679229052544704    0.338616516782617   -0.651142648535043
   28   -0.869114191647876    0.393532360443932    0.299621099323273
   29   -0.816730831633433    0.096167604081221    0.568948627368622
   30   -0.660858585793120   -0.664058478440549    0.349703112360671
   31   -0.891457205186512    0.449146980260340    0.059758191439095
   32   -0.920626827118379    0.159985472953073    0.356161330907678
   33   -0.553872405832061   -0.271016055691317   -0.787258315685091
   34   -0.768325038405380    0.606983462035622    0.203095327801065
   35   -0.676092264772990   -0.302324516297358    0.671936854443702
   36   -0.393870508014923    0.919164819571110    0.001434356606570
   37   -0.763662347383782   -0.523528041538825   -0.377807105426584
   38   -0.748366350525307    0.662298607604006   -0.036171256091375
   39   -0.653367257957602    0.200600610208760    0.729979877402684
   40   -0.552985665251237   -0.037841884339983   -0.832330971318649
   41   -0.564781754515360    0.597663506422005   -0.569051757626586
   42   -0.610955942113381   -0.729266143433588   -0.308064488115479
   43   -0.809043904607390   -0.138374125853871    0.571227241745179
   44   -0.784796490826580    0.325102611352844    0.527638853836454
   45   -0.581314717712815   -0.628425350354249   -0.516870175191613
   46   -0.574332417051165    0.804668653715530   -0.150501270598634
   47   -0.507590186743611   -0.642885529204752    0.573629147324917
   48   -0.349668258356957    0.055994477348410   -0.935198763688282
   49   -0.714835553951102    0.537779561012846    0.446993595663575
   50   -0.733156253821063   -0.164139198162243   -0.659954718984357
   51   -0.520397008385057    0.755777773500651   -0.397475673150298
   52   -0.707670313357300   -0.396166132900482   -0.585025745361227
   53   -0.309465370178300    0.830571420841584   -0.463014362133185
   54   -0.317409097657085   -0.603369968298602    0.731571012328851
   55   -0.537155663109576    0.209409181017680   -0.817075020114320
   56   -0.187905403306350    0.968011224427009    0.166270348503879
   57   -0.393610113427012   -0.787072310083542   -0.474961321907091
   58   -0.665970341232887   -0.043999506823108    0.744679493471840
   59   -0.351835957116980   -0.651017504374587   -0.672597701659368
   60   -0.405226485577751    0.882786564655580    0.237653900977669
   61   -0.753761427868749   -0.650987216380374    0.089773904708422
   62   -0.130313130319791    0.164618637112961   -0.977711200908187
   63   -0.345965620750189    0.684409481969264   -0.641787698736506
   64   -0.486223996893189    0.065659254577725    0.871363923474864
   65   -0.316303725177363   -0.089016712124374    0.944472328023161
   66   -0.604038476128907    0.424800269310252    0.674301305463518
   67   -0.354289537305468   -0.191052615557809   -0.915411285622150
   68   -0.261984781650396    0.159953523416614    0.951724143084647
   69   -0.198225948586746   -0.908068852435483    0.368940960782874
   70   -0.492466622470015    0.450976998306652   -0.744376499327657
   71   -0.326128861627020    0.299937709510340   -0.896480527411251
   72   -0.597445746019094    0.795639491506609    0.100081867082866
   73   -0.337672330009307   -0.428904006355968   -0.837865592370211
   74   -0.279430237086415    0.524330793219136   -0.804360591951160
   75    0.437804833417591   -0.897663901029283    0.050263790397104
   76   -0.443761218645977    0.305378248529802    0.842508223194710
   77    0.077884233241883    0.022800095411754   -0.996701661412049
   78   -0.522171127908846   -0.488345100239794   -0.699182648705036
   79   -0.094730601143058    0.656972065529470   -0.747939715699746
   80   -0.152601372843006   -0.586239728820891   -0.795635470148509
   81   -0.602163996002271    0.724793284135673    0.334773381842705
   82   -0.453239116262526   -0.795825673996270    0.401541778770214
   83   -0.270826249033582   -0.778276078641779    0.566515214489757
   84   -0.406127892195879    0.791318382244854    0.457028831805958
   85   -0.093776403001464    0.413198879875215   -0.905799465615858
   86   -0.162983327795481   -0.781870028083476   -0.601760495583961
   87   -0.139138842875472   -0.090713344217675   -0.986109259455625
   88   -0.013870173785567    0.238829041934545    0.970962567253643
   89   -0.362903741158015    0.901556963895936   -0.235575710768868
   90   -0.609220431177140   -0.788963036537093   -0.079923671177627
   91    0.099718261133067    0.538691257412962   -0.836581136282333
   92   -0.328401400721601   -0.361379677361910    0.872672475098128
   93   -0.135657831472854   -0.508218068331554    0.850477129487575
   94   -0.205127853759043    0.391195984910354    0.897155652605626
   95   -0.189951165898597   -0.905929336971549   -0.378431752087551
   96   -0.412028095217049   -0.874584612975096   -0.255606344794122
   97   -0.523468578619411    0.624314443854205    0.579838013925604
   98    0.076225565892432   -0.238139312820084   -0.968235162960919
   99   -0.370500967331751   -0.905407684417245    0.207282315223561
  100   -0.136539239184551   -0.240655648780748    0.960958841404158
  101   -0.402283644883017   -0.915162287289326   -0.025413716434301
  102   -0.139477494632209   -0.338640106544385   -0.930520771788964
  103    0.050191744899104   -0.484665363589775   -0.873258423423659
  104    0.020437516631686   -0.962620287239654    0.270082377264004
  105   -0.578718708241040   -0.799239352748632    0.162176181203561
  106    0.116677345210799   -0.584046495576484    0.803290786776114
  107    0.030146291110667   -0.871825709411169   -0.488887649201719
  108    0.093177610058152    0.274577207149246   -0.957039858259817
  109   -0.168230719945285   -0.980034316454141    0.105977183577203
  110   -0.101894546985168    0.817524568999595   -0.566807798443806
  111    0.038314001616730    0.996767179555633    0.070620301902659
  112    0.432067642298541   -0.635493630454717   -0.639894833648517
  113   -0.019663671489087   -0.855438415378613    0.517531117439422
  114   -0.165557618628818    0.982753283762826   -0.082381176049731
  115   -0.378099272513267    0.524216865502594    0.763044964630246
  116   -0.188441932078843   -0.971934591708402   -0.140828930532806
  117   -0.076158841348343   -0.705399217267220    0.704706871800802
  118   -0.277509078534914    0.717041789854296    0.639405804582075
  119   -0.132110141056971    0.602076689732192    0.787432898926019
  120    0.236087887165541   -0.957810096633967    0.163897310288305
  121   -0.196238651049803    0.889216208346313    0.413261329727765
  122    0.227139395500646    0.946265419106846    0.230194377894307
  123    0.174474962251464   -0.751428492884909    0.636328301765736
  124   -0.129078412142927    0.936914652144641   -0.324853348628803
  125    0.273663135512927   -0.377666878059510   -0.884576857869352
  126    0.011718732317758    0.945157905151836    0.326403439996973
  127    0.044447808523066   -0.702523995816751   -0.710270672081540
  128    0.070540917333259    0.981487166525607   -0.178064372987179
  129    0.240570811750975   -0.902070348910883   -0.358322159724004
  130    0.235431924553278   -0.777827038674635   -0.582715116337123
  131    0.523312739413578   -0.437919566289743   -0.731006313398222
  132    0.030019730671962   -0.967879252461349   -0.249616843232269
  133    0.049732333337484   -0.382430844062682    0.922644755325859
  134    0.178572570132760    0.070198452860529    0.981419387628026
  135    0.287991778256689    0.386543286934259   -0.876153538475197
  136    0.087897418043419    0.901161056644386   -0.424479438711552
  137    0.281156537381971   -0.111858590891376   -0.953120484058115
  138    0.248957442549802   -0.962838748542766   -0.104698309936994
  139   -0.058398543495415    0.803346360428796    0.592641742795275
  140    0.115623133031027    0.749466019678056   -0.651868066755859
  141    0.278446750416980   -0.379309270216659    0.882378538219244
  142    0.295994096860309    0.813902451994416   -0.499950290790321
  143    0.301167717834188    0.137671721998105   -0.943580681604188
  144    0.202756952871528   -0.883796590548043    0.421655314917181
  145    0.041776578780303   -0.999122885306405    0.002859636763098
  146    0.442235625923646   -0.869861091953646   -0.218561963454603
  147    0.270755355493968    0.962435280624549   -0.020245198948904
  148    0.473651719778637    0.676913651562464   -0.563419876006439
  149    0.299478561161647    0.620930192867056   -0.724402020283372
  150    0.459123891533938   -0.248566539270710   -0.852889165001945
  151    0.350787217137423   -0.576507714902527    0.737961505060291
  152    0.502707500866154    0.230334939382293   -0.833205247386657
  153    0.410351104402633   -0.853789224288374    0.320399643577511
  154    0.115028514813919   -0.159750073803706    0.980432738488171
  155    0.255291572532719   -0.581612544277078   -0.772368475103248
  156    0.448570106577618    0.881730504115719    0.146069085013856
  157    0.500085148802719   -0.008522470925754   -0.865934299722722
  158    0.347959987070014   -0.144763218909717    0.926265327996861
  159    0.151376157287398    0.852994222106700    0.499485851709022
  160    0.613013893320922   -0.785637770222261   -0.083589835480869
  161    0.234849250470695    0.298097561279769    0.925193857260416
  162    0.396440629794197   -0.737503674057322    0.546738655849695
  163    0.044318693296291    0.462137511937932    0.885700160034042
  164    0.629094343246561   -0.571156490029548   -0.527276560442719
  165    0.090747834270067    0.675261630661894    0.731974426282184
  166    0.411802425525510    0.094812229380492    0.906327426204905
  167    0.271853392265431    0.518687106027137    0.810592017697541
  168    0.490326998010438   -0.349106907156171    0.798563586947167
  169    0.301146810801535    0.713630723936061    0.632488567642576
  170    0.594346435475436   -0.778436645691285    0.201962133288752
  171    0.559190582942783   -0.104398582428705    0.822439558833953
  172    0.558823577064101   -0.534126976769040    0.634369436846423
  173    0.457919292049524    0.325609374381785    0.827217297500219
  174    0.678722672498617   -0.293433202310523    0.673225437441372
  175    0.482651089752099    0.532244240830856    0.695531446926375
  176    0.448693546030733   -0.775681520137774   -0.443838124846343
  177    0.594747571100812   -0.678593496274187    0.431029225788761
  178    0.367505996829568    0.841695527936270    0.395585617213757
  179    0.512746255387346    0.684280337029179    0.518509110760348
  180    0.496834411979273    0.799885072545427   -0.336659230962418
  181    0.475952762284254    0.458606071439880   -0.750432834644425
  182    0.639668056380097   -0.699913303978985   -0.317720230013969
  183    0.292919861850191    0.918434475046162   -0.265849712394703
  184    0.653112853145960   -0.194722687608350   -0.731796881645531
  185    0.488936336748206    0.866724861329409   -0.098637079036041
  186    0.794684073391741   -0.478827988191820   -0.373096477096318
  187    0.681592848620189    0.283499414435386   -0.674580811115028
  188    0.790604857125074   -0.591068933923066   -0.159942099652629
  189    0.689276781927867    0.049334977798044   -0.722816420580516
  190    0.669223383697056    0.632709480928345   -0.389639288902502
  191    0.739021546741681   -0.458830500852227    0.493276519752591
  192    0.679991343861477    0.714902628689516   -0.162868056310264
  193    0.588285300356876    0.748718077431089    0.305518650677685
  194    0.635435240414821    0.502498573179882   -0.586274030800565
  195    0.912272468029914   -0.374008031479648   -0.166963877720090
  196    0.692671778532607    0.533917407268282    0.484910310717756
  197    0.823058741242668    0.513360231561520   -0.242972387556975
  198    0.733811661706858   -0.354479314752317   -0.579538489278967
  199    0.887911289158737   -0.250796229914095   -0.385635571032218
  200    0.619255719675791    0.141963629172704    0.772249105950232
  201    0.762756867986820    0.592445957545663    0.259248428590685
  202    0.817228327042170   -0.104994735087901   -0.566669186636858
  203    0.833905668921007    0.147625877487870   -0.531796893218966
  204    0.765438059224870   -0.575778186038076    0.287374421222151
  205    0.798528473523835    0.390919056292673   -0.457749460293444
  206    0.654470194448498    0.752585538244856    0.072689560483243
  207    0.817145680483462    0.576388778381689    0.006993784589457
  208    0.925387207809890    0.369303558875573   -0.085284213214712
  209    0.654413545482580    0.370547064106082    0.659118945844589
  210    0.892470911447583    0.411528411864505    0.184770231499010
  211    0.931317413229466   -0.001548797454485   -0.364205267729642
  212    0.787962382869742    0.195535212202748    0.583850378068787
  213    0.739983038000776   -0.051177600848209    0.670675746275772
  214    0.887068468232260   -0.358558723394568    0.290766529273454
  215    0.836233614955871    0.358016636661638    0.415376250032817
  216    0.745221274696582   -0.663563884672463    0.065789229346393
  217    0.837177526034990   -0.231035778087857    0.495738095313717
  218    0.880163225504596   -0.470249854390874    0.064635678341820
  219    0.877961254958852    0.008375030525193    0.478658431091294
  220    0.937006632845970    0.158508927014522    0.311277191678674
  221    0.916020675545500    0.255561184067255   -0.309183769255936
  222    0.972949275680472    0.214102983616002    0.086773379325522
  223    0.976711973816918   -0.140122731114852   -0.162478738386214
  224    0.950814397941547   -0.116264822740317    0.287114039469018
  225    0.984499368468961    0.106052601661352   -0.139691943808780
  226    0.965556000899534   -0.252258502981864    0.063775048414313
  227    0.996786550553543   -0.017244646547498    0.078225282364594
   
 U =    23876.8988543827     


 http://math-lab.ru/  - см. Задача Томсона
