    108
    1   -0.017274873465930   -0.001074048899980    0.999850201363032
    2   -0.983786787499875    0.103280391471034   -0.146617589252676
    3   -0.853468714846118    0.028626722888045    0.520357246048911
    4   -0.868865174873758   -0.477208479688071    0.131701840554310
    5   -0.599697362420042    0.509284827845572   -0.617245524595157
    6   -0.845009515081973   -0.308243831709123    0.436972149723763
    7   -0.978821416265955   -0.134767632682347    0.154098410894813
    8   -0.952882503018302   -0.235864572075488   -0.190742861154024
    9   -0.954727812032150    0.195311302383258    0.224384268819496
   10   -0.821163188192851    0.515151604130779    0.245580624476847
   11   -0.874063459113031   -0.033606236663509   -0.484648006599303
   12   -0.813038686395351   -0.548536621347378   -0.195129878453621
   13   -0.848283243414739    0.320122605147330   -0.421825860534246
   14   -0.027304231125411   -0.345346152454239    0.938078095868198
   15   -0.401133269500794    0.907779038614541   -0.122594115485465
   16   -0.133888917903367    0.917330909751771   -0.374937007611483
   17   -0.719088408379928    0.638144820172830   -0.275105524154294
   18   -0.623857847795343   -0.781511219858543   -0.006449727077508
   19   -0.678461414437895    0.180338142285690   -0.712157471038447
   20   -0.615932357558694   -0.493729598549231    0.613887949408199
   21   -0.899911767793588    0.429542361679045   -0.075180913201473
   22   -0.657770576623617   -0.679011880054584    0.326007262607713
   23   -0.775451532928137   -0.386769090545364   -0.499083751166189
   24   -0.646804689631205   -0.171639286578508    0.743090606032603
   25   -0.456888721245796    0.775542366894929   -0.435645192271638
   26   -0.373031450183234   -0.739531262263557    0.560304425566194
   27   -0.358852323115492    0.391978087304611   -0.847099869712913
   28   -0.655205302939144    0.753545443102998    0.053621601795644
   29   -0.589529848791338    0.165173746627363    0.790678310572094
   30   -0.376155450779459   -0.901053853629085    0.215891245095947
   31   -0.349919825028737    0.910512401281036    0.220280010816461
   32   -0.755254702545504    0.361874572902876    0.546477014859054
   33   -0.160962866553612   -0.617967259245970   -0.769550142674841
   34    0.000484812897076    0.950762044595719    0.309921440872719
   35   -0.355204534681003   -0.431448270426838    0.829266017926541
   36    0.460410002105857    0.755457671515142   -0.466161277359890
   37   -0.576628346345497   -0.731958886383761   -0.362954458348017
   38   -0.059112790606318    0.997858660557355   -0.027995920013726
   39   -0.475977863265954    0.507589831175406    0.718190529712067
   40   -0.643765611233649   -0.181603663148977   -0.743361249544149
   41   -0.241556960725095    0.689765319474829   -0.682549660299558
   42   -0.323079397465061   -0.934802485920903   -0.147526320532010
   43   -0.348425586619623   -0.096874488030962    0.932316976225098
   44   -0.583478416858938    0.694215946250299    0.421446505539658
   45    0.024660850013147   -0.965719168530651   -0.258415034409955
   46    0.211919718682832    0.940871358067824   -0.264293625350667
   47   -0.094195928769598   -0.900871891926872    0.423741620966518
   48   -0.352071230264385   -0.334753287228881   -0.874062975711465
   49   -0.277086559905590    0.791668604188231    0.544503314464057
   50   -0.507636734196578   -0.557124528249258   -0.657204082547632
   51    0.104036987577932    0.798483875950804   -0.592958518837777
   52   -0.276681579706839   -0.827904674714022   -0.487874115974191
   53    0.341047197099579    0.583328467113726   -0.737166676407223
   54   -0.088642493662749   -0.653666724384615    0.751573231128902
   55   -0.416436907230173    0.051468631683360   -0.907706605819970
   56    0.534835000996448    0.833264965227916   -0.140075049287339
   57    0.331059604094539   -0.940662311797839   -0.074524852900979
   58   -0.273752877805378    0.259179895697584    0.926220893501903
   59    0.055744089055100   -0.821177759176507   -0.567943381305978
   60    0.358049813532871    0.831041995992826    0.425640143695746
   61   -0.037592555884816   -0.996076209074039    0.080118571247488
   62   -0.118310529870451   -0.115137265402877   -0.986278879748178
   63    0.010398087450172    0.527939679981908   -0.849218213463406
   64   -0.140960653083386    0.578274378718330    0.803572546320639
   65    0.314173291892445    0.112229943218691    0.942708641366246
   66    0.067688946113836    0.790084545553890    0.609249224415511
   67    0.066645194252995   -0.395791070811224   -0.915919126533061
   68    0.083406382649698    0.356917482270068    0.930404904427792
   69    0.269610473896139   -0.540234094713852    0.797155766004490
   70   -0.061350835585506    0.218851454818876   -0.973827559528185
   71    0.296655496983491    0.276271790411651   -0.914149557748741
   72    0.294990791401405    0.950613360585419    0.096512546670725
   73    0.437063845018733   -0.327360738154561   -0.837741095143566
   74    0.601017550822276    0.373692902438909   -0.706492404962982
   75    0.369716773861517   -0.832428354457768   -0.412762088642070
   76    0.286505998883224    0.586283012715380    0.757750975984395
   77    0.229809023908506   -0.062859576462204   -0.971203627555629
   78    0.259041964509632   -0.620087079461678   -0.740533101561083
   79    0.724424448218964    0.539609194269110   -0.428988503672173
   80    0.563995245983277   -0.586902667532353   -0.580908444896157
   81    0.587551225687593    0.593697977785590    0.549823852125668
   82    0.507288196566209   -0.692474215819434    0.512969927042379
   83    0.188498719403266   -0.792140824352060    0.580500772762765
   84    0.621523257007679    0.757199739924703    0.200891500209758
   85    0.552463837716025    0.020897724200516   -0.833274860498816
   86    0.629455153545890   -0.752490706738007   -0.193762602035210
   87    0.723062683548125   -0.253533774346140   -0.642573716336098
   88    0.519163279984995    0.334604861281745    0.786453479566240
   89    0.787186613266709    0.609852621951252   -0.091744293516664
   90    0.257674809235954   -0.928072146616018    0.268860155770154
   91    0.911502457187346    0.272889859347944   -0.307724544367994
   92    0.314209042522234   -0.227084133870743    0.921794702600007
   93    0.608786334925259   -0.032431857171843    0.792671037094617
   94    0.815688602050744    0.482695192682201    0.318837663154772
   95    0.805917338042331   -0.588112574388088    0.067976790814069
   96    0.569353252071199   -0.802010033758049    0.180601163084189
   97    0.938816111046172    0.342388913098815    0.037338208676281
   98    0.794240815730137    0.121379665569955   -0.595355778853664
   99    0.586530830930247   -0.389146922565313    0.710314195990915
  100    0.777333634382799    0.234232317445830    0.583855840358889
  101    0.766155982075943   -0.496773416353585    0.407702322698356
  102    0.794822232842192   -0.488811408401289   -0.359612326257737
  103    0.918384418359418   -0.113621816148973   -0.379025253788772
  104    0.941479563364735   -0.243110327264197    0.233481477946416
  105    0.821326344963594   -0.149386609819551    0.550551247274369
  106    0.944326095316520    0.108123340556406    0.310737137997983
  107    0.938504776417403   -0.329955923001292   -0.101675333872505
  108    0.998801605273399    0.013206869530440   -0.047126764163132
   
 U =    5212.97252230035     


 http://math-lab.ru/  - см. Задача Томсона
