    285
    1   -0.050755312348357    0.004838802077634    0.998699396346505
    2   -0.962421937293357   -0.149873186724175   -0.226455387477628
    3   -0.983276523758478   -0.070255085631673    0.168022322232287
    4   -0.928438835791964   -0.358672729109307   -0.096722291053015
    5   -0.790059168509612   -0.092200796084529   -0.606057359872215
    6   -0.849868574698810   -0.432223631174872    0.301506448344677
    7   -0.941158622643021   -0.305476688864979    0.144583676757716
    8   -0.886944274654052   -0.337861755268952   -0.314927432887292
    9   -0.984887566768473   -0.172309962592023   -0.017485926238344
   10   -0.997594652893196    0.032327794783198   -0.061317389078140
   11   -0.800335920119576   -0.307054232788606   -0.514956418634579
   12   -0.833015455592224   -0.524647509296054   -0.175585425744640
   13   -0.897085787217458   -0.123530909985747   -0.424237203284350
   14   -0.594973526353895   -0.095923534112636    0.798000738434090
   15   -0.910164927545164    0.272095363312871   -0.312352233752768
   16   -0.815306181441987    0.467345674001964   -0.341853552700766
   17   -0.875186281813859    0.091812050509400   -0.474994231024012
   18   -0.759782034989680   -0.650163980356096   -0.004249465196774
   19   -0.673281731503744   -0.265236212944145   -0.690174949825310
   20   -0.803588835287841   -0.333276440227852    0.493124526047714
   21   -0.958781144416137    0.064331840281854   -0.276767287514316
   22   -0.867498304685541   -0.492007029151184    0.073319674259631
   23   -0.767848962460594   -0.501991375429502   -0.398010841363128
   24   -0.917899577252964   -0.211037193077311    0.336041171907371
   25   -0.809150826627431    0.298281481857359   -0.506263861389615
   26   -0.542754403431698   -0.301841750740455    0.783778804935065
   27   -0.748216847237048    0.120095517815732   -0.652494150250577
   28   -0.931801843309296    0.351636071888271    0.089985541907493
   29   -0.938244365746264    0.029991749844653    0.344670864864796
   30   -0.715541782560442   -0.539924931754811    0.443261802414541
   31   -0.966999141597780    0.234709821716295   -0.099115890446796
   32   -0.981079848961124    0.144771520817831    0.128543909706023
   33   -0.506306003197837   -0.424657039578680   -0.750546887184340
   34   -0.837689776692820    0.543539654988051    0.053296167590220
   35   -0.719318698820495   -0.218746949625020    0.659340869017642
   36   -0.619001280887238    0.760933951301111   -0.194465770811310
   37   -0.701531911605118   -0.665666040910760   -0.254443901435787
   38   -0.893153552520366    0.429698678497891   -0.132799763996088
   39   -0.852724843802353    0.141090919629322    0.502945020017501
   40   -0.514769223155706   -0.217893596482188   -0.829177319699308
   41   -0.694906128220804    0.488766795015654   -0.527458522588551
   42   -0.620933616031809   -0.779554131565680   -0.082078014355497
   43   -0.855696456393022   -0.106036732785001    0.506497567434146
   44   -0.917752241601319    0.250235368788019    0.308404090834216
   45   -0.535233218063827   -0.780432937519761   -0.323186992800325
   46   -0.776028767646657    0.607980813420549   -0.167745886081591
   47   -0.648283747227101   -0.430552031455967    0.627975422520921
   48   -0.460394607625578    0.005514286699621   -0.887697244510472
   49   -0.848621211459151    0.454322928604862    0.270984715446286
   50   -0.656176386193595   -0.465172652188175   -0.594177544054076
   51   -0.671297493519533    0.641333461739344   -0.371552238652684
   52   -0.608044365288103   -0.638528797246486   -0.471765858163077
   53   -0.527169729853975    0.650789096225312   -0.546411592263495
   54   -0.347715499976080   -0.334256488819548    0.875994595165068
   55   -0.642785291590046   -0.046205415707328   -0.764651638639984
   56   -0.531902675234372    0.846538657346487   -0.021256662403243
   57   -0.451572603671161   -0.879113284186966   -0.152453327873337
   58   -0.757675881560405    0.005402218106608    0.652608668760377
   59   -0.408635267073107   -0.763498448663316   -0.500087329766313
   60   -0.593497539686780    0.779425695322720    0.200639616866744
   61   -0.753772632231866   -0.615738255247909    0.229550037949254
   62   -0.455810379581211    0.348823016555566   -0.818876914430433
   63   -0.359790851412253    0.594307385926164   -0.719269959245940
   64   -0.623711097334956    0.114440077495221    0.773232135729053
   65   -0.450707136667447    0.087369913628865    0.888385938176374
   66   -0.804985239471340    0.362881890597642    0.469377777179054
   67   -0.331960755156283   -0.159466815369016   -0.929716296421728
   68   -0.348285534772583    0.279612179949806    0.894714599798110
   69   -0.347315105668472   -0.670321592294605    0.655775251346163
   70   -0.664073598564965    0.318318805381580   -0.676520061660718
   71   -0.573483524381704    0.166465161362242   -0.802125923602637
   72   -0.704320270200088    0.709640411732377    0.018532215776249
   73   -0.330142063178018   -0.368137654997025   -0.869184034076704
   74   -0.536244657542792    0.490040144011448   -0.687242551443123
   75    0.165350806309744   -0.939597545389842    0.299692448270059
   76   -0.725188791283080    0.250277335351744    0.641453406263164
   77   -0.164886410319279    0.278869810152156   -0.946067704066534
   78   -0.467404714511379   -0.607683777991610   -0.642069512450467
   79   -0.119629136735528    0.587357238799291   -0.800437595115312
   80   -0.298445664970383   -0.555910998481478   -0.775817727837997
   81   -0.737327413689477    0.631380036184998    0.240223926637246
   82   -0.545034155634016   -0.620802457326034    0.563508720580501
   83   -0.460054712792111   -0.496577104181642    0.736044048165830
   84   -0.568110329016894    0.715759483552533    0.406126846895065
   85   -0.271586921455260    0.442276265915356   -0.854770290020906
   86   -0.325838175057243   -0.888724544498852   -0.322487469028913
   87   -0.351611968835015    0.189424634185303   -0.916780961481928
   88   -0.142221722521080    0.245332608609889    0.958949890659467
   89   -0.491528968729673    0.788965576165707   -0.368690374874444
   90   -0.623771221621054   -0.767485889848946    0.147901561723161
   91    0.104429819017091    0.600896819851602   -0.792475504222237
   92   -0.407805875325317   -0.127360329896463    0.904142529924799
   93   -0.203664480042515   -0.156588776248900    0.966437134386859
   94   -0.537810680276655    0.304775929183477    0.786047902592908
   95   -0.273181447754374   -0.958695129333183   -0.079218341283159
   96   -0.460124439376352   -0.885633533726615    0.062759415449058
   97   -0.704711423356710    0.552979287078941    0.444517398818343
   98   -0.049269434334052    0.111134117384115   -0.992583362138242
   99   -0.405694320933703   -0.780308505523075    0.475952470495203
  100   -0.256532413898140    0.061141455875516    0.964599835679551
  101   -0.444623514725600   -0.852429610633894    0.275088511333357
  102   -0.226210547942645    0.011638982266474   -0.974008892203397
  103   -0.147481152969161   -0.253059384094921   -0.956143429429072
  104   -0.193042900949721   -0.813940002612625    0.547938053560689
  105   -0.596915043864329   -0.714088676900988    0.365745528927207
  106   -0.030523493022692   -0.523787017721283    0.851302223913657
  107   -0.135334134602310   -0.959012875836381   -0.248955771155194
  108   -0.021906815425885    0.431096449546704   -0.902039878622959
  109   -0.242379449965144   -0.901844966230619    0.357670042244367
  110   -0.199719781173563    0.721132523895937   -0.663385176189112
  111   -0.175918617865475    0.968572709158316   -0.175839548913265
  112   -0.077160929061626   -0.641677969044535   -0.763082941146785
  113   -0.254764420237089   -0.523829746032329    0.812833000900533
  114   -0.408201735516546    0.891930117363680   -0.194504521440743
  115   -0.639393546135085    0.445283923286113    0.626815858784483
  116   -0.268969410655684   -0.952196858049363    0.144833006087892
  117   -0.133559960281648   -0.357297995631456    0.924391626599521
  118   -0.516213878702857    0.619948953230004    0.590920068049456
  119   -0.445628405488392    0.484451510697401    0.752809443355275
  120   -0.019012578266611   -0.907588320289025    0.419430521949228
  121   -0.421572629541151    0.893662980897222    0.153762786771216
  122   -0.093838016757540    0.994299631945636    0.050622806360218
  123    0.076815025999660   -0.666132495264171    0.741867205457824
  124   -0.350688606688417    0.770710946345088   -0.531998250300501
  125   -0.008561670487890   -0.105746625323504   -0.994356248550361
  126   -0.303566895633622    0.952756170701198   -0.010139973676286
  127   -0.250977468071510   -0.719589194455747   -0.647457876423589
  128   -0.271453493453137    0.891991573321793   -0.361474804121948
  129    0.058379974131955   -0.984880346320199   -0.163102673345834
  130   -0.195803784264245   -0.854223614663483   -0.481625263269125
  131    0.057793596322776   -0.331729137658118   -0.941602718481994
  132   -0.083502559668769   -0.996506905585372   -0.001144399157144
  133    0.126689748309333   -0.390710100398052    0.911753982782780
  134    0.061396629817051    0.182507162543401    0.981285681882429
  135    0.204732907396084    0.427255058051040   -0.880646099178863
  136   -0.118785718883043    0.852884871102760   -0.508406677408417
  137    0.160765567798121    0.042696826862679   -0.986068665553473
  138    0.110668106122302   -0.989408562958962    0.093932240635387
  139   -0.399202612025152    0.844885400814840    0.356098208423241
  140    0.014837898447165    0.748449032996103   -0.663026305493885
  141    0.162326798494006   -0.059547928788951    0.984938604516866
  142    0.107516924757661    0.864808653458375   -0.490454996706291
  143    0.101227564505495    0.258837105699391   -0.960602067922742
  144   -0.138343508723787   -0.685417411149552    0.714887435955506
  145   -0.065324961605614   -0.972459874710755    0.223728499455854
  146    0.188101636542160   -0.927293068505470   -0.323643846584284
  147    0.042089097220274    0.991858755181274   -0.120186179178121
  148    0.320665668560690    0.835367696849359   -0.446468744781897
  149    0.228959360295722    0.737533323866538   -0.635312684840583
  150    0.208666005173249   -0.178615148482877   -0.961537896818153
  151    0.234596744860592   -0.543716904129367    0.805814057624209
  152    0.405394493570839    0.377641605850137   -0.832491514739564
  153    0.032165290766419   -0.805278866837989    0.592023091352048
  154    0.020870023326227   -0.215041592422697    0.976381869790029
  155   -0.118787279308116   -0.460826473100814   -0.879504715145997
  156    0.117146617898855    0.987426182274055    0.106142378315843
  157    0.358801333444719   -0.011258595287148   -0.933346048982076
  158    0.265709943776885    0.116048633858829    0.957042810096593
  159   -0.226046327726845    0.948623046259936    0.221398676205904
  160    0.247022253238873   -0.967001542638998   -0.062354013011104
  161   -0.051390601603220    0.430054414996354    0.901339118317297
  162    0.263010705516223   -0.716097107694901    0.646552628279289
  163   -0.251861863639085    0.461978103119164    0.850377465530846
  164   -0.028994938467037   -0.792185201737240   -0.609591584334808
  165   -0.356100025989906    0.761317482392125    0.541838040833332
  166    0.144242394578643    0.366362868875490    0.919223792074345
  167   -0.302198764463859    0.638122988807789    0.708148965904443
  168    0.382963564334179   -0.402213038722052    0.831603018197044
  169   -0.188710290988765    0.883016960859985    0.429731861639942
  170    0.436949534738989   -0.734213899495736    0.519620105344901
  171    0.275076841343284   -0.240849878422903    0.930765312750897
  172    0.432012323576723   -0.579662899817309    0.690909744361179
  173   -0.097339237533486    0.620625244769556    0.778042015826349
  174    0.506057639683177   -0.232740996287456    0.830504240787134
  175   -0.141191943012585    0.774636585981087    0.616443829466965
  176   -0.001942902427145   -0.911643638773447   -0.410977007889819
  177    0.603130393422608   -0.582831548461524    0.544555887533899
  178   -0.022485390806070    0.959822873351156    0.279704234848579
  179    0.023746288034204    0.873228872924342    0.486731393374087
  180    0.187237779332587    0.938801003297152   -0.289127463584597
  181    0.323047460493920    0.575561097449375   -0.751245473444799
  182    0.177315192615967   -0.829949447583502   -0.528907588264152
  183   -0.031081075144143    0.943090232228652   -0.331081229674518
  184    0.266144289701342   -0.393164957015082   -0.880107114864263
  185    0.251977617131119    0.965041899569188   -0.072120819052595
  186    0.145816480521927   -0.695012539756725   -0.704056193488208
  187    0.522409403647526    0.517119239518096   -0.677994179252936
  188    0.376313682622320   -0.825248193049161   -0.421133508688541
  189    0.317586036106610    0.206766063478251   -0.925411748717185
  190    0.395261478574666    0.885995137795816   -0.242447889982864
  191    0.575638519533789   -0.416062243837808    0.703940696423780
  192    0.449205123801201    0.893024465907669   -0.026871174910477
  193    0.182351836064902    0.926929524928790    0.327947348973957
  194    0.434777083464871    0.690590465997500   -0.577973784844205
  195    0.357726579530163   -0.713236251225868   -0.602765082129781
  196    0.232590532645531    0.817713239826262    0.526542212492509
  197    0.524668921901647    0.757808523919965   -0.387877253090211
  198    0.098148386797617   -0.530105853199223   -0.842231962450339
  199    0.410738682584776   -0.238894679969192   -0.879899463865583
  200    0.109568622697847    0.572330588132751    0.812669929804048
  201    0.381454281788855    0.848814206843722    0.366069765434421
  202    0.538122826886142   -0.066372260077392   -0.840249097753926
  203    0.520918934619802    0.143539081393648   -0.841451124942642
  204    0.734080060126802   -0.405231385656832    0.544898145897814
  205    0.630405483471246    0.594796941769559   -0.498804094280474
  206    0.322562453479109    0.934042500672423    0.153356025454317
  207    0.732138939242096    0.660779778570560    0.165356154641126
  208    0.517570649194178    0.833952782530816    0.191424605528721
  209    0.069166410272488    0.741231380904453    0.667676604092502
  210    0.617260614073355    0.571631919422637    0.540579580645604
  211    0.477629384568968   -0.427859751586070   -0.767337086272373
  212    0.279984581366509    0.671366354183046    0.686203943932112
  213    0.396134630917242   -0.062837511588524    0.916039737852798
  214    0.854036628578751   -0.372932483906828    0.362688295224597
  215    0.441096703437089    0.716725612492966    0.540127850247991
  216    0.220011410496280   -0.847670378228039    0.482752430471531
  217    0.342329906190808    0.295446317198166    0.891920236894215
  218    0.741239831514731   -0.561129897930469    0.368370397595349
  219    0.310681331624473    0.492096605174116    0.813214634248643
  220    0.476363614936781    0.544136675430339    0.690646787305914
  221    0.588600334515257    0.787187089247878   -0.184081864207156
  222    0.516703593724321    0.346752355575645    0.782802784956156
  223    0.317997764149632   -0.569091135971792   -0.758295919120082
  224    0.486512756218219    0.129757915944333    0.863983924206195
  225    0.786063283650862    0.402522522256168    0.469126990454138
  226    0.390961783919910   -0.853924912083211    0.343454695757448
  227    0.369398698798946   -0.902845783132797   -0.220032027680000
  228    0.589108592801755   -0.722102302586170    0.362655939544478
  229    0.549571641527495   -0.801235971881653   -0.236626135901423
  230    0.553494712291284   -0.707700003548871   -0.439094874079072
  231    0.666727801766996    0.379226022070880    0.641608652166759
  232    0.685992008602994   -0.227785230446334    0.691034624981513
  233    0.709170119509732    0.639489838613259   -0.296867795331423
  234    0.584969704000939    0.317946892795537   -0.746136863291660
  235    0.604102191264215   -0.042612325502251    0.795766757426486
  236    0.329382983999906   -0.932239310913445    0.149788908264075
  237    0.536206649379163   -0.825683018469208    0.175299692450241
  238    0.461672483564736   -0.886777712989702   -0.021995582827511
  239    0.606653304838291   -0.257514105344415   -0.752102555026536
  240    0.639403862823342   -0.768280646119833   -0.030125554007845
  241    0.703815196600860    0.399247895601124   -0.587575771191909
  242    0.527626172210430   -0.583061594242260   -0.617778115279461
  243    0.576808504230091    0.732396369176977    0.361783786071496
  244    0.785763089071903   -0.617516308489965   -0.035355008147453
  245    0.667846794966990   -0.420995054970248   -0.613794609085904
  246    0.696141989467115   -0.037580414962378   -0.716919830184675
  247    0.798971153419830    0.196982867217796    0.568192613490921
  248    0.659680117469361    0.169318049901075    0.732225061434876
  249    0.826014176107230   -0.202056350405634    0.526188000747498
  250    0.724143488533254    0.587579638672422    0.361062842497639
  251    0.702728379355794   -0.558215954320501   -0.441098371330060
  252    0.704736648306145   -0.666690752253324   -0.242630784102343
  253    0.707391534183730   -0.685426995274305    0.172589256659929
  254    0.860638472910174    0.506846350532252    0.049073372606549
  255    0.628520852831293    0.777274818248992    0.028379472726261
  256    0.763645023837390   -0.017457677235043    0.645400268882767
  257    0.713193120537243    0.168245582187600   -0.680477036271398
  258    0.757133323426616    0.648427172931762   -0.079317917021888
  259    0.814969965357224   -0.373338176242316   -0.443218413116723
  260    0.884461404434131    0.018454790541880    0.466248265168310
  261    0.941472983374495    0.331421673292046   -0.061549135235421
  262    0.829703220961432   -0.500045388218630   -0.248087030792633
  263    0.925903415112867   -0.162595882812568    0.340977190988976
  264    0.765661346833038   -0.217426955661768   -0.605382706159892
  265    0.830357940071216    0.014922267011604   -0.557030535346063
  266    0.885002787452404   -0.160521898413790   -0.437038655419756
  267    0.850366174392955    0.458179303084991    0.258745233140328
  268    0.896005217968788    0.241820350382117    0.372421223232210
  269    0.791589770931022    0.460763263459458   -0.401351279558896
  270    0.829254031224260    0.243157519158050   -0.503201920281726
  271    0.852598283887924    0.487902737615760   -0.187155242882515
  272    0.896078006238385   -0.442040747892545   -0.040548538055519
  273    0.839686006382081   -0.515405844731195    0.171126344853838
  274    0.961022778218904    0.067714442823647    0.268048454532947
  275    0.904324024808374    0.303385221985342   -0.300258996926466
  276    0.967543466625402   -0.247821285966365   -0.049439360963470
  277    0.939530657103192    0.301612234165749    0.162210371323135
  278    0.932763850489197   -0.321816361471539    0.162437153107859
  279    0.922225053694414    0.084065005074380   -0.377404325969085
  280    0.974306594319062    0.144900257221740   -0.172425565747844
  281    0.917279220218631   -0.307162530367992   -0.253475860967141
  282    0.983716601565777   -0.108232828697118    0.143482760623351
  283    0.989373878971356    0.132359848512610    0.060168082160648
  284    0.962584573876863   -0.091599107991312   -0.255030471805809
  285    0.997531885833723   -0.039199426315756   -0.058254113344311
   
 U =    37956.7343417980     


 http://math-lab.ru/  - см. Задача Томсона
