    250
    1   -0.149825314117545    0.065014475912116    0.986572599037421
    2   -0.973375801524440   -0.106195159959390   -0.203130837166229
    3   -0.964808200418210   -0.038691302132174    0.260092521124871
    4   -0.955731587220167   -0.286803469104773   -0.065733578170428
    5   -0.836949814573533    0.155111217527512   -0.524838563829356
    6   -0.847474198230781   -0.446443400582650    0.287185956149137
    7   -0.949267961376007   -0.265832314935962    0.167998564996334
    8   -0.900825389344964   -0.275104176248060   -0.335903721507174
    9   -0.997244469543163   -0.066862870794487    0.032137586634581
   10   -0.980521176466398    0.163608336852687    0.108676283582240
   11   -0.876237977357982   -0.090606831093507   -0.473283645602492
   12   -0.869565915142915   -0.454741914504257   -0.192522493269403
   13   -0.939397766191197    0.072977775583633   -0.334971761714109
   14   -0.588326125524588   -0.096581347545838    0.802835234236426
   15   -0.933128398291228    0.350047649166574   -0.082085538405999
   16   -0.828762906962472    0.498076329135382   -0.255092168437481
   17   -0.904256266975884    0.293078162253095   -0.310525030303819
   18   -0.762779539178039   -0.642528289575932   -0.072971033334922
   19   -0.743098656871648    0.001973783844227   -0.669178967341988
   20   -0.772187963050465   -0.380415180648436    0.508930289973186
   21   -0.985016957284115    0.127811332128563   -0.115783665697134
   22   -0.877643866882225   -0.476172465243182    0.054781623453910
   23   -0.783582530421630   -0.416494429414326   -0.461010637930265
   24   -0.891231273055335   -0.226145032982454    0.393147862750813
   25   -0.783408464586062    0.378321270499159   -0.493096536088838
   26   -0.622021263224723   -0.310984015256532    0.718594802619143
   27   -0.687642768953517    0.244348509045880   -0.683696737181768
   28   -0.842962282091518    0.396928451643466    0.363128620803951
   29   -0.817986633681573    0.200239213793668    0.539260720224996
   30   -0.701983425856506   -0.596481801425205    0.389138446303247
   31   -0.912477155662053    0.382168809502750    0.146056295441656
   32   -0.925957874912278    0.183329631417723    0.330139758484463
   33   -0.621165898465684   -0.373094973180744   -0.689168388400527
   34   -0.784341865879692    0.578067040845954    0.225047403264213
   35   -0.768509449973468   -0.168986601507863    0.617119724050610
   36   -0.561221132370186    0.823631054275635   -0.081625529180104
   37   -0.742851279097808   -0.593064246365011   -0.310558813795798
   38   -0.833576474148672    0.552272716930188   -0.012046073236425
   39   -0.641599958600189    0.272781462408177    0.716895924727357
   40   -0.607858248189588   -0.149681762501852   -0.779810053847874
   41   -0.613618079544023    0.465275310689727   -0.637959040784974
   42   -0.602266091382549   -0.776281809164665   -0.186177624678213
   43   -0.875551649553802   -0.012150430010098    0.482971713472110
   44   -0.725068090012086    0.406224396143093    0.556109705745553
   45   -0.574569046648604   -0.713935496480788   -0.400208092744319
   46   -0.714210422620142    0.677416619100470   -0.176097122029993
   47   -0.617075033147368   -0.513297914157255    0.596442499146385
   48   -0.419341149460617   -0.078928528872611   -0.904391114341054
   49   -0.678136089870885    0.591570162608454    0.436091947100649
   50   -0.766489148912012   -0.231191908585796   -0.599203376162548
   51   -0.694128748468892    0.576916217254872   -0.430526374125139
   52   -0.624699990079939   -0.554230134585838   -0.550071704699568
   53   -0.500426943325763    0.659652160910615   -0.560742276807795
   54   -0.440541714880637   -0.439771630918871    0.782639067571370
   55   -0.568944978770517    0.088076097609905   -0.817645529653056
   56   -0.340063252514899    0.939780955657725   -0.034186834776590
   57   -0.403645335053839   -0.851474975919171   -0.334754848915921
   58   -0.723313861889416    0.048944751288707    0.688782598880014
   59   -0.415454148238799   -0.717232121576457   -0.559442521167374
   60   -0.481034632709368    0.865616314721872    0.138975097846659
   61   -0.747568304356033   -0.643665316202932    0.163818774991225
   62   -0.124257794524613    0.214742706016670   -0.968734004106657
   63   -0.408714416712671    0.532772187362023   -0.741017086135472
   64   -0.526276131729510    0.127995385969414    0.840625133066080
   65   -0.369273894134679   -0.013214228655426    0.929226654413040
   66   -0.553533962383893    0.519164452430722    0.651205362247498
   67   -0.446139659576235   -0.318309174028158   -0.836444065005374
   68   -0.322206391227642    0.225476171406578    0.919425656363738
   69   -0.288270614936314   -0.777796885347467    0.558508780332073
   70   -0.499124885442081    0.322242464668587   -0.804384325243067
   71   -0.363232666879444    0.159875805466129   -0.917878944381122
   72   -0.687535721008521    0.722174998319054    0.075880854898772
   73   -0.266229989873423   -0.480233282375437   -0.835761680738541
   74   -0.278120427258155    0.378619348860617   -0.882777671109835
   75    0.257496207148236   -0.951090738495659    0.170652015669474
   76   -0.452427652929060    0.379672182215053    0.806943773082835
   77    0.045145725271379    0.047381644678486   -0.997856123515451
   78   -0.450263889720787   -0.538182116757338   -0.712476272458317
   79   -0.183222001532623    0.578212071739291   -0.795047481757748
   80   -0.240861486433142   -0.675535228112593   -0.696877248826566
   81   -0.596188090825548    0.746360929934096    0.295812647846065
   82   -0.516625081747114   -0.719374599657830    0.464326081840041
   83   -0.430417469752299   -0.625182750021315    0.651066302927601
   84   -0.384557364313513    0.849490874675977    0.361221382803521
   85   -0.036564127069517    0.421374442210900   -0.906149349755932
   86   -0.227873813958605   -0.841248699496855   -0.490279665606080
   87   -0.205687672397617   -0.004699251268057   -0.978606406304992
   88   -0.104491248405912    0.297989719194313    0.948832812597176
   89   -0.570964547561361    0.744265702135058   -0.346508369384434
   90   -0.599567691939785   -0.799521915730548    0.035823024000696
   91    0.204037682435403    0.444771480873584   -0.872093431891279
   92   -0.419455948396384   -0.233925641328435    0.877117723959544
   93   -0.231955723122806   -0.396269935141197    0.888350539490897
   94   -0.240737372359610    0.463885275686863    0.852558483947180
   95   -0.212750071059785   -0.944217002948952   -0.251379511110502
   96   -0.414391981255892   -0.903974815689041   -0.105398379829957
   97   -0.483991108371552    0.705081652786021    0.518278371072737
   98   -0.037736483993044   -0.165554508313063   -0.985478392737792
   99   -0.360270205759645   -0.865655805382548    0.347628257553086
  100   -0.198393437736162   -0.175644477767368    0.964255703272247
  101   -0.398414667681071   -0.908737327611127    0.124347183252255
  102   -0.250950101930796   -0.247357826570909   -0.935862250534254
  103   -0.068362048795217   -0.406649465732527   -0.911022964751148
  104   -0.133289901078270   -0.890671282022147    0.434670530001253
  105   -0.571984088750771   -0.779272996357297    0.256062100601145
  106   -0.037628188944722   -0.543685549070033    0.838445074604865
  107   -0.029071943007209   -0.917428085695757   -0.396838165637334
  108    0.128965067399236    0.251587578367236   -0.959203681082397
  109   -0.176321561158452   -0.960468678189927    0.215431254201289
  110   -0.274862274115731    0.717568333691757   -0.639958136717366
  111   -0.206691178251492    0.945646092082780   -0.251062194210073
  112    0.170274572160130   -0.690387447811177   -0.703115738680663
  113   -0.084428213553655   -0.745999926311059    0.660572468923761
  114   -0.417331431520395    0.874871715104829   -0.245833192174437
  115   -0.354631425362230    0.609054622788440    0.709428656459255
  116   -0.204485265130903   -0.978743218150863   -0.015731791634647
  117   -0.238556709253607   -0.602248818030525    0.761831384002344
  118   -0.263860235454999    0.782458089512641    0.564036447671479
  119   -0.132359223580332    0.668361098580695    0.731966172604457
  120    0.059295967925817   -0.950276920261754    0.305708624355900
  121   -0.254769179365068    0.949227759570500    0.184551688440989
  122    0.118930599655358    0.992456652429806   -0.029754083979185
  123    0.121966442872825   -0.673528584825573    0.729029102461494
  124   -0.351364952029491    0.818337301689617   -0.454826044932204
  125    0.133958172852404   -0.310380550060439   -0.941126517568294
  126   -0.115553660843351    0.992967292122245   -0.025754771230132
  127   -0.045943386375465   -0.781953196010742   -0.621641701060137
  128   -0.129423650362190    0.878924929202175   -0.459064796683298
  129    0.182990496802048   -0.938138373146647   -0.293957260345620
  130    0.152701635239836   -0.837952053663969   -0.523945194037904
  131    0.168836489138563   -0.510943210051726   -0.842870853712122
  132   -0.003696605267657   -0.987717908194947   -0.156203933818883
  133   -0.007988871165043   -0.333889831332457    0.942578250582036
  134    0.082019428570113    0.139718357198489    0.986788525469762
  135    0.384956037157626    0.299470863798705   -0.872998311104640
  136   -0.049771808272872    0.767650492687766   -0.638933085837225
  137    0.223045310760698   -0.106216543240491   -0.969004042968709
  138    0.213953261656485   -0.975424902960692   -0.052633264298131
  139   -0.153072666909180    0.906307594046276    0.393922966605606
  140    0.040021730955331    0.616993054429072   -0.785950273132864
  141    0.209211466736062   -0.251118034268920    0.945076872561729
  142    0.180020510409841    0.775976116951543   -0.604527651768375
  143    0.307204539662679    0.099640572187392   -0.946412767868656
  144    0.073104085420759   -0.848219082005684    0.524576192384127
  145    0.019854593691778   -0.996471597485800    0.081548455003346
  146    0.389865671504229   -0.903253309409850   -0.179271350814092
  147    0.013046377353698    0.970986148281553   -0.238779588498052
  148    0.423741920994368    0.687085436155349   -0.590217237816057
  149    0.262085098102708    0.619423511189896   -0.740017510020996
  150    0.350503761293425   -0.320331922372353   -0.880076458512779
  151    0.184504507390352   -0.479366249465704    0.858001215398806
  152    0.530559262323815    0.110466631666948   -0.840418938655340
  153    0.280533964382065   -0.878970294182620    0.385631840973486
  154    0.021628241593232   -0.100791362095474    0.994672468952732
  155   -0.041833677970790   -0.607684797175015   -0.793075740815338
  156    0.352489265732076    0.935524884574697   -0.023334692737687
  157    0.447638771610492   -0.101244666733216   -0.888464432382709
  158    0.239651172488474   -0.011485756337172    0.970791117041283
  159   -0.022658210346416    0.981630583443593    0.189441292098871
  160    0.446097908609186   -0.893599274764926    0.049769388926409
  161    0.124547433060240    0.351102709182741    0.928016607891607
  162    0.275345241423206   -0.764087185134022    0.583400181298877
  163   -0.010840325537709    0.516925979222509    0.855961459031356
  164    0.378503834342389   -0.694239500235783   -0.612181642733984
  165   -0.023500725155984    0.813425566075142    0.581194084942782
  166    0.324667695131413    0.263647449012861    0.908339644828446
  167    0.113820312879563    0.672819123818410    0.730998880300254
  168    0.387934928655328   -0.383013656959219    0.838335869274309
  169    0.079764894378317    0.916112320530343    0.392906830937470
  170    0.473548872267636   -0.728596174242788    0.494872792192926
  171    0.424221722052875   -0.160482703925144    0.891224568938361
  172    0.356629853963667   -0.601815710013103    0.714585892978079
  173    0.252780046145193    0.508471494557270    0.823139713228277
  174    0.613477219400542   -0.028510435748513    0.789197602841018
  175    0.217061676913337    0.795012107886629    0.566427379925467
  176    0.351167375561141   -0.832627468040140   -0.428267409227653
  177    0.631083008125968   -0.575574181872603    0.520046726762473
  178    0.210181362448752    0.961417724094960    0.177481702367467
  179    0.307821910740398    0.875763456633484    0.371865619940190
  180    0.339231290064594    0.836936492828996   -0.429487414032369
  181    0.445265904718353    0.488563697376257   -0.750362437560269
  182    0.570488983254887   -0.652140273984735   -0.499254827750238
  183    0.099564317040861    0.894795220827658   -0.435233798729107
  184    0.549719972915631   -0.299751623774082   -0.779715919692832
  185    0.245906909176177    0.939903084779780   -0.236879680937121
  186    0.580340884766317   -0.487987527352067   -0.651975943281241
  187    0.595824524756707    0.318429892736041   -0.737289318456844
  188    0.533354903777437   -0.783610841492259   -0.318569608896321
  189    0.650066150158527   -0.089991955786310   -0.754529951898416
  190    0.559300380065660    0.720503683032246   -0.409948201112504
  191    0.594954708894269   -0.261663053444189    0.759974565907833
  192    0.466600518055153    0.854901128546360   -0.226777461315763
  193    0.439256557991106    0.877107275047464    0.194258859053115
  194    0.607110031685793    0.535446661758196   -0.587123736395046
  195    0.709766458281074   -0.642069589204212   -0.289789953791145
  196    0.457434011508078    0.753519296216403    0.472189363862808
  197    0.729932759635027    0.558685022635899   -0.393788283083586
  198    0.384417990397866   -0.521189937750893   -0.761960535359730
  199    0.726167276937193   -0.292001653138974   -0.622427602593047
  200    0.459559302780846    0.422235545118694    0.781359323017203
  201    0.614642305442146    0.755680099012440    0.226191123427318
  202    0.811865911700061   -0.079849992316507   -0.578357778668605
  203    0.715749392045841    0.124541561103115   -0.687162431557495
  204    0.537509047003959   -0.482305126291252    0.691712215839850
  205    0.747314613657974    0.351298618078395   -0.564012543432717
  206    0.563007226003485    0.826418683028938   -0.007417803487339
  207    0.661880764439532    0.721969316026723   -0.201678358732032
  208    0.737516416290093    0.674797355153731    0.026796738237099
  209    0.363340200018665    0.646518910537974    0.670818304287522
  210    0.779327191614574    0.577300102671001    0.243667231826917
  211    0.859172163494147   -0.283754763756335   -0.425800924755187
  212    0.562203923507025    0.550548003054415    0.617109102773653
  213    0.430896494401282    0.071900399155189    0.899532402814935
  214    0.724329611628010   -0.363901630033402    0.585595609083478
  215    0.637217786283756    0.646188368306707    0.419992958879962
  216    0.476613200868460   -0.835001410603433    0.274977273694023
  217    0.566104981070897    0.217377651482826    0.795155398046527
  218    0.793637838104523   -0.477141509422732    0.377458556552340
  219    0.677066116110601    0.345491628185926    0.649782278358178
  220    0.755287838205086    0.458099576704612    0.468705727810684
  221    0.813519403565910    0.554615488984334   -0.174893794631010
  222    0.840125051453304    0.233967249286468    0.489335492460855
  223    0.740371345972713   -0.481144580266013   -0.469414702521338
  224    0.745657658794020    0.109979852025839    0.657190298186298
  225    0.874713494218967    0.481451621299248    0.055503507813209
  226    0.656608856035302   -0.681711077336026    0.322699267450929
  227    0.603517241603160   -0.790588104651635   -0.103621367830429
  228    0.909733938343989   -0.355232517295133    0.214927941602059
  229    0.775732074475589   -0.627857481805215   -0.063519533775163
  230    0.901353193668837   -0.432800329615454   -0.015693786915303
  231    0.881015936785699    0.370202100089040    0.294552752863188
  232    0.762005010198670   -0.133767702903399    0.633604423983981
  233    0.856053070940217    0.367517797057216   -0.363460876271485
  234    0.850680866643997    0.145286952412654   -0.505206655324791
  235    0.877652321263705   -0.008025355268407    0.479230629919714
  236    0.645906538461137   -0.755128908013052    0.112183224486408
  237    0.862593044762930   -0.251976761119795    0.438680921607261
  238    0.804949670586121   -0.570986237689097    0.161340460495639
  239    0.924537877775430   -0.068751851513995   -0.374837158606109
  240    0.975823018524815   -0.215196357145648    0.038209480346652
  241    0.940873530010799    0.154057240717915   -0.301700790697339
  242    0.847536132621454   -0.468392771388300   -0.249581080236980
  243    0.922298506993669    0.359893711722309   -0.140861564168472
  244    0.953211551516375   -0.124218840788019    0.275603733009962
  245    0.941122510112860   -0.271206028596187   -0.201830897069685
  246    0.987039661833072   -0.061007471298771   -0.148427741390163
  247    0.957082294318409    0.268336810252102    0.109493553079342
  248    0.944733732253284    0.127246356634969    0.302136624502735
  249    0.994912957680780    0.011971181240489    0.100024484295543
  250    0.985080013275414    0.152178950026893   -0.080367497248715
   
 U =    29068.1808688691     


 http://math-lab.ru/  - см. Задача Томсона
