    185
    1   -0.127284492402811   -0.010653003230149    0.991809039843829
    2   -0.993031953027887   -0.101256441544099   -0.060288251852641
    3   -0.916044869106000    0.122348899366731    0.381958825802365
    4   -0.934866959112940   -0.353031976914706    0.037312089657627
    5   -0.875879321470851    0.204319696622344   -0.437137136139124
    6   -0.872302471543226   -0.379241849794153    0.308648695938098
    7   -0.970569375987912   -0.124991151383672    0.205845326568807
    8   -0.922586683795478   -0.304017894844520   -0.237501432622140
    9   -0.982044933716627    0.138506207724027    0.128077236788640
   10   -0.920327740658319    0.389793052562624    0.032530385006415
   11   -0.843399526762343   -0.212685352980737   -0.493398600407942
   12   -0.822473929251567   -0.551545346835059   -0.139048071133990
   13   -0.942416446682680   -0.034109816222256   -0.332697702816347
   14   -0.571519828986625   -0.009810757756522    0.820529605868881
   15   -0.791783601291845    0.595644689927977   -0.135226225584836
   16   -0.646043145633715    0.681513662014201   -0.343754829009990
   17   -0.893440896907005    0.381267574364111   -0.237483474104019
   18   -0.654320531707006   -0.752926091024915   -0.070476543903638
   19   -0.791388309233200    0.027657015454831   -0.610687836382180
   20   -0.734584983159089   -0.392771288762148    0.553277161322680
   21   -0.977901707127117    0.154036562778399   -0.141354124542892
   22   -0.805888967251826   -0.577793219587966    0.129220617008119
   23   -0.780878854176031   -0.485687395759422   -0.392856167956109
   24   -0.880632644746258   -0.144611338610628    0.451191429165553
   25   -0.762050426984897    0.468295421842703   -0.447189607005016
   26   -0.536870300912966   -0.296005513061441    0.790032288096413
   27   -0.701373115448244    0.290717564131100   -0.650814144615884
   28   -0.782220684859351    0.606325547381768    0.143178667301965
   29   -0.771131504112602    0.347009479604987    0.533798299387805
   30   -0.698631542358858   -0.595307867691371    0.396891056445010
   31   -0.630204643487274    0.775428631127650   -0.039402352145221
   32   -0.877825773643753    0.379540274769035    0.292183317379676
   33   -0.479938633446012   -0.387851492365112   -0.786911766334784
   34   -0.418425809615606    0.905890610645381    0.065437324151158
   35   -0.727310979745272   -0.160454099981249    0.667287959235876
   36    0.007936268892717    0.991933658984500   -0.126509413917239
   37   -0.630633647646458   -0.700881865562675   -0.333265379212285
   38   -0.467041715788587    0.851078299274830   -0.239870307075959
   39   -0.574284127936945    0.513065380297409    0.637935463773552
   40   -0.650930489695534   -0.153232632289599   -0.743511437697049
   41   -0.571753155740866    0.542987206485450   -0.615031074412902
   42   -0.436621892858729   -0.868485588704543   -0.234721334541588
   43   -0.784787818114428    0.089914557804035    0.613207512049633
   44   -0.703860888242927    0.583898458957433    0.404527427536147
   45   -0.387458902222418   -0.780797945708254   -0.490132805539855
   46   -0.219029598872094    0.899030190561637   -0.379171137188257
   47   -0.526706121633406   -0.529855367881394    0.664705912837526
   48   -0.427555158477505   -0.129505075860559   -0.894664753852317
   49   -0.583400111388684    0.776258635693961    0.238886668824825
   50   -0.687486054466744   -0.381218216448113   -0.618090281724174
   51   -0.433631613750980    0.747928625551675   -0.502559841845827
   52   -0.554366145415566   -0.599754142777550   -0.577038252664633
   53   -0.183253480348401    0.775132797902854   -0.604638162503403
   54   -0.314368748467001   -0.438259203231284    0.842081445449531
   55   -0.580911219229433    0.100359412844272   -0.807756240227784
   56    0.142182732295240    0.982274740521052    0.122149108762035
   57   -0.191907837904428   -0.916406394108551   -0.351241658388939
   58   -0.613775529978711    0.248686992545954    0.749289248913797
   59   -0.148455100835502   -0.775599173057774   -0.613520175534609
   60   -0.139342669373083    0.982507925596285    0.123538644287807
   61   -0.621856324110888   -0.757465672437968    0.198847849476404
   62   -0.176804830591169   -0.101046843116038   -0.979045242762514
   63   -0.336357197963055    0.586745616136438   -0.736609406214117
   64   -0.408408243743037    0.386361036172321    0.826999308446252
   65   -0.374448459416459    0.127154456103173    0.918487939786771
   66   -0.474999058284078    0.737355475189760    0.480294490741797
   67   -0.245746092483172   -0.359421572892739   -0.900236075131719
   68   -0.151006417776735    0.262656905396622    0.952999691415327
   69   -0.020714060763748   -0.774682984919068    0.632010443397544
   70   -0.475050722845107    0.354125041349805   -0.805557115177652
   71   -0.337349488088272    0.135217720612076   -0.931617674219986
   72   -0.248539768284674    0.960208390492208   -0.127388501872670
   73   -0.076791281221346   -0.562417578779688   -0.823279761811243
   74   -0.216740730276613    0.387874624884284   -0.895866469519892
   75    0.722954722726938   -0.685100716270951   -0.089294330457463
   76   -0.338282132906332    0.644578110001894    0.685626909231784
   77    0.086295472816132   -0.066856071213134   -0.994023821200169
   78   -0.324847278127816   -0.603148227121214   -0.728482300411950
   79   -0.065715884626046    0.610598189927698   -0.789209270703807
   80    0.101143773693232   -0.714345129697695   -0.692445646040377
   81   -0.317192842417570    0.894171278308540    0.315984850534220
   82   -0.482099107258696   -0.722338161757047    0.495790309354488
   83   -0.280133625777237   -0.671162322284199    0.686342690538029
   84   -0.015762336359324    0.935279787955060    0.353558010792054
   85   -0.070439463016427    0.163282738521096   -0.984061496732297
   86    0.049492869961392   -0.889364686647908   -0.454511726984743
   87    0.018486029175290   -0.327512538535586   -0.944665974737794
   88    0.074373669933412    0.444469656386765    0.892701115588004
   89    0.043296790992329    0.923782212463662   -0.380462628684484
   90   -0.434373897961432   -0.900363906373800    0.025771163518613
   91    0.060181542373834    0.403951378980076   -0.912798699263754
   92   -0.345905561792410   -0.157592875692133    0.924939904995001
   93   -0.104655722593097   -0.291939781085252    0.950693612026720
   94   -0.176485486155500    0.504389415537624    0.845248005422119
   95    0.048768011621829   -0.980235779761494   -0.191727663934628
   96   -0.195666356209289   -0.977017720233760   -0.084563889438730
   97   -0.188074491000175    0.823338803741742    0.535482212672038
   98    0.289317914451278   -0.277226834699926   -0.916209815762647
   99   -0.217255276951290   -0.851119769606215    0.477907190176379
  100    0.119614478578608   -0.119418181762595    0.985612334733532
  101   -0.187159963331031   -0.964561812793205    0.185988326050355
  102    0.208270256832764   -0.512730266946249   -0.832905260804638
  103    0.406594285632913   -0.612496929079752   -0.677885387627240
  104    0.216300808932813   -0.836286250907488    0.503824638736643
  105   -0.404480208196772   -0.866629029139751    0.292147029814422
  106    0.142512027540239   -0.394141839805497    0.907933109937680
  107    0.298232692170640   -0.907677244409185   -0.295261377938939
  108    0.211328955659500    0.197276082285974   -0.957299441062076
  109    0.016465406454987   -0.931430003427014    0.363547849816533
  110    0.077074020536818    0.790144611201908   -0.608055169163848
  111    0.416982600213316    0.904953227448520    0.084765365862772
  112    0.722195879721909   -0.242757231126566   -0.647689769911846
  113    0.170191493091729   -0.639007504872729    0.750136163903286
  114    0.265455401580812    0.955143567401123   -0.131279074584738
  115   -0.044164649347024    0.691447661604556    0.721075318541444
  116    0.058326592397999   -0.994164212349255    0.090749807180089
  117   -0.072500771372147   -0.555375856329834    0.828433036736432
  118    0.118019848131714    0.823311101120503    0.555184785651329
  119    0.214128618647836    0.626649153849919    0.749306194192435
  120    0.502900862101525   -0.776701114341290    0.379244119108711
  121    0.276084185414962    0.899291880381215    0.339192624395307
  122    0.650356640019350    0.759146762620068    0.027063510234470
  123    0.381390967502636   -0.475931635819708    0.792483443318143
  124    0.304127618901327    0.874209270995630   -0.378503027632141
  125    0.494897236499377   -0.382901463893759   -0.780040508084866
  126    0.528339076876099    0.794447059917180    0.299519095943247
  127    0.289835236039039   -0.795776229636741   -0.531728998922692
  128    0.511076032123001    0.839074846611990   -0.186426101103026
  129    0.527371666592781   -0.830966175579977   -0.177128033685071
  130    0.524648251045853   -0.733879954492169   -0.431467756696951
  131    0.558429347825915   -0.125465957528458   -0.820009120064033
  132    0.286580125005663   -0.957442885313050   -0.034277592026868
  133    0.361480344557053   -0.218512570881346    0.906412829159947
  134    0.097430034993092    0.170734886117282    0.980488137074469
  135    0.370293113232836    0.385528049677573   -0.845133796037137
  136    0.546304914421166    0.716143732008473   -0.434383581163307
  137    0.345692122644527   -0.024436294680015   -0.938029756374409
  138    0.492411912966189   -0.865243093762361    0.094259729818815
  139    0.379359842471605    0.744514482372824    0.549348974202233
  140    0.209732850200254    0.588455429827891   -0.780853596170851
  141    0.583019421944567   -0.310472156871292    0.750796506014187
  142    0.331668097399298    0.731803617659513   -0.595365214257584
  143    0.511368971107790    0.160090295107809   -0.844317992702071
  144    0.395173891996952   -0.690409416217933    0.605947549777696
  145    0.284734222958240   -0.923088938867712    0.258521243259521
  146    0.724605836666527   -0.599764782937152   -0.339453364421614
  147    0.718590444286670    0.652686974298434   -0.240057257672086
  148    0.713539260578738    0.502600485604756   -0.488113178968373
  149    0.502099426522402    0.544853709512420   -0.671588118653413
  150    0.724014975429253    0.049966070784896   -0.687972170312504
  151    0.596609905036753   -0.541132237097601    0.592648735074818
  152    0.646978601906974    0.323656006078789   -0.690409645358192
  153    0.677216103677646   -0.715439282127434    0.171828351876663
  154    0.332513703945878    0.064529778938385    0.940888167806545
  155    0.640853159459513   -0.504209321426609   -0.578861113046367
  156    0.834837116147321    0.549561750466361   -0.032076033532423
  157    0.828930727097401    0.235615227424704   -0.507305937555809
  158    0.556617632474964   -0.035011736846584    0.830030715998481
  159    0.740691150468915    0.627759470484269    0.239363044002923
  160    0.876053568591728   -0.448558520770102   -0.176989825702601
  161    0.312240114481871    0.348066836268922    0.883943204282997
  162    0.732129053568040   -0.570667103557077    0.371922177127612
  163    0.450263318483700    0.523643774505326    0.723228968895647
  164    0.868900538389413   -0.060868374978713   -0.491229982100073
  165    0.609698168688999    0.620843965773984    0.492768620408517
  166    0.534930857178508    0.230227987689918    0.812923152408958
  167    0.660281039450273    0.392338490601171    0.640390082477283
  168    0.775236238210129   -0.343069911646485    0.530388358364587
  169    0.800764213091821    0.422323472034341    0.424758237118831
  170    0.850787474260900   -0.516975709513305    0.094322793713788
  171    0.742623585195163   -0.109657521911764    0.660670446289263
  172    0.892594566323688   -0.345202016010586    0.290018117212794
  173    0.750719333792042    0.146564434427995    0.644157859869484
  174    0.974222872217299   -0.100714046903759    0.201857563655525
  175    0.890541008114115   -0.089171628762219    0.446077497180690
  176    0.831842186080662   -0.349513810771144   -0.431136490611474
  177    0.961540397685661   -0.274634768725253    0.003975855345459
  178    0.896214081645776    0.405321034484600    0.180319657453513
  179    0.890455110874628    0.174675896840959    0.420211882959133
  180    0.865163088556208    0.410139395455909   -0.288580156100423
  181    0.946362304358101    0.122106317736626   -0.299146178412540
  182    0.949906387976162   -0.174890859487397   -0.259019384119877
  183    0.954795288793810    0.288024642654010   -0.073537485143119
  184    0.998070457347720    0.004287921735150   -0.061943328106474
  185    0.972817034748151    0.156197234954624    0.170966197525547
   
 U =    15723.9092329613     


 http://math-lab.ru/  - см. Задача Томсона
