    198
    1   -0.058833735878210   -0.009954600981121    0.998218161246288
    2   -0.998086373742094   -0.033221342024611   -0.052152976755322
    3   -0.920898920642846    0.079711977063184    0.381564121310586
    4   -0.959432259415740   -0.281210115221644    0.020263531020978
    5   -0.808626146482718    0.114019121047529   -0.577168428849031
    6   -0.889763997801095   -0.342966716575709    0.301154212220734
    7   -0.970709536620101   -0.106424454434726    0.215399236333512
    8   -0.941575896394998   -0.232091150896516   -0.244066648691473
    9   -0.978059947602520    0.160362044673085    0.132976514934119
   10   -0.904183695007522    0.427063425152741    0.008287133361657
   11   -0.846279646423375   -0.134018936782231   -0.515606133238626
   12   -0.865048014365087   -0.471296838155814   -0.171962854091670
   13   -0.947850994074264    0.006888601410744   -0.318639357586336
   14   -0.565125671742264    0.005797772607837    0.824984461047990
   15   -0.851028278842640    0.457920701213131   -0.257020427224389
   16   -0.684773727082009    0.601049707003050   -0.412097309393987
   17   -0.894127548497456    0.244190839747546   -0.375375493075025
   18   -0.722614112193202   -0.684509873461031   -0.096307206343003
   19   -0.670728783381575   -0.022659017627383   -0.741356505376215
   20   -0.735834172777537   -0.388989769568344    0.554287857835587
   21   -0.967652118395147    0.219000211417338   -0.125252884855179
   22   -0.860051424485194   -0.501559116912893    0.093541431903455
   23   -0.821834474583035   -0.376817125803567   -0.427313643695079
   24   -0.860383285495766   -0.164360493345265    0.482417070870022
   25   -0.750500495901069    0.385757822648235   -0.536600324187325
   26   -0.441675469694899   -0.226167163245684    0.868199973358207
   27   -0.629674417463570    0.247129423123930   -0.736503344336159
   28   -0.777871331527085    0.613838453135602    0.134605144925337
   29   -0.821923149769838    0.274730562470334    0.498964381411301
   30   -0.746714560954122   -0.555317316967354    0.366114793384906
   31   -0.754644827858334    0.644043967940828   -0.125373646137052
   32   -0.894093034989046    0.363117406227723    0.262189614741941
   33   -0.478389767012171   -0.409606391696108   -0.776766267740647
   34   -0.603267293811333    0.797076854503020    0.027148853256102
   35   -0.674886556825307   -0.198523968640301    0.710715392609296
   36   -0.153921001331494    0.968107177070978   -0.197678575097991
   37   -0.708212608584911   -0.617864462862724   -0.341582210562426
   38   -0.574228093797982    0.777078219188239   -0.257704360763203
   39   -0.665390366391990    0.449750415510001    0.595802168560434
   40   -0.487227694525931   -0.171766158527842   -0.856215837550050
   41   -0.556747002673016    0.498938030533374   -0.664148791086825
   42   -0.527790858420588   -0.828541268198696   -0.186965709849041
   43   -0.779546694268004    0.032152792355376    0.625518304607930
   44   -0.748692245357470    0.545196049206515    0.377122247648156
   45   -0.503845735403248   -0.750532130843971   -0.427599106040657
   46   -0.353980462296635    0.861776373437950   -0.363372143258665
   47   -0.528587860783917   -0.432802070519521    0.730258338662351
   48   -0.263736402801468   -0.083688238787811   -0.960957537316783
   49   -0.593964401253894    0.749436898417282    0.292490385027932
   50   -0.688860393208675   -0.271595161890576   -0.672091829072502
   51   -0.472904355191888    0.703964622069255   -0.529901199956591
   52   -0.648400195699983   -0.506783979811428   -0.568108426290893
   53   -0.220999042578168    0.761288399738554   -0.609589530424404
   54   -0.282881860214403   -0.441065741974730    0.851726989368025
   55   -0.462336703967267    0.092325286081952   -0.881884807508651
   56    0.046948820957140    0.987739105544503    0.148886760959061
   57   -0.302723983453483   -0.899629845725370   -0.314681315813639
   58   -0.648399405441090    0.231323683633637    0.725305152617715
   59   -0.257569105390014   -0.786083419954664   -0.561899468607122
   60   -0.189781765901467    0.980425920373360    0.052420377634754
   61   -0.706041272809765   -0.690932859131239    0.155298117380407
   62   -0.026751685735540   -0.001963505768682   -0.999640181242933
   63   -0.320635346327654    0.580029716245655   -0.748838101966861
   64   -0.430004639164920    0.242219803534438    0.869727300406504
   65   -0.323061901188456   -0.000266921437992    0.946377798108898
   66   -0.530277399143818    0.658098982738481    0.534519979865903
   67   -0.251609313330567   -0.337001052003609   -0.907261287829356
   68   -0.190976073232252    0.238828175307645    0.952097286064827
   69   -0.123456793809176   -0.795606353317763    0.593101130181666
   70   -0.404881260614983    0.350011730294273   -0.844726555436274
   71   -0.221214093366365    0.186599305345515   -0.957206886801734
   72   -0.402561325320752    0.910100999768969   -0.098288094780205
   73   -0.240686989702594   -0.568326862601056   -0.786812779658505
   74   -0.144868721808301    0.438756657180431   -0.886851537305700
   75    0.597780275339396   -0.779024026430571    0.189156836141484
   76   -0.464530355289392    0.471288608833847    0.749732349707660
   77    0.235789791503658   -0.168115041934866   -0.957152290337279
   78   -0.439736169118306   -0.628391669093816   -0.641682173496073
   79   -0.035741221649132    0.641671991911387   -0.766145952068861
   80   -0.047020661511673   -0.715983187776943   -0.696532219076599
   81   -0.403995464980548    0.896561505026064    0.181563024816593
   82   -0.562252754942600   -0.617711562541312    0.549822030353666
   83   -0.340439813714875   -0.641268815372868    0.687659101348960
   84   -0.160480992592632    0.935328313821889    0.315288433627979
   85    0.036221375757122    0.270101544455453   -0.962150283282732
   86   -0.064793574641169   -0.895707442078665   -0.439897682296821
   87   -0.010237687397462   -0.257838844842463   -0.966133696673010
   88    0.026987678327612    0.451503934724449    0.891860898429136
   89   -0.104669379254503    0.895244834250850   -0.433106231534073
   90   -0.522849543580026   -0.849411153321860    0.071617367939533
   91    0.148671331385926    0.481231806617162   -0.863893965440157
   92   -0.174808294164361   -0.233060009218460    0.956621708092827
   93    0.015046558720603   -0.405985475622931    0.913755653691888
   94   -0.229103817752956    0.475649263089507    0.849275702709920
   95   -0.088712337581170   -0.981622697817691   -0.168958575662802
   96   -0.313496505179426   -0.948504298494777   -0.045382121779591
   97   -0.360687146647863    0.823261877058905    0.438343089399698
   98    0.240923346393516   -0.406915147060422   -0.881122014397180
   99   -0.343201531190485   -0.808930689716559    0.477329915491579
  100    0.129870681100871   -0.183163204128838    0.974466442133157
  101   -0.322850800733046   -0.918057252616727    0.230083118424319
  102   -0.005102849557827   -0.497977151958295   -0.867175136321317
  103    0.206724196764195   -0.629346779292739   -0.749124647749662
  104    0.138068348736156   -0.874959549403356    0.464093652170710
  105   -0.543268263847713   -0.769211292767460    0.336412812738909
  106    0.209621880819215   -0.554302123829891    0.805486078464108
  107    0.138818112826756   -0.947222755187973   -0.288961214707655
  108    0.212243240625929    0.080538722889088   -0.973892355922357
  109   -0.098760216406248   -0.926663461617239    0.362686157109624
  110    0.075101808788289    0.800332839770723   -0.594833643888153
  111    0.270158920299780    0.928667223747560    0.254148274279911
  112    0.634155667052862   -0.570729181563661   -0.521646231900906
  113    0.107666270830852   -0.731869508871698    0.672885574306120
  114    0.085532172546755    0.990570250045496   -0.107027226368973
  115   -0.303712602224667    0.672854842836823    0.674555420792803
  116   -0.089168189650463   -0.990657149578095    0.103186462020281
  117   -0.090696545878310   -0.605146377113573    0.790931096134209
  118   -0.117353923405437    0.818638586724150    0.562191178326053
  119   -0.039595961252623    0.657458237361063    0.752449882702207
  120    0.383456497766132   -0.854958511492613    0.349295087207460
  121    0.082650909094983    0.901508858951394    0.424794779226309
  122    0.504233687689840    0.839415986080816    0.202803329634097
  123    0.458360365741038   -0.539696028740246    0.706140192652811
  124    0.131841250077297    0.927071016872265   -0.350937621883833
  125    0.455995338850938   -0.492266609520142   -0.741445774212627
  126    0.364832511003562    0.810648223517416    0.457981109460744
  127    0.148446168717700   -0.812731625419789   -0.563410188082843
  128    0.315156495110956    0.949018950313333    0.006278179318696
  129    0.384856925314957   -0.909827185657349   -0.155240585144300
  130    0.342663953606996   -0.848662237709169   -0.402931534115770
  131    0.660377806434416   -0.346770279171832   -0.666071712544497
  132    0.151739192029279   -0.987975761318193   -0.029649833895645
  133    0.310664399684217   -0.345745629943633    0.885408148902937
  134    0.060383812096399    0.214424389266879    0.974872287289075
  135    0.330669966061000    0.285906511292739   -0.899396931474436
  136    0.359457952188086    0.901644826994242   -0.240471592008851
  137    0.471707505304563   -0.251237224583094   -0.845205233315039
  138    0.390772477545133   -0.915259415825409    0.097964649420952
  139    0.167837585430681    0.760135707974944    0.627713509794260
  140    0.257586528334932    0.658192935425318   -0.707411648318403
  141    0.552443064762218   -0.311771496412329    0.773049283177305
  142    0.330039650392006    0.805456995443948   -0.492252839158426
  143    0.450019908052765    0.010569264378637   -0.892955974842363
  144    0.350089585543782   -0.731811651858745    0.584712739982257
  145    0.151440506394136   -0.962293139158991    0.225959481656829
  146    0.602678045082311   -0.794439879252438   -0.075129569605685
  147    0.549345650097152    0.833401725915124   -0.060505536614677
  148    0.511206431404850    0.637517639138360   -0.576401981500558
  149    0.428936167617052    0.473548629065431   -0.769262932956116
  150    0.653530164981974   -0.077438399254701   -0.752928693688521
  151    0.671971353517097   -0.482059030792432    0.562204225245472
  152    0.568856990194018    0.214249652402694   -0.794039552637479
  153    0.568583519866085   -0.687302900404840    0.452025999287418
  154    0.248130517885261    0.049254937075103    0.967473615799273
  155    0.413586995049814   -0.692858526526645   -0.590671532871690
  156    0.704410675706607    0.697617616285672    0.130901724199718
  157    0.758667365792114    0.126335652481455   -0.639111203934135
  158    0.424700424454813   -0.114669747203048    0.898042537157506
  159    0.599762021822545    0.692329234295163    0.401205369504953
  160    0.749282636499518   -0.611457504112345   -0.254352612145095
  161    0.283486547778242    0.328465472662465    0.900969372674453
  162    0.750655767395271   -0.595119082961118    0.286965496134526
  163    0.239076373123412    0.568489825132506    0.787186005042625
  164    0.810273067416496   -0.167718407050684   -0.561540819670168
  165    0.439878156850341    0.640856396994535    0.629134552824060
  166    0.479350161345562    0.155968992229869    0.863653342655943
  167    0.482940979425464    0.423698828731647    0.766320633235857
  168    0.742662974821340   -0.234732760460322    0.627177994668336
  169    0.659170400067777    0.493138437374895    0.567722524881595
  170    0.776400505672467   -0.630017850631031    0.016726107670157
  171    0.639265186095209   -0.033604347496715    0.768251761908802
  172    0.839809812104706   -0.380353767150564    0.387363513133378
  173    0.666828831455996    0.251083647027560    0.701638305492489
  174    0.884121645363231   -0.132885095327429    0.447962573927816
  175    0.803337556411681    0.062774882281214    0.592206116663015
  176    0.564346042412887   -0.753366113175094   -0.337569317225904
  177    0.896172173119698   -0.426286989457500    0.123104990740344
  178    0.787001143471564    0.526763599977106    0.321168662720400
  179    0.822240997360864    0.307022831368288    0.479225127969737
  180    0.557504971397032    0.759415917085964   -0.335373928241417
  181    0.648054640701597    0.409608467870125   -0.642063926501258
  182    0.807671207716424   -0.407301686903501   -0.426347928424023
  183    0.727249570770783    0.670583334202420   -0.146376411021987
  184    0.898344835857500    0.033301595686125   -0.438026893709643
  185    0.857915931187015    0.511794124395536    0.045244107348062
  186    0.926933075718522   -0.207861949471885   -0.312391554144393
  187    0.817544014863557    0.322869278162181   -0.476840867564650
  188    0.889688566616022   -0.430111201006097   -0.153162035771996
  189    0.934090410051306    0.227019576031764   -0.275567084298073
  190    0.713347787705743    0.563714478318241   -0.416366329942415
  191    0.959545086482638   -0.182989529573460    0.213981445629080
  192    0.858049013225673    0.464202385240413   -0.219699878105473
  193    0.920281848457650    0.320438938842910    0.224499901720693
  194    0.961276877163524    0.274345477563448   -0.026102190927708
  195    0.975637541039800   -0.215884126030386   -0.039056787398726
  196    0.933888791143415    0.095913302108908    0.344459524843276
  197    0.994086661465437    0.048871576541745    0.096970503261697
  198    0.986519324398603    0.006584193342277   -0.163512296131381
   
 U =    18064.3320836663     


 http://math-lab.ru/  - см. Задача Томсона
