      6
    1   -0.521938052458817   -0.143292834009963    0.840861363791256
    2   -0.836783238663249   -0.103887488219505   -0.537588319519395
    3   -0.164685564475757    0.984145791786587    0.065846225116201
    4    0.164477421385259   -0.984198944929898   -0.065571446936382
    5    0.522066618850637    0.143516711248202   -0.840743361005226
    6    0.836956701188442    0.104243780793088    0.537249210796744
   
 U =    9.98528150648016     


 http://math-lab.ru/  - см. Задача Томсона
