     43
    1   -0.504720363313432    0.028170058371833    0.862823158398107
    2   -0.856135825405447    0.112480455984151   -0.504360580813897
    3   -0.847791532931088    0.232054398622548    0.476865046706385
    4   -0.989007266748879   -0.145538206553442    0.026139180383484
    5   -0.519270655489970   -0.178936899337632   -0.835667142110094
    6   -0.760195679771266   -0.350344993270889    0.547138843573662
    7   -0.918893241453133    0.392475949761479   -0.039972986760808
    8   -0.768542137451699   -0.469996991183003   -0.434103456839609
    9   -0.618917618479468    0.750709925897990    0.231031575101624
   10   -0.407286493875657    0.541341002474446    0.735572994981760
   11   -0.271430484654814   -0.641216486798207   -0.717751286350793
   12   -0.763675400864827   -0.640037968697675    0.084565245457566
   13   -0.624347158041406    0.674333785421621   -0.394289959401158
   14    0.317414139187100   -0.330267068291118    0.888916153439964
   15   -0.123023705130523    0.768593723254774   -0.627796827444454
   16   -0.004925692289242   -0.120648980323324   -0.992683011390048
   17   -0.205362130924650    0.971690269938771   -0.116809308226719
   18   -0.387800973468570   -0.898774357673639   -0.204487307589414
   19   -0.420460511727748    0.349466694906980   -0.837308776514633
   20   -0.258216808993217   -0.449576575512992    0.855105246331334
   21   -0.113813169536792    0.897213098919710    0.426679291232748
   22   -0.382377160527079   -0.822641144850727    0.420772211423156
   23    0.127242558972762   -0.895281092518880   -0.426943903299090
   24    0.012020500613713    0.121341440728916    0.992538040745455
   25    0.162537953494541    0.400806971205636   -0.901629184036748
   26    0.136311739198470   -0.766710121484098    0.627355321465059
   27    0.303380287794946   -0.534848003889620   -0.788605106319218
   28    0.343359422277263    0.926202381814488    0.155735208140589
   29    0.568409405755467    0.182322152466788    0.802290084800127
   30    0.089511670205050   -0.988762963924523    0.119730789976075
   31    0.339029495918566    0.860511930829990   -0.380234424791399
   32    0.176458295328297    0.605238032944927    0.776240551302743
   33    0.587177438612347   -0.788945801048083   -0.181072302115046
   34    0.789892234167043    0.607922158196025   -0.080628208319944
   35    0.775702159020957   -0.265570823682739    0.572501788729692
   36    0.554374359381250   -0.017063871030035   -0.832092479214960
   37    0.591590469101748   -0.723886458557967    0.354977621807880
   38    0.636091632333833    0.472908056758947   -0.609709279187513
   39    0.644549066843132    0.604906340847327    0.467594716858889
   40    0.766916942369069   -0.396348521164969   -0.504723937690317
   41    0.942695651952835    0.103586801468492   -0.317166647601457
   42    0.934619401209892   -0.353880927485138    0.035424060246114
   43    0.947379573233024    0.174990401965677    0.268049069091286
   
 U =    769.190846801749     


 http://math-lab.ru/  - см. Задача Томсона
