    222
    1   -0.085157608570247    0.028736591871896    0.995953005914528
    2   -0.997112606853326    0.029301586949477   -0.070056165013561
    3   -0.919522710827113   -0.078656423558735    0.385085901204013
    4   -0.975233441040068   -0.220833708987863   -0.012337278946792
    5   -0.822459059392840    0.202289975604316   -0.531638844886875
    6   -0.812945546084024   -0.504285415392637    0.291231452498563
    7   -0.933173669272431   -0.278919327456456    0.226695636808178
    8   -0.955230918403805   -0.152661620729430   -0.253433072193994
    9   -0.986147788643308   -0.025838246619041    0.163844206383892
   10   -0.966251582382625    0.223331218710377    0.128378527380595
   11   -0.864395685989975   -0.045304147109424   -0.500767043940203
   12   -0.898536142076382   -0.391882444085072   -0.197638436040163
   13   -0.946866886179522    0.083641129024495   -0.310559593946481
   14   -0.492291381137282   -0.199025858409651    0.847371172357338
   15   -0.834005363966433    0.511452139114953   -0.207006672042128
   16   -0.671414936881025    0.661395912130015   -0.334301405846214
   17   -0.887947191914639    0.317005470020428   -0.333252631419521
   18   -0.780983436292552   -0.609509556182989   -0.136246002357110
   19   -0.708945552018338    0.082692408488781   -0.700398579275928
   20   -0.674733707279657   -0.500079113370937    0.542821614004811
   21   -0.956291868722744    0.271644610814424   -0.108236164151556
   22   -0.889942373175993   -0.453714171928707    0.046325183398778
   23   -0.855591775906681   -0.284601170530614   -0.432394364826204
   24   -0.828918198000577   -0.328407010273881    0.452817244179644
   25   -0.752039324042633    0.465098189452346   -0.467033756019465
   26   -0.489912178811431   -0.450226383003824    0.746513403161344
   27   -0.661189414323607    0.345506660758178   -0.665923198092798
   28   -0.868769216213709    0.407260300006627    0.281742962641360
   29   -0.810625859623511    0.107978979970043    0.575522593469859
   30   -0.643985525299979   -0.667860600802043    0.373155277465620
   31   -0.886624535254779    0.461319214821922    0.032886403274482
   32   -0.917655467133482    0.169003308174597    0.359647501681956
   33   -0.549950934709735   -0.275730932556899   -0.788369470643804
   34   -0.766531692602606    0.619002868727216    0.171069029176123
   35   -0.664027751601541   -0.298225656291045    0.685659247026376
   36   -0.371905331604200    0.927686329918037   -0.032931711276112
   37   -0.766457159114429   -0.524670007900914   -0.370492653168040
   38   -0.733096091453819    0.676333018333582   -0.071720073946694
   39   -0.647207960926753    0.211770412871067    0.732308096053466
   40   -0.549533373347332   -0.041210414139627   -0.834454776092714
   41   -0.572345043732475    0.585813738324397   -0.573797363975529
   42   -0.613759602230338   -0.730599430269666   -0.299204985185235
   43   -0.800234470784350   -0.129758798230413    0.585480525765196
   44   -0.785310837633483    0.339121214323552    0.517961089553179
   45   -0.582276992835103   -0.631393263536195   -0.512148465170035
   46   -0.546282596848088    0.816452249529200   -0.187032212785973
   47   -0.475918578092558   -0.642891247613879    0.600160270900888
   48   -0.346827140672833    0.052180510788738   -0.936476443263008
   49   -0.716740244710762    0.552272365331951    0.425768312703763
   50   -0.731373730952789   -0.164725755677859   -0.661783870375031
   51   -0.466853260264171    0.770498574230706   -0.434027626412379
   52   -0.708225806441959   -0.398351364567451   -0.582865677010482
   53   -0.226874457124435    0.832128571649217   -0.506053377569527
   54   -0.275869594802070   -0.590696620232992    0.758270050515686
   55   -0.522055596610187    0.213449901505557   -0.825770605916225
   56   -0.172829522666479    0.972422582307185    0.156602290896086
   57   -0.394321843810066   -0.789303818211841   -0.470648240250018
   58   -0.653781242280835   -0.035284109501529    0.755860515477831
   59   -0.344629094352680   -0.654173589427218   -0.673266442221474
   60   -0.398715143600671    0.893240752422304    0.207719022902410
   61   -0.749249580527532   -0.653218274163109    0.109228899008852
   62   -0.127477963128035    0.138215215795936   -0.982163898256910
   63   -0.354202723658586    0.673770883015417   -0.648516173856492
   64   -0.472792492636211    0.074568731531245    0.878012962993519
   65   -0.298537791470305   -0.088367406807246    0.950298052443651
   66   -0.606687522816581    0.438379829720196    0.663139031088634
   67   -0.344146063908314   -0.196423441080004   -0.918140140986497
   68   -0.262909491800915    0.186812313942972    0.946562073231469
   69   -0.176954833972380   -0.904319230065436    0.388450404643455
   70   -0.458772181879412    0.458066062189382   -0.761382668442037
   71   -0.303333181428465    0.306454122573494   -0.902260966573528
   72   -0.585287841590803    0.808169891930942    0.065571093191343
   73   -0.331869704144682   -0.430713723593359   -0.839254542900582
   74   -0.225180498586398    0.535306154094501   -0.814089101047874
   75    0.475758809294400   -0.878586229603255    0.041710820302550
   76   -0.443167750381028    0.326015023383443    0.835054818290698
   77    0.105778133140047   -0.018950818297094   -0.994209159601377
   78   -0.519428401958917   -0.494166950131542   -0.697132096977392
   79   -0.099313559334961    0.707559188092182   -0.699640487878277
   80   -0.141179151464082   -0.584498664725770   -0.799017996121285
   81   -0.604640167410386    0.736281917609286    0.303807843472702
   82   -0.431778122407565   -0.795291014041480    0.425534788231318
   83   -0.239391777355867   -0.771293690175528    0.589743690453587
   84   -0.413995547549773    0.801247766509612    0.431983452544565
   85   -0.061579236314085    0.394030618927649   -0.917032098130958
   86   -0.159124043532148   -0.785639792379837   -0.597870935402738
   87   -0.123856214548067   -0.111314209847173   -0.986036908438991
   88   -0.010867248716074    0.267550444910781    0.963482569812960
   89   -0.325247027967410    0.904708798434680   -0.275166060467575
   90   -0.610407015455476   -0.789337918373944   -0.065946388072644
   91    0.068668269821252    0.575952055962641   -0.814594314952028
   92   -0.305477075234782   -0.360572902224068    0.881289361496958
   93   -0.078207196690526   -0.486830976011481    0.869988066114426
   94   -0.199584911938899    0.420200409801106    0.885210414833289
   95   -0.191415472778497   -0.908510601963383   -0.371441250941674
   96   -0.414753513607018   -0.876269966785795   -0.245215146880969
   97   -0.526573730791320    0.636975204281605    0.563012162542621
   98    0.109327274285292   -0.259393711691322   -0.959563676590745
   99   -0.357302550895998   -0.905755138380597    0.227909009081162
  100   -0.108549381625123   -0.249783159669337    0.962198214971534
  101   -0.403938859156258   -0.914760421120367   -0.006838860667543
  102   -0.117537029996041   -0.353649453073180   -0.927963959925573
  103    0.088267509491895   -0.493783053351995   -0.865093719194908
  104    0.042509524834567   -0.958735083502037    0.281104926959101
  105   -0.570315031250416   -0.800963719883378    0.182202866498909
  106    0.158615923564801   -0.566761099759179    0.808469445675872
  107    0.034832209155750   -0.874669043096238   -0.483467457285846
  108    0.097443517854253    0.222140003467154   -0.970133279342483
  109   -0.156828160193149   -0.979913237219575    0.123186751285536
  110    0.029194306684101    0.835130014130894   -0.549277299690209
  111    0.064465699838576    0.993403193806820    0.094838115115880
  112    0.477890009375374   -0.640170636980221   -0.601500369482466
  113    0.013443906002837   -0.850052156969097    0.526526914624099
  114   -0.137700817108854    0.986425017596726   -0.089466024986323
  115   -0.375937817497456    0.545798391390774    0.748849032402722
  116   -0.195256021610359   -0.972828906162126   -0.124414650906941
  117   -0.039501296040317   -0.693637374181649    0.719240461006972
  118   -0.275830116747202    0.735713268665229    0.618582034175864
  119   -0.122204791192490    0.626600860594552    0.769699519625526
  120    0.260106073609219   -0.951752473741191    0.162825241283772
  121   -0.197601339277957    0.895482875047639    0.398828448348375
  122    0.258027303449110    0.934690641938092    0.244489906843081
  123    0.207112288827665   -0.743303349036830    0.636085396096467
  124   -0.088013375397525    0.940748799390550   -0.327483346441270
  125    0.319792816140508   -0.363345586462463   -0.875050021166317
  126    0.027820040495918    0.940098640020662    0.339765496155963
  127    0.048749041670437   -0.702151931323233   -0.710356386805432
  128    0.110980530485003    0.983997364388297   -0.139400533464379
  129    0.229515755264955   -0.913634288012230   -0.335551644093041
  130    0.237646053385366   -0.773564730120736   -0.587470817678286
  131    0.510864955067491   -0.442833409642916   -0.736828045739248
  132    0.019962243074702   -0.971975525520334   -0.234232975135650
  133    0.138157817735554   -0.357795336164779    0.923523099233193
  134    0.178221577330306    0.095928228790161    0.979303244299272
  135    0.226136122463986    0.404053939651041   -0.886342410115541
  136    0.152575736171961    0.918246930663636   -0.365435656522999
  137    0.331237832804889   -0.116056609744135   -0.936382593523298
  138    0.264091089064649   -0.960027993895470   -0.092747763389133
  139   -0.043854828776364    0.814197507758724    0.578929332779467
  140    0.203438152963680    0.713496937664789   -0.670473741366279
  141    0.373440518110740   -0.366907678357004    0.852009938319885
  142    0.326910712030079    0.810636924903912   -0.485795391437914
  143    0.319751624617414    0.139537800657906   -0.937170262408107
  144    0.240496719345722   -0.877513217820200    0.414887792703983
  145    0.051529318271048   -0.998572492269244    0.014060833606597
  146    0.465620512329367   -0.861606037565500   -0.202070716653393
  147    0.317463596484494    0.948260130913841    0.004425949208380
  148    0.486106793290795    0.658931322568465   -0.574029352607264
  149    0.362249824167390    0.549553716011524   -0.752838480757075
  150    0.530359229063560   -0.207121603530908   -0.822082556376117
  151    0.385378938112273   -0.572301873732708    0.723846419747648
  152    0.456312365955923    0.318770594096910   -0.830761297253796
  153    0.453967466368280   -0.843852256225399    0.286054031858437
  154    0.098177317266927   -0.129612621511896    0.986692344512251
  155    0.287304243747727   -0.587685143684267   -0.756361318033484
  156    0.498664232836626    0.853333177186785    0.152172506063895
  157    0.523267255719497    0.049486589813858   -0.850730542839730
  158    0.329917550114972   -0.141129926213847    0.933400639625348
  159    0.188412838779267    0.845383113814796    0.499827963463368
  160    0.660631429070089   -0.741796437226290   -0.115343663212134
  161    0.248148108029285    0.315246484210313    0.915992451210447
  162    0.427957845549733   -0.737055353605943    0.523069295746987
  163    0.059362454121634    0.485950840867127    0.871967820106447
  164    0.677750777746946   -0.514492267926457   -0.525310945543020
  165    0.113863247717704    0.686025101033604    0.718613054133453
  166    0.415931558435843    0.093630848851866    0.904562989979365
  167    0.303021740555013    0.521705523765832    0.797496815807580
  168    0.583184172382096   -0.341585433223307    0.737031622722292
  169    0.339895456234136    0.700304575255483    0.627729703540964
  170    0.659519195508539   -0.739718926999473    0.133605163801845
  171    0.545157341910775   -0.120530673897133    0.829623908292596
  172    0.584395872912145   -0.545032197837763    0.601183305692523
  173    0.480464686450203    0.315131244737080    0.818441191329448
  174    0.760396869976627   -0.296583384963319    0.577784471834826
  175    0.528596972787322    0.504925647528351    0.682374773000992
  176    0.416219551394019   -0.800188262921063   -0.431810176953638
  177    0.622761548122608   -0.687930673902377    0.372718985408784
  178    0.413135671106513    0.823936764567686    0.387875141318834
  179    0.546781318564215    0.666089329363739    0.507301877561026
  180    0.540570556797297    0.767770259852855   -0.343965552358576
  181    0.593771360438219    0.456879479491244   -0.662341839795099
  182    0.619334476466808   -0.696088146020996   -0.363161257885029
  183    0.359168126123987    0.903244843134594   -0.234834006326483
  184    0.697067517686533   -0.302618466834452   -0.650014568542199
  185    0.545297186174604    0.833466168581078   -0.089359524287215
  186    0.786407275958441   -0.555140978855364   -0.270891288001538
  187    0.654997510067492    0.221702101292992   -0.722375553356879
  188    0.816595566868280   -0.576852839629818   -0.020309642588874
  189    0.699907977653141   -0.047525567218005   -0.712650084738714
  190    0.684825590991646    0.582434844803145   -0.437931000823279
  191    0.750654981675779   -0.491220431205537    0.441836606056563
  192    0.715570600361605    0.672123161821718   -0.190287075864096
  193    0.646049873713034    0.705815673835338    0.290592145874147
  194    0.774162001105223    0.367747911378251   -0.515203522621585
  195    0.913059203753846   -0.381020430662025   -0.145417749461738
  196    0.721456654486048    0.508635540432958    0.469883158568460
  197    0.837962406362494    0.477167424720626   -0.264821174207547
  198    0.836030465921888   -0.361036962086348   -0.413165066357129
  199    0.944639187167167   -0.182004044069622   -0.273004274710959
  200    0.631134666522082    0.122234559023125    0.765981556758700
  201    0.814856855065792    0.530074154480257    0.234584092607167
  202    0.836841187985598   -0.143956716006243   -0.528179221484101
  203    0.812202540155957    0.128985516120278   -0.568937404637273
  204    0.806244188602377   -0.550351463674934    0.216987499123227
  205    0.906400720052816    0.260982191453339   -0.332153624746064
  206    0.707114296910523    0.704796641972898    0.057018107373566
  207    0.855007269433675    0.518432419172746   -0.013798404482623
  208    0.948906267861651    0.303796045631486   -0.085351376506448
  209    0.695650527994252    0.327152475685365    0.639563601649012
  210    0.930907061697823    0.325910014188127    0.164908171820016
  211    0.923325110178744    0.028950207301082   -0.382926398163713
  212    0.815376454550000    0.126828272855518    0.564867972689157
  213    0.731211653495151   -0.083410155395247    0.677031951808649
  214    0.886224019540064   -0.314442732683532    0.340195172000962
  215    0.854030792608580    0.322768666431434    0.407985040468930
  216    0.927634382335977   -0.359599511732639    0.100909087151746
  217    0.880519827551000   -0.095904849544452    0.464205873641656
  218    0.988283971129983   -0.150330931905349   -0.026370500943654
  219    0.968961715884027   -0.117549646781520    0.217474765645631
  220    0.937559504462341    0.109442658494741    0.330158265221293
  221    0.986107483498730    0.065836822049428   -0.152504242072911
  222    0.991382095039683    0.098219633577570    0.086685899745098
   
 U =    22816.0544818653     


 http://math-lab.ru/  - см. Задача Томсона
