     84
    1    0.027578259313433    0.001200918740791    0.999618926095049
    2   -0.951588902614570    0.271387835470492   -0.144316330259050
    3   -0.808617813419284    0.025191062063746    0.587794727956212
    4   -0.670418077176415   -0.587712558729503    0.452916714315887
    5   -0.590637765457424    0.224897662366408   -0.774963271050691
    6   -0.641504657928829   -0.288461542760794    0.710817636390431
    7   -0.902755569747859   -0.267490600858414    0.336869647997000
    8   -0.990708794071175   -0.125746882160460   -0.051805472461526
    9   -0.957622637831703    0.155868674574558    0.242206192733841
   10   -0.747720895798355    0.408422827371942    0.523549669150898
   11   -0.887137099012550   -0.014223289992134   -0.461286749839400
   12   -0.855340432458071   -0.516543892805305    0.039688177181395
   13   -0.715425842917188    0.656557057241152   -0.238953329905801
   14    0.358584787045351   -0.449027671057492    0.818407661941361
   15   -0.349514036659409    0.884215319742185   -0.309843842138698
   16   -0.117141167044515    0.772384205226716   -0.624260031156683
   17   -0.524131446420192    0.850488733214404    0.044216982584024
   18   -0.594124175877907   -0.794764301312253    0.123960352520653
   19   -0.791871738982676    0.367254783306251   -0.487917076088993
   20   -0.344671689118013   -0.535402146675274    0.771068069664439
   21   -0.830748614707757    0.540284417147184    0.133975698352612
   22   -0.324118736380073   -0.807988912507257    0.492037561566924
   23   -0.859810759788557   -0.381027644808117   -0.339916741635071
   24   -0.536903089453219    0.193570537968048    0.821136723917734
   25   -0.496068136846092    0.627576097442541   -0.600053868852487
   26    0.032526808810312   -0.714186334560381    0.699199460980788
   27   -0.303486887779115    0.000603373679981   -0.952835423820058
   28   -0.561869024524738    0.727111399865671    0.394477136808971
   29   -0.173040310753116    0.320480934152511    0.931315747584673
   30   -0.255334582145035   -0.957920924161097    0.131117329957448
   31   -0.160801586767940    0.984148597086645    0.074795645229531
   32   -0.393420805710816    0.575014804809574    0.717340953719820
   33    0.057180336064913   -0.869745399414707   -0.490176855190507
   34    0.223196845450047    0.971633361461563    0.078177868198430
   35   -0.006926563938962   -0.378691319582419    0.925497113547593
   36    0.310816457729605    0.764506067481431   -0.564733213463223
   37   -0.630650678398366   -0.728045347471290   -0.268755825724933
   38    0.052394653298087    0.953542302751296   -0.296667957773549
   39    0.007265247999778    0.653649615585000    0.756762443714726
   40   -0.646139780018904   -0.158239199038021   -0.746634944644923
   41   -0.263725710881139    0.424687117701909   -0.866077133677066
   42   -0.291910512651663   -0.920107056054600   -0.261134559187366
   43   -0.346772511989407   -0.128721188737617    0.929074636667330
   44   -0.203364718400511    0.868043857561169    0.452926763020475
   45    0.079485052255606   -0.994227768374985   -0.072064353601623
   46    0.461501580818996    0.862312339535024   -0.208407581405286
   47    0.072556911087379   -0.931734149738884    0.355818730344281
   48   -0.303004106821358   -0.394505324899598   -0.867498737679343
   49    0.182617788620209    0.873624895583235    0.451032465679186
   50   -0.608976188247787   -0.510766204441781   -0.606849146450197
   51    0.116958750496007    0.536468522304980   -0.835776390704071
   52   -0.295642652372274   -0.731288665809617   -0.614664387578032
   53    0.670446209836651    0.587632716834564   -0.452978663759451
   54    0.397709726900512   -0.756905527246532    0.518575930749172
   55    0.054702587828507   -0.218808393906938   -0.974233295284415
   56    0.752293611587399    0.656747300012643   -0.052319268829861
   57    0.734784784343121   -0.639550690979950    0.225978393579786
   58    0.246606254220211    0.345153586381664    0.905568527052123
   59    0.429448090971166   -0.669802024317213   -0.605755384112914
   60    0.731463573036950    0.516619094681380    0.445045786779979
   61    0.428333396181233   -0.893035780178895    0.137904303907175
   62    0.054643576904440   -0.599325324413656   -0.798638363102822
   63    0.062870660647586    0.179648623088739   -0.981719742213661
   64    0.413730166060975    0.629527272220349    0.657664628227765
   65    0.707545600741917   -0.122294673373415    0.696005198066257
   66    0.544056046262327    0.799729486506764    0.253842011765255
   67    0.395912015754964   -0.366395195202509   -0.842026268422403
   68    0.394023198701000   -0.062653947680311    0.916962486542119
   69    0.665744608072877   -0.477715208313004    0.573212261355560
   70    0.421025712046254    0.046198136812650   -0.905871448910376
   71    0.473272700392093    0.417489366717040   -0.775703280734187
   72    0.918526431289131    0.371172234724930    0.136163016978016
   73    0.746300145444257   -0.470991199697679   -0.470322636832655
   74    0.759426898091421    0.207795489140615   -0.616515872584035
   75    0.390198067163508   -0.877589436479042   -0.278535903183522
   76    0.609796698547679    0.268021341605084    0.745863624856825
   77    0.695565565873137   -0.166388415065538   -0.698930210324007
   78    0.696293729697766   -0.699602073790426   -0.160411908322633
   79    0.914002711374250    0.309073436300092   -0.262816769963740
   80    0.926250185357529   -0.095750970096941   -0.364544024571297
   81    0.887296406911852    0.121948538550517    0.444784937050156
   82    0.909089231311702   -0.265493567271670    0.321045067319936
   83    0.920251700866852   -0.383932034327520   -0.075716577239054
   84    0.999606289941740    0.001145619629107    0.028034847325702
   
 U =    3103.46512454650     


 http://math-lab.ru/  - см. Задача Томсона
