    157
    1    0.135778048898977    0.138745348896716    0.980976069838972
    2   -0.990266771526770   -0.099827939429092    0.096985069568928
    3   -0.807275199855036    0.034307865211527    0.589177156790416
    4   -0.914431951248847   -0.363888345390155    0.177198980314339
    5   -0.940432794916987    0.227967255808889   -0.252224282184703
    6   -0.766619471026234   -0.441536010036810    0.466197960617838
    7   -0.895618154539475   -0.179949881400066    0.406799903445671
    8   -0.940263294010611   -0.317882916000376   -0.121882688071002
    9   -0.945303191412003    0.096981863557328    0.311442441628032
   10   -0.891183661905728    0.415974056711049    0.180989681738077
   11   -0.877374304089803   -0.210142389760356   -0.431340360444905
   12   -0.813962593499559   -0.578288170426623   -0.055205872224793
   13   -0.977935049536168   -0.047542289498972   -0.203427553684078
   14   -0.323284775413093   -0.046376543966957    0.945164625954541
   15   -0.738927805237871    0.673387019988180    0.023143464688386
   16   -0.707361908795668    0.643908925884845   -0.291582621482787
   17   -0.876153647587527    0.467996279484468   -0.115474101892011
   18   -0.600166228214968   -0.793727510741195    0.098980489000634
   19   -0.867939173817501    0.081785438215455   -0.489890531291329
   20   -0.549565351775930   -0.522799554863421    0.651658307368215
   21   -0.981586822740149    0.188521384672811    0.030773315452594
   22   -0.766818423473059   -0.600785262614578    0.225934888070492
   23   -0.812179079093091   -0.478558869412698   -0.333686307765150
   24   -0.708575838187229   -0.240579692140177    0.663356384809104
   25   -0.806680777895060    0.400006426752538   -0.435041355656318
   26   -0.287213305584525   -0.557200829135800    0.779124991965723
   27   -0.700975429449853    0.242356352671347   -0.670743502113465
   28   -0.725477845921906    0.616282835615471    0.306394127884765
   29   -0.656086308532219    0.254078564267510    0.710629888856588
   30   -0.578087975124673   -0.703876665309432    0.412761351205669
   31   -0.532979750348157    0.822674425470227    0.197836739247412
   32   -0.835943890997456    0.312676740231449    0.451033332717514
   33   -0.459366245457479   -0.499875987214560   -0.734238823504020
   34   -0.281959486925190    0.885034068176861    0.370423468342920
   35   -0.467061194199116   -0.299666878869469    0.831897591402888
   36   -0.021552378512032    0.941358804127790   -0.336718126734472
   37   -0.633377309851531   -0.749007148175460   -0.194477441744029
   38   -0.541006826996976    0.833130801306379   -0.114911622811857
   39   -0.441297183677773    0.509281205188056    0.738843318789760
   40   -0.728011216231604   -0.086149389220630   -0.680130834309027
   41   -0.609167075253264    0.540321744446064   -0.580489351242679
   42   -0.383775399705328   -0.922961375586120   -0.029304295882909
   43   -0.584708558929529   -0.016489261031733    0.811075832080565
   44   -0.658808797996073    0.502744402636267    0.559659747794026
   45   -0.401391720164349   -0.859693978048930   -0.315928712037875
   46   -0.295703525454501    0.925554744743823   -0.236448386579344
   47   -0.340733656228838   -0.756987050905756    0.557558230388481
   48   -0.507399965830238   -0.233422538577696   -0.829493335210969
   49   -0.488442121261349    0.724667196899277    0.486088210015279
   50   -0.697300118062880   -0.373368209094982   -0.611856785356426
   51   -0.478830543101796    0.771127518399826   -0.419623237392027
   52   -0.621039239693702   -0.629931740542370   -0.466364948316153
   53   -0.198416232922725    0.826943511647337   -0.526113511570579
   54   -0.188068303837985   -0.317203615196316    0.929522554647218
   55   -0.534280104339154    0.062503458267277   -0.842993527740263
   56   -0.033016909009497    0.997625431746226   -0.060443210144859
   57   -0.144024246099901   -0.968883775966984   -0.201298895186520
   58   -0.417182077994501    0.241148659629259    0.876245649209856
   59   -0.143516652072684   -0.857653764967990   -0.493794481554908
   60   -0.047391617926378    0.973540442844387    0.223546506787009
   61   -0.372287334331822   -0.884897939166989    0.279924593335637
   62   -0.271216776931735   -0.117607803103510   -0.955306162735239
   63   -0.357930652703744    0.643633680742492   -0.676477148815053
   64   -0.188589608014978    0.473223983469327    0.860519041752232
   65   -0.146881926325551    0.197764806182134    0.969182532423402
   66   -0.244933095755406    0.718213110628845    0.651289264708480
   67   -0.226858189003134   -0.399970379644877   -0.888008478275377
   68    0.097423164484544    0.412823828023494    0.905585564172622
   69    0.007145127232830   -0.513797998291184    0.857881439424353
   70   -0.472752288886075    0.374023318006387   -0.797879584235911
   71   -0.294190914940503    0.176906893816975   -0.939231417961782
   72   -0.308303419306523    0.949204808846236    0.062922432463204
   73   -0.163789307701501   -0.650802645585723   -0.741369664324949
   74   -0.198882530400471    0.485875245113350   -0.851099867987035
   75    0.618689651555654   -0.644417981573238   -0.449386893537203
   76    0.025913655528971    0.656438814571379    0.753934058907839
   77   -0.008143119549746    0.002771358919642   -0.999963003902513
   78   -0.384118974233304   -0.723934113851647   -0.573037531437327
   79   -0.026987760230738    0.690763682305628   -0.722576775163233
   80    0.106048631690786   -0.764735029892492   -0.635558039656366
   81   -0.019728679788903    0.856943860468621    0.515032037060729
   82   -0.101322600132140   -0.906993711858035    0.408773944072327
   83   -0.074397277752666   -0.747480014531378    0.660105046897207
   84    0.211182501041325    0.921250265772680    0.326649504924922
   85   -0.033693798022229    0.285373044021812   -0.957824072426958
   86    0.105503949173203   -0.921771332796143   -0.373103908776203
   87    0.028102464858634   -0.278260009941042   -0.960094588223723
   88    0.384991657891012    0.256971575076484    0.886423732171607
   89    0.148644367908984    0.830545804005176   -0.536748096725396
   90   -0.133296990513818   -0.983808443471371    0.119803417624025
   91    0.140849447338361    0.494953182930817   -0.857428002744913
   92   -0.021971735589237   -0.096580012963902    0.995082681957177
   93    0.177307707696433   -0.297648048321799    0.938065891140735
   94    0.333332871802936    0.530004782539223    0.779733369211013
   95    0.341990312853052   -0.914245840755070   -0.217249093385284
   96    0.108031288497880   -0.992546450098517   -0.056398449467333
   97    0.249660177842516    0.756191302311079    0.604850816242087
   98    0.276833221121300   -0.094041224601899   -0.956305189653900
   99    0.186783800969454   -0.850307163203477    0.492025954498601
  100    0.335337763883281   -0.055919163773497    0.940436936342163
  101    0.397558571054426   -0.915455188209862    0.062361694659531
  102    0.077587850846800   -0.539617324147379   -0.838327662003943
  103    0.316963407090144   -0.377876929296556   -0.869909894685199
  104    0.197787222314018   -0.671355132102423    0.714256607452142
  105    0.152889734130853   -0.960499552812824    0.232519543788823
  106    0.592455654991449    0.053277583324480    0.803839409324870
  107    0.375384795190568   -0.793346569696959   -0.479257212663309
  108    0.239994383472475    0.207157913102231   -0.948413567459257
  109    0.442231218187470   -0.833069819661986    0.332304416505066
  110    0.315188926931286    0.652634359672545   -0.689002418656649
  111    0.242153102751740    0.969463036574980    0.038772355390460
  112    0.809569372161792   -0.439586255504563   -0.389051867530589
  113    0.368557030127614   -0.469539373278094    0.802308227855808
  114    0.251100084918512    0.935295255032249   -0.249342201137464
  115    0.604945885257488    0.345349274386377    0.717477772889751
  116    0.675825462399570   -0.633945134783372    0.375996689422792
  117    0.519102970991838   -0.237413764874108    0.821076616251948
  118    0.542527235874150    0.599442105219117    0.588500943775987
  119    0.764461531113798    0.435307223936965    0.475506244160305
  120    0.456602590441010   -0.677263982544359    0.576912101061083
  121    0.451302775289492    0.796355083179002    0.402671561587067
  122    0.495289419425072    0.859288223651501    0.127718987231435
  123    0.634170623902670   -0.450173234301846    0.628626820058700
  124    0.435258674733217    0.784368123116234   -0.441946301612084
  125    0.534409997051238   -0.202934516371130   -0.820502003115721
  126    0.684559610010343    0.665200867276669    0.298137462451223
  127    0.355680736463041   -0.615905338732868   -0.702959335544710
  128    0.508962994153737    0.846350633659864   -0.156994507819889
  129    0.586151993748092   -0.786568033346216   -0.194259025898418
  130    0.586895702277604   -0.457370415587537   -0.668106082589705
  131    0.706933073637038    0.005335308119205   -0.707260322572505
  132    0.644235570008844   -0.758152028849530    0.100826739938969
  133    0.743978497441903   -0.168114471878739    0.646709764646414
  134    0.789970266476166    0.139385980844754    0.597091723630064
  135    0.430283187055092    0.403520701773932   -0.807482149757867
  136    0.720108157359552    0.693854576884161   -0.003172986153922
  137    0.492098467824739    0.107468010514901   -0.863880619461111
  138    0.787034524629181   -0.599993694651785   -0.143472030095832
  139    0.911608486367739    0.228757098161731    0.341526218060845
  140    0.584935638466029    0.564628103917195   -0.582276054049290
  141    0.901244939775862   -0.085859972620243    0.424718287374178
  142    0.685168284119920    0.658250840142083   -0.311849729659024
  143    0.673516734350676    0.298375201590337   -0.676274683560997
  144    0.827523778269873   -0.377190169534013    0.415850901652091
  145    0.833990792590959   -0.533799937361687    0.139703202347556
  146    0.765806570209781   -0.245145350899055   -0.594511609605827
  147    0.860585100216406    0.479865548626411    0.170652689773678
  148    0.865050525135702    0.479717325082838   -0.146829414552445
  149    0.805402595553379    0.406308007007147   -0.431555862569101
  150    0.947442581798978    0.196372212988766   -0.252567828830161
  151    0.948416649170373   -0.273821869343287    0.159773099881642
  152    0.859661939241588    0.107326988119723   -0.499461978373270
  153    0.930105689997710   -0.345700116582608   -0.124075923646190
  154    0.985827965717189    0.006798457392838    0.167621606563672
  155    0.918367756975675   -0.146031760550734   -0.367798025902696
  156    0.992506798509418   -0.056667090497946   -0.108254772491019
  157    0.966544107262439    0.255132879315866    0.026451892337788
   
 U =    11238.9565587224     


 http://math-lab.ru/  - см. Задача Томсона
