    197
    1   -0.044418655950999   -0.031815319001401    0.998506268623460
    2   -0.997350422228091   -0.031155844426681   -0.065737726151042
    3   -0.922213932611332    0.088805317693279    0.376344360987296
    4   -0.960847380707432   -0.276932472908704    0.008984232651527
    5   -0.801520003569912    0.110748819513996   -0.587622653455042
    6   -0.896542956579605   -0.335227157204316    0.289540118256889
    7   -0.973821837837085   -0.098004169204468    0.205100489931506
    8   -0.937810239694046   -0.234062999215583   -0.256371735421834
    9   -0.978376439084335    0.164968364044472    0.124759698256876
   10   -0.904282579305929    0.426788489404844    0.011162529970710
   11   -0.835535019426402   -0.138337413292891   -0.531736768895620
   12   -0.862006116973639   -0.472226003227549   -0.184249982837893
   13   -0.942585826408122    0.002667185784625   -0.333953358980723
   14   -0.563726808574274    0.008854313033452    0.825913849281733
   15   -0.853926097704717    0.454082371963906   -0.254203499445675
   16   -0.691796635438696    0.599611366736086   -0.402347640823930
   17   -0.891007592541903    0.241464933417396   -0.384447858574365
   18   -0.719307476296222   -0.685445162941322   -0.112967619894835
   19   -0.656783131709714   -0.024362561643136   -0.753685865259369
   20   -0.748489850726556   -0.382339843615814    0.541829481795863
   21   -0.966527297167019    0.218483055048628   -0.134499585455251
   22   -0.863492497088340   -0.497877400110108    0.080615147036657
   23   -0.814792064788990   -0.377082987679309   -0.440366110821145
   24   -0.866937188672693   -0.154622255477701    0.473826834410290
   25   -0.748779886947148    0.385489514184355   -0.539190611340114
   26   -0.450385453786016   -0.221388626649954    0.864950876644455
   27   -0.624489735407552    0.246399547305731   -0.741147646193480
   28   -0.775823755405330    0.614826731532225    0.141723642142630
   29   -0.817617357180394    0.279595959233917    0.503316954629400
   30   -0.756765336210693   -0.551201991254664    0.351400897475818
   31   -0.756567148380022    0.643173765924775   -0.118040911629251
   32   -0.892100205063595    0.365611565159302    0.265490880346683
   33   -0.457417626374018   -0.407796343985079   -0.790234937796831
   34   -0.601237409624550    0.798204644077111    0.037187678627375
   35   -0.683434383353272   -0.192008039170948    0.704308424303061
   36   -0.143392871462177    0.972926163943897   -0.181254417676495
   37   -0.701348840474709   -0.616908084127588   -0.357119335380780
   38   -0.575779658951030    0.780081641619930   -0.244847741965881
   39   -0.657463531944830    0.453228606998948    0.601934825342763
   40   -0.461504696718469   -0.170247018043304   -0.870648819992399
   41   -0.558722979466181    0.501400196144220   -0.660625821114321
   42   -0.520514507550083   -0.828343629371049   -0.207150860751993
   43   -0.780596069326677    0.038790571292204    0.623830961183048
   44   -0.743620277464115    0.547361495335622    0.383958690965766
   45   -0.493786075632791   -0.747439825566932   -0.444419867543793
   46   -0.353794552061133    0.870247068623814   -0.342781934301562
   47   -0.545871014433064   -0.427238358313056    0.720758087563214
   48   -0.230552323960755   -0.089449941314826   -0.968939798911712
   49   -0.587895120974607    0.750336663137573    0.302281687645522
   50   -0.671433632823834   -0.271082545690964   -0.689703653850474
   51   -0.485703081256296    0.707507540891726   -0.513347442225519
   52   -0.638644798736007   -0.502824989296612   -0.582494507430162
   53   -0.242215206618006    0.774488562663238   -0.584379380186218
   54   -0.303024617719818   -0.435796419378727    0.847500773989286
   55   -0.449731765133148    0.089088676910627   -0.888709484070322
   56    0.059337750201520    0.986172238395645    0.154736381044488
   57   -0.288490327170140   -0.897464212274048   -0.333663481394935
   58   -0.642173572708851    0.234138658252280    0.729926154639065
   59   -0.243197604019361   -0.782876565987610   -0.572677228311629
   60   -0.181869522783159    0.981052915527116    0.066773150430175
   61   -0.711200787015100   -0.689145785949219    0.138821922827536
   62    0.013616325595887   -0.000324588739686   -0.999907240857579
   63   -0.330314076231498    0.585593930036186   -0.740251551939005
   64   -0.420534256313169    0.238514135989427    0.875363893589602
   65   -0.314956556271415   -0.007073807145473    0.949079727374955
   66   -0.519412603578912    0.659833552567048    0.542982716253589
   67   -0.228906932054296   -0.346895417448618   -0.909541195224625
   68   -0.179681631846028    0.224292302841159    0.957813903669893
   69   -0.143216389651314   -0.788145891702700    0.598594285912753
   70   -0.404507870170125    0.348865233643901   -0.845379460198209
   71   -0.214783319361223    0.175924089367551   -0.960686650528867
   72   -0.397714854230310    0.913807972508766   -0.082327905985648
   73   -0.213360148954062   -0.582038163771623   -0.784671283246467
   74   -0.157216320680710    0.437259378392211   -0.885487021090472
   75    0.567324185745864   -0.790616302047776    0.230367383116820
   76   -0.455171337672591    0.470184393765310    0.756138670629199
   77    0.256383385093301   -0.155481240311947   -0.953988020762923
   78   -0.427930695669953   -0.622449693861715   -0.655310383188675
   79   -0.067944438649139    0.663952003264564   -0.744682006374281
   80   -0.009236620219374   -0.730778515195391   -0.682552156670641
   81   -0.397614008909725    0.896634074224029    0.194808718642557
   82   -0.577301426029895   -0.613888695520024    0.538389945129525
   83   -0.358484933454773   -0.636570969085827    0.682836696292062
   84   -0.147641435342700    0.933678829732620    0.326260401334688
   85    0.030288121854383    0.262444872025569   -0.964471523074692
   86   -0.038924810994685   -0.889667476769466   -0.454946853893595
   87    0.009739313962562   -0.259805739967941   -0.965611787025847
   88    0.034304311195631    0.435940897157225    0.899321270970028
   89   -0.100842127520663    0.902841083219586   -0.417981870142702
   90   -0.526288968400711   -0.848740271829626    0.051573953836100
   91    0.101827865860912    0.513205709834367   -0.852203605441572
   92   -0.175831451389983   -0.242239076322409    0.954150685481365
   93    0.019706877829069   -0.404114689586420    0.914496012362384
   94   -0.220369437570265    0.465872380821486    0.856971548986713
   95   -0.077461465491650   -0.978420173103905   -0.191555961085033
   96   -0.310997780021843   -0.948052776208178   -0.066905263959218
   97   -0.347927919171171    0.822805022732501    0.449375185816248
   98    0.247510689235485   -0.402057619322088   -0.881526023132176
   99   -0.359726875752231   -0.805467657535317    0.470976037103914
  100    0.152955881807507   -0.197372807089010    0.968322504769094
  101   -0.338949110623562   -0.915269590459111    0.217704104665729
  102    0.013974675114224   -0.507277631901491   -0.861669375472906
  103    0.225085999916566   -0.637464054985212   -0.736868964771464
  104    0.109691349837724   -0.869090739328112    0.482337117154479
  105   -0.555159217333422   -0.766617151419743    0.322639716338243
  106    0.213715471902559   -0.543998677471219    0.811413048933175
  107    0.165284649629463   -0.937525760597562   -0.306147730373473
  108    0.261119575563331    0.097941964370890   -0.960324913179283
  109   -0.122697969508189   -0.923419620799054    0.363650123335466
  110    0.072209192943866    0.808818416982751   -0.583608259711865
  111    0.287818594241234    0.925467140084695    0.246314898925045
  112    0.664509556035502   -0.578857706745587   -0.472600047903869
  113    0.084546928621230   -0.717965985660312    0.690924496812447
  114    0.101197043932047    0.990120604310146   -0.097058473200058
  115   -0.290238235706521    0.669976715669734    0.683295665868270
  116   -0.109310044830070   -0.989337185561409    0.096245765437650
  117   -0.109562738152914   -0.591581852723284    0.798765871790303
  118   -0.100901658758686    0.815313299504348    0.570160572918787
  119   -0.028879283487750    0.647773031667366    0.761285811262567
  120    0.353055653871668   -0.854689085725103    0.380602511830436
  121    0.100218682782643    0.899613899262666    0.425030643453779
  122    0.522856596554327    0.830840162972116    0.190592767523044
  123    0.474150531530979   -0.528483929963656    0.704191741799817
  124    0.140977044418240    0.929391826956665   -0.341110399919512
  125    0.450409485196359   -0.506290988020253   -0.735391549512657
  126    0.376549678274952    0.808529842963501    0.452205520563878
  127    0.213209664730777   -0.815284951482352   -0.538379129194110
  128    0.337766777509355    0.941229790458941    0.000292512503950
  129    0.354639954467166   -0.925212584958577   -0.134952492862467
  130    0.427821036279499   -0.829723554951133   -0.358507996111648
  131    0.654518439323768   -0.390354116951422   -0.647479170293728
  132    0.125717461564342   -0.991729564089765   -0.025837793407009
  133    0.345130683643049   -0.346675049392547    0.872181874001493
  134    0.070374567118963    0.195137566358158    0.978247796061220
  135    0.277109277771808    0.341131224850149   -0.898242693042935
  136    0.375297905817422    0.894260424344263   -0.243823246103969
  137    0.482525992484038   -0.264262358975783   -0.835065310143972
  138    0.358270097509127   -0.924892563400947    0.127343171769931
  139    0.176385400459146    0.755956409417306    0.630411054444449
  140    0.248263379078612    0.666529563891168   -0.702925056508529
  141    0.594188298907632   -0.300759196160031    0.745978666830645
  142    0.334452320008046    0.804172924640690   -0.491373130030605
  143    0.487868317292120   -0.004916176679673   -0.872903394534246
  144    0.328802641069223   -0.721954952669376    0.608826633404011
  145    0.121295406643659   -0.963205631737960    0.239838143995958
  146    0.563556098225606   -0.824860186783725   -0.044835213971279
  147    0.574192612197487    0.815532300890403   -0.072179708382834
  148    0.521045221522392    0.637560754569482   -0.567475251761232
  149    0.425208227190195    0.494596747776468   -0.758005290627125
  150    0.677212231391662   -0.112660276200376   -0.727111584160218
  151    0.692834423495109   -0.467584594436858    0.548949094785225
  152    0.507739098686867    0.243814599651721   -0.826290172192142
  153    0.552830880141891   -0.682043425805615    0.478742919819064
  154    0.263688557175316    0.037741853268779    0.963869232482621
  155    0.453413559539591   -0.690169306102140   -0.563988007798152
  156    0.722548893750349    0.682437637690932    0.110462513111768
  157    0.703038877888847    0.144600436794049   -0.696295231820355
  158    0.446278289890848   -0.117968930153606    0.887084561634636
  159    0.608108924590885    0.690850965412728    0.391060710659125
  160    0.811953639170394   -0.559925195444044   -0.164969886175941
  161    0.291408901117959    0.317773192438573    0.902275484825240
  162    0.740796958389271   -0.596957041387271    0.307997008393525
  163    0.244016253648724    0.558812755122670    0.792580830368394
  164    0.810530421316889   -0.227298440157746   -0.539792418640464
  165    0.437508676150389    0.640990447111318    0.630648400461911
  166    0.492755595519397    0.152184783928211    0.856756508364569
  167    0.490524831336262    0.417174708747415    0.765082121228853
  168    0.785958734348414   -0.220620641240012    0.577577181474723
  169    0.652836768089603    0.502856744463040    0.566515003136153
  170    0.737442512756054   -0.673459339168952    0.051293848229158
  171    0.656328547675141   -0.036845582675504    0.753574973406059
  172    0.859523253278174   -0.371673019296880    0.350826087685686
  173    0.679463493194512    0.244538001313068    0.691759009576111
  174    0.922240199795015   -0.125218362696825    0.365777767948759
  175    0.816074467631250    0.046558391410059    0.576068380897337
  176    0.640537982352388   -0.720553899844341   -0.265543161431514
  177    0.880984930259060   -0.462962271322965    0.097629339790458
  178    0.793295447843014    0.527316539069802    0.304334684278672
  179    0.814395108829764    0.329205473025103    0.477895766087621
  180    0.573267259214304    0.747159801569454   -0.336328530504943
  181    0.650312573841233    0.404588976641431   -0.642962919836153
  182    0.832109721128179   -0.413984700484096   -0.369066497760332
  183    0.751957974996620    0.637222095309580   -0.168840768442491
  184    0.852750788874619    0.029370513593465   -0.521491577117954
  185    0.871446905407918    0.490363995539443    0.011110487548102
  186    0.933772659741939   -0.147179492225220   -0.326200577845583
  187    0.826277276778336    0.291335382595409   -0.482068000107624
  188    0.937742453165440   -0.323300909371666   -0.126947286425182
  189    0.946258612013474    0.134046040815806   -0.294323458344626
  190    0.729921432533811    0.539099696859582   -0.420221631015939
  191    0.967941336529523   -0.219372810712573    0.122332084742750
  192    0.882236318541451    0.402327667998471   -0.244523057827559
  193    0.924342576648037    0.326691847787869    0.197137610781442
  194    0.970362179549463    0.235624681346246   -0.053649324697491
  195    0.993838617057720   -0.049812528461979   -0.099012702483185
  196    0.922510895300019    0.132046000054629    0.362680991950682
  197    0.989774288354612    0.047828374514609    0.134384912484298
   
 U =    17878.5095277515     


 http://math-lab.ru/  - см. Задача Томсона
