    207
    1   -0.183682145571266    0.011979110359833    0.982912697198140
    2   -0.999389327152418   -0.027007433573385   -0.022171407389185
    3   -0.926503490781945    0.050061476109902    0.372941188632427
    4   -0.956680849226721   -0.290021205197540    0.025484372831329
    5   -0.840614323938196    0.123974324174169   -0.527255085642129
    6   -0.883633079378399   -0.361814373669581    0.297124452097665
    7   -0.968511326264286   -0.127048806248105    0.214113081638477
    8   -0.949845985302800   -0.221992281359603   -0.220254469241628
    9   -0.972650554165129    0.168338041500112    0.160041254888152
   10   -0.891783372093078    0.452447292659119    0.003723523026917
   11   -0.871460341637277   -0.123547669808138   -0.474650235687733
   12   -0.869264245334423   -0.467338902817535   -0.161164579534335
   13   -0.961157044307768    0.018486760723518   -0.275382235911301
   14   -0.624568299909417    0.021682800448424    0.780669132804016
   15   -0.847678078876516    0.471046319092424   -0.244043520425554
   16   -0.683397429708378    0.608844139503944   -0.402835905623722
   17   -0.911946944931355    0.252363070982423   -0.323520710364404
   18   -0.727744202881613   -0.680441453853665   -0.085952330100570
   19   -0.718809418691239   -0.016086216745981   -0.695021045171701
   20   -0.732845152424394   -0.407779711010017    0.544659241963867
   21   -0.969943640179129    0.229776232522189   -0.080076325115291
   22   -0.853861686652794   -0.511492064935544    0.096416220494376
   23   -0.838008736485291   -0.369628918648705   -0.401392351786772
   24   -0.860130062085614   -0.188317274600571    0.474038901761882
   25   -0.774944463423003    0.385832093912375   -0.500594320700132
   26   -0.487139522197236   -0.224387134214953    0.844005627891337
   27   -0.672021096707111    0.248198545365013   -0.697699883660062
   28   -0.754874336061962    0.648597721172531    0.097394726986693
   29   -0.851240180443510    0.268398868116735    0.450945897854893
   30   -0.738398139534136   -0.569196586043320    0.361639923085321
   31   -0.732571652608016    0.665265593991618   -0.144084916789163
   32   -0.888044286194336    0.392117476120549    0.240044226505124
   33   -0.522051003380302   -0.408706776978675   -0.748613064487472
   34   -0.567298425756385    0.823483669399366    0.006866029921480
   35   -0.694971990428774   -0.206140195768842    0.688854231465447
   36   -0.121119473042346    0.975612873230617   -0.183056261396993
   37   -0.719503566735429   -0.613516724517578   -0.325441002629076
   38   -0.550107885618954    0.795120185710513   -0.255274762668626
   39   -0.712591791647708    0.459646742197191    0.530035669425953
   40   -0.550352500015041   -0.172048695009572   -0.817013691606632
   41   -0.589019960908733    0.499544853317556   -0.635224704474737
   42   -0.542239292661388   -0.819329133427526   -0.186215790444789
   43   -0.801945040688697    0.031667085431600    0.596557916228653
   44   -0.744940900561739    0.582048605997013    0.326009930718681
   45   -0.520354926493879   -0.744128210451554   -0.418931923925258
   46   -0.339225311017522    0.874072374227922   -0.347740812929155
   47   -0.538401899387593   -0.439128026593263    0.719228733433349
   48   -0.344125530242634   -0.098146000925007   -0.933779942993881
   49   -0.572043388423969    0.778865128312591    0.257168181661408
   50   -0.725974737939179   -0.266434935210110   -0.634013489741129
   51   -0.480311010328003    0.713207910569312   -0.510525033332401
   52   -0.673056112751020   -0.501605316416796   -0.543495699735418
   53   -0.243102192847589    0.768564914808260   -0.591784838905548
   54   -0.303087868576426   -0.440772218465677    0.844900938187812
   55   -0.525165332751266    0.088871620257406   -0.846346978720356
   56    0.108518912118344    0.977462285495021    0.181083202278679
   57   -0.317214497383397   -0.889580287025382   -0.328666815461552
   58   -0.693138260571635    0.253903402846153    0.674605376316312
   59   -0.279457722579607   -0.779212016263264   -0.561009817206044
   60   -0.128739187315905    0.989470594164145    0.066137469967449
   61   -0.696964860172737   -0.699317599223693    0.158728948526752
   62   -0.123633412833327   -0.011773799958557   -0.992258110002493
   63   -0.366246697100092    0.585099631962733   -0.723548047845026
   64   -0.493583060386559    0.265337379424144    0.828234168324252
   65   -0.418100275158693    0.016425643526848    0.908252364790180
   66   -0.552617858533912    0.671160313237796    0.494122794823248
   67   -0.317280806799706   -0.351049230766789   -0.880963862604235
   68   -0.264903989882659    0.248411317186625    0.931728336822410
   69   -0.130452696223379   -0.763677332910294    0.632280812018735
   70   -0.461892041312396    0.348950688832668   -0.815407357665771
   71   -0.303018262619928    0.176550589162443   -0.936488025542876
   72   -0.356588412385543    0.929688986757561   -0.092320593878385
   73   -0.275480224615377   -0.580980857914937   -0.765879813405658
   74   -0.221015520953487    0.436762219286551   -0.872003958306122
   75    0.475991254896545   -0.821889252219578    0.312938304379562
   76   -0.525719916821366    0.489825250916543    0.695478103625040
   77    0.132344526868299   -0.160540319718565   -0.978116420449359
   78   -0.470565816355854   -0.622670066996458   -0.625179814248649
   79   -0.097968592211520    0.641463959105629   -0.760871963019156
   80   -0.064017360530201   -0.726389804134903   -0.684294987559900
   81   -0.362257266485498    0.917229749453692    0.165708357048078
   82   -0.557479970140053   -0.626964126521343    0.544180178753302
   83   -0.345186216627158   -0.633697344026549    0.692296289188615
   84   -0.134996204367517    0.939812571207847    0.313892267834139
   85   -0.062605503654170    0.266579458448557   -0.961777491546502
   86   -0.076121062326131   -0.888795771273197   -0.451937673620185
   87   -0.098466002217926   -0.267287524767239   -0.958572806578103
   88   -0.071578680747555    0.410288536827797    0.909142348045753
   89   -0.106305954534309    0.900366569134350   -0.421946780075152
   90   -0.522655745924007   -0.849811822670198    0.068197047608930
   91    0.060180992393322    0.477456914620064   -0.876591776618994
   92   -0.247074660524434   -0.223075905272505    0.942969380528121
   93   -0.032581407434000   -0.366837264143037    0.929714404279977
   94   -0.309248481592528    0.481839249092489    0.819875792218981
   95   -0.106108758944667   -0.974500156771917   -0.197712861814124
   96   -0.333830027909363   -0.939865720435161   -0.072179914220854
   97   -0.363738209018682    0.835448083427843    0.411972104876806
   98    0.152499799044808   -0.398945729584749   -0.904204687079969
   99   -0.340569685396153   -0.802655273685327    0.489649671718770
  100    0.023534713554766   -0.124293902458584    0.991966301377981
  101   -0.335125569696699   -0.914395138365146    0.227095538198460
  102   -0.064913680078386   -0.508081122504175   -0.858859585202132
  103    0.156959511942733   -0.629547895279969   -0.760942283724108
  104    0.067701217294286   -0.854641143937817    0.514786421990257
  105   -0.533995176855668   -0.775628023413664    0.336526849434479
  106    0.180625819985680   -0.483970037824128    0.856240220757594
  107    0.129847354960363   -0.943348933241996   -0.305339900047450
  108    0.104267809939462    0.084898877830716   -0.990918969620379
  109   -0.136439256105113   -0.915120628089206    0.379392363443310
  110    0.037528145266659    0.803339820502525   -0.594337253676576
  111    0.343957266357495    0.895829681814281    0.281393994428458
  112    0.549881850396519   -0.711926504451885   -0.436795836591217
  113    0.125849229074322   -0.690454013562280    0.712344879041843
  114    0.114899981655279    0.990560778446484   -0.074748501116162
  115   -0.344872737454019    0.684983282177277    0.641763740093359
  116   -0.141411186590063   -0.986938826726472    0.077166240072746
  117   -0.087730325919090   -0.581531804443193    0.808779420073962
  118   -0.144447889715866    0.825248080854875    0.545985725273087
  119   -0.116883270384024    0.643581071554915    0.756400492755367
  120    0.248254360641514   -0.901840862826721    0.353628096392848
  121    0.099356218124332    0.901107461572093    0.422058863926738
  122    0.562242286153493    0.809573824873706    0.168741914592229
  123    0.378029456181166   -0.582317004685493    0.719722610672672
  124    0.119365876474970    0.936345557700478   -0.330164783264271
  125    0.369185115236283   -0.475747467313763   -0.798352489839239
  126    0.329335463997688    0.798602931158106    0.503757392500705
  127    0.146763722701660   -0.817665274107326   -0.556672173920829
  128    0.342452142194582    0.938780500148854    0.037652394965125
  129    0.341426024123243   -0.929033202002591   -0.142567807124214
  130    0.349228036248509   -0.850689668753341   -0.392895490142532
  131    0.558517568617762   -0.519370831626059   -0.646770488505281
  132    0.100111406728970   -0.994024593637109   -0.043506476383716
  133    0.232993911899281   -0.244465454386781    0.941249424238514
  134    0.005923742565961    0.167362727707204    0.985877592122073
  135    0.228162859311164    0.290058853159812   -0.929412487184549
  136    0.341116240417535    0.912960426431619   -0.223926260838703
  137    0.371299351286163   -0.231295449449275   -0.899243685993142
  138    0.305398997519446   -0.945886295344822    0.109683948656883
  139    0.080054393416594    0.764827523912851    0.639241857797218
  140    0.177212938994631    0.658515054501947   -0.731405152598191
  141    0.430418696139321   -0.352309056127452    0.831034340436249
  142    0.273864249394297    0.823264702814445   -0.497225906408287
  143    0.342723884409965    0.026750103984295   -0.939055254493459
  144    0.325262382346124   -0.765731708473694    0.554850730619039
  145    0.053526195569654   -0.973454575383298    0.222533449290579
  146    0.531438262936282   -0.845094558484002    0.058211338311327
  147    0.544117330934182    0.834493741381189   -0.086928279476164
  148    0.412719690754903    0.658865385048175   -0.628934703485583
  149    0.340164923208982    0.478137516066494   -0.809735969775328
  150    0.579048695214368   -0.286706277183889   -0.763218264452504
  151    0.596847080589293   -0.456606514107742    0.659760603299723
  152    0.470358473942910    0.235319724291508   -0.850521918206383
  153    0.552685728480861   -0.660797645758566    0.507823745893707
  154    0.228554823040478    0.034598321334815    0.972916054459864
  155    0.364450921943172   -0.693433585727723   -0.621550792517848
  156    0.737237281097444    0.675058837940328    0.027870354836317
  157    0.557378784736920   -0.035194608124680   -0.829512043242378
  158    0.441186827812787   -0.084367826174865    0.893440682346074
  159    0.554288861949301    0.725710176286900    0.407564225064695
  160    0.724225794128854   -0.689557491210421    0.002732294644100
  161    0.192651026911476    0.315467886540666    0.929174684540813
  162    0.746438730532614   -0.510644814014587    0.426697897206991
  163    0.115251385084062    0.548732572075175    0.828015508659088
  164    0.716813289958476   -0.526890200038237   -0.456689636889839
  165    0.296633738283280    0.652066483438607    0.697723244910254
  166    0.417998964050445    0.190247599212393    0.888303279880625
  167    0.380292544991131    0.440290402290758    0.813339991562453
  168    0.625108266193659   -0.192764304850257    0.756360746146940
  169    0.519631018161832    0.587197272244875    0.620631104950659
  170    0.675870851332542   -0.690705056346440    0.257148045795582
  171    0.616089137734834    0.088229115972244    0.782719488360872
  172    0.767108027926855   -0.296106433652954    0.569092482325589
  173    0.594435543931900    0.347036333802793    0.725404829823391
  174    0.775631265819006   -0.015051491692711    0.631006808269000
  175    0.770688496874542    0.243205367195777    0.588974014836331
  176    0.556810644508553   -0.806964316167812   -0.196902256446658
  177    0.891992840789178   -0.328655517756446    0.310377709620221
  178    0.740121558430617    0.613458161714326    0.275479876891787
  179    0.708002238023684    0.491718736419479    0.506897933717909
  180    0.495906055892189    0.782852229830148   -0.375791923781524
  181    0.565626221950458    0.431552715136319   -0.702729842187254
  182    0.742149020915584   -0.627895450191163   -0.234440044325360
  183    0.685302657273066    0.690728781899971   -0.230768320593311
  184    0.753804423153985   -0.312517372861584   -0.578024033490979
  185    0.859309013109155    0.496536241215760   -0.122636785462982
  186    0.881342333362215   -0.464365583471088   -0.087179678315550
  187    0.676017842664596    0.171033062763465   -0.716761862713729
  188    0.841476550916733   -0.516654388315680    0.158067888236130
  189    0.746027975884011   -0.076612640579609   -0.661492828760694
  190    0.618350557589608    0.599672061492850   -0.507972446687354
  191    0.889939655626013   -0.119880826866848    0.440040903432821
  192    0.786627835706440    0.502305267910400   -0.359034909056576
  193    0.883262699198898    0.453795242033084    0.117969837297552
  194    0.756032581572826    0.347363476134953   -0.554755217233484
  195    0.959924882812271   -0.271936650386061    0.067784050739514
  196    0.858405333937387    0.372158515504098    0.353041530142883
  197    0.902258292808283    0.284119418335437   -0.324354943207925
  198    0.867116571581653   -0.376559905676090   -0.326054426017643
  199    0.963730895981766   -0.201606330528424   -0.174864655150909
  200    0.904312567723058    0.127599790674987    0.407353744646872
  201    0.964815305080335    0.203144311889038    0.166924580664053
  202    0.889562583389420   -0.140069010957092   -0.434809248295207
  203    0.851472720703722    0.107498746294404   -0.513262335889292
  204    0.975114698617433   -0.061035941633548    0.213133616234367
  205    0.961583586416976    0.046033365382842   -0.270625083103905
  206    0.962106361818465    0.261106104388870   -0.078580855170367
  207    0.999725185037083    0.006232838495390   -0.022598808084977
   
 U =    19780.7679856466     


 http://math-lab.ru/  - см. Задача Томсона
