    268
    1    0.025718212974094   -0.007501831467000    0.999641083612543
    2   -0.992631642074838   -0.056979126595566   -0.106938310647858
    3   -0.941971825820400   -0.085710116879375    0.324565640857295
    4   -0.959900785762055   -0.277088278564048   -0.042574257196134
    5   -0.872839152026000    0.048560722606823   -0.485585904769111
    6   -0.828170541016424   -0.479579403481613    0.290064045942934
    7   -0.941489507938902   -0.289946556178644    0.171838589964850
    8   -0.930344471235144   -0.259783267802134   -0.258789139285721
    9   -0.991388730445277   -0.073456439896749    0.108409116700565
   10   -0.989766066293264    0.142411425093347    0.009062009558647
   11   -0.860676968334615   -0.193847022716582   -0.470806210624130
   12   -0.871868613061153   -0.462069137669069   -0.162287502823186
   13   -0.948059951944482   -0.042519266906229   -0.315237116248681
   14   -0.563976427454386   -0.091672808157232    0.820686715818134
   15   -0.895520765581007    0.360315774013367   -0.261180208688092
   16   -0.775621362754937    0.499321055728521   -0.386121722963536
   17   -0.856819118479421    0.260517323373271   -0.444962607901580
   18   -0.763545981166566   -0.643637267173044   -0.052236031150933
   19   -0.761376621965795   -0.083049051343685   -0.642968502023908
   20   -0.755960484084098   -0.389973843284784    0.525779562228346
   21   -0.960924389025308    0.157023670197874   -0.227964658607266
   22   -0.874039588016438   -0.481655679379840    0.063738568396222
   23   -0.823017212811394   -0.410994411367696   -0.392079406805159
   24   -0.878622310744560   -0.287719469278471    0.381104109214275
   25   -0.717865068571876    0.396356568391485   -0.572338373706692
   26   -0.506284433330321   -0.317320801613678    0.801862570164395
   27   -0.756242869556592    0.161878622144317   -0.633949551571312
   28   -0.929040028348843    0.327886987991669    0.171390632274146
   29   -0.878581641126316    0.065217607511076    0.473118339896396
   30   -0.688161833274964   -0.583857630313640    0.430747674106525
   31   -0.936281207549526    0.347797801346550   -0.049134405136393
   32   -0.962674861905550    0.121952607286584    0.241629203183587
   33   -0.566265010317418   -0.423676573100881   -0.706995119852824
   34   -0.846878746175410    0.526565240605486    0.074333280988067
   35   -0.683221833604532   -0.242619247533276    0.688726235025534
   36   -0.554154750882419    0.820236847413626   -0.141859177423955
   37   -0.745958807492952   -0.602161511410619   -0.284511812934669
   38   -0.825630284839318    0.543314073133556   -0.152133003293732
   39   -0.770510259513310    0.202783853001828    0.604311715049828
   40   -0.611382691571441   -0.201629183311082   -0.765216882252454
   41   -0.545751688238548    0.514780133219158   -0.661178122163491
   42   -0.617428126120992   -0.768287213876714   -0.168870560099378
   43   -0.827785612978984   -0.146283997420322    0.541638228934903
   44   -0.876136825118165    0.276730882267744    0.394720511844999
   45   -0.586321829639241   -0.708414423333040   -0.392906753444388
   46   -0.682343935109065    0.679466121882353   -0.269689716960123
   47   -0.599065787783184   -0.471124170820001    0.647427368572629
   48   -0.457069991880695   -0.074659630644600   -0.886291691303824
   49   -0.821527285563695    0.484159653500500    0.301135100904267
   50   -0.732301857787178   -0.320834004896554   -0.600665905794132
   51   -0.616248082260856    0.621814026515731   -0.483306959952070
   52   -0.677987053232574   -0.528679505014108   -0.510716689199647
   53   -0.421993071658731    0.718224045663755   -0.553241419004776
   54   -0.304277895742243   -0.373354565213613    0.876368262088961
   55   -0.626209843619311    0.038259021882342   -0.778715274666475
   56   -0.397731175945276    0.917344536732929   -0.016997429436117
   57   -0.434527601210675   -0.859477975328313   -0.269227364344045
   58   -0.733394499203867   -0.006738647737844    0.679769886920695
   59   -0.398362486981824   -0.782572381422746   -0.478422195137296
   60   -0.567601777838614    0.817371327377348    0.098652597410496
   61   -0.740854184974723   -0.646340387233686    0.182699700153140
   62   -0.259388322915259    0.265744041357988   -0.928492219901671
   63   -0.342979357340451    0.606366324829998   -0.717415528512238
   64   -0.600550045103172    0.133559350470813    0.788353691707214
   65   -0.405938533057590    0.060323186725116    0.911907353036688
   66   -0.747294351090705    0.419528458264289    0.515312551306787
   67   -0.422796599401429   -0.298688512636440   -0.855586470179150
   68   -0.435139547529903    0.271556127872337    0.858435113209178
   69   -0.312955945457887   -0.705014127456606    0.636406832371527
   70   -0.611047826534282    0.282811642653752   -0.739349801154512
   71   -0.461230309952911    0.161505568876402   -0.872457765397645
   72   -0.715238250472600    0.698129409761089   -0.032397103073074
   73   -0.366878209899999   -0.502976219498862   -0.782569678507419
   74   -0.435822218667177    0.387833694738519   -0.812184719716820
   75    0.130061443059160   -0.959871919321609    0.248455065408655
   76   -0.628941366457253    0.338777049840412    0.699759150036861
   77   -0.054414127608293    0.198775078164439   -0.978533377569386
   78   -0.500102077477472   -0.618133496678563   -0.606472499283066
   79   -0.096709223576612    0.622711938706732   -0.776451651725535
   80   -0.292274497552859   -0.678574600408006   -0.673878423576047
   81   -0.715693415490471    0.670255675377506    0.196316745714236
   82   -0.515567455857036   -0.658352612357928    0.548417757063532
   83   -0.411354554114566   -0.530277624520451    0.741345446969329
   84   -0.541216597905269    0.774181059594736    0.328219867035220
   85   -0.236961463665745    0.470325392881873   -0.850084283790672
   86   -0.221509411332047   -0.909094143003271   -0.352819245292087
   87   -0.276223489542564    0.049276937780180   -0.959829342762523
   88   -0.228325133637735    0.244737895374360    0.942322129591065
   89   -0.495692593543231    0.791080688690634   -0.358441343440092
   90   -0.615075624094585   -0.785461015910900    0.068796577886360
   91    0.116662917947701    0.562354489210780   -0.818625184098566
   92   -0.365143664636362   -0.157731443583379    0.917491632594560
   93   -0.151935276804617   -0.192072375306597    0.969548283638513
   94   -0.458741498676568    0.464094578713040    0.757741683821830
   95   -0.249408324170925   -0.957364028940454   -0.145772438839284
   96   -0.454105449026987   -0.889801970212076   -0.045174051962463
   97   -0.670573354361950    0.616547238641991    0.412554092141502
   98   -0.070922735052198   -0.022453695080924   -0.997229059559502
   99   -0.401220374935727   -0.809678448398182    0.428302487660236
  100   -0.194623269248884    0.027207717379957    0.980500649251110
  101   -0.445989644778251   -0.873066436611891    0.197099553557041
  102   -0.251303849373864   -0.176347315206818   -0.951707938240102
  103   -0.202523950501562   -0.392317797271603   -0.897257374122497
  104   -0.187153669229227   -0.838324025859719    0.512041337940981
  105   -0.586940823720494   -0.745173289449731    0.316571063334878
  106    0.035024727011396   -0.597551209965133    0.801065428018825
  107   -0.016283262192074   -0.961896982174343   -0.272926823629110
  108   -0.039053696710382    0.413804503419360   -0.909527702559471
  109   -0.245420937126701   -0.921250167121515    0.301772585233372
  110   -0.189903811887485    0.757779945506365   -0.624264444301430
  111   -0.167431003013852    0.980819088794368   -0.099803678721583
  112   -0.028988722882275   -0.738583599757510   -0.673538358309972
  113   -0.195364291054445   -0.576339329360855    0.793514821041594
  114   -0.342461421367078    0.909584330802700   -0.235322162223290
  115   -0.575765391668052    0.556833305189881    0.598690975369303
  116   -0.271448697324374   -0.959652369180078    0.073368488112837
  117   -0.092829186173576   -0.406154254215564    0.909077259630308
  118   -0.449203749539874    0.724620271752736    0.522629365003832
  119   -0.340168459143135    0.634329723482919    0.694198257927999
  120   -0.026363105154758   -0.919323414147468    0.392618704198923
  121   -0.388024754845634    0.892471094755860    0.230069847333939
  122   -0.005187083238783    0.994855104200817    0.101175173896835
  123    0.200256931808802   -0.695454866223672    0.690101217437225
  124   -0.272165285607357    0.855286872452622   -0.440919973601195
  125   -0.032877461988860   -0.253555271861083   -0.966762016529727
  126   -0.223806610431130    0.968493807755194    0.109226120809875
  127   -0.187606630842923   -0.817220469854087   -0.544935276629466
  128   -0.109176376931361    0.946176023915966   -0.304682540501938
  129    0.188546090325392   -0.965317606705294   -0.180588731674411
  130    0.011158325366721   -0.879009104442818   -0.476674402586971
  131    0.028713465825136   -0.466230526654451   -0.884197168563563
  132   -0.045976560274152   -0.997191156180696   -0.059126592497489
  133    0.123592573135112   -0.422964207434832    0.897678202417139
  134   -0.011920065075595    0.211622392861939    0.977278811234532
  135    0.162205135967754    0.344649268224177   -0.924611472878323
  136   -0.032303354465049    0.866848880953692   -0.497523377219240
  137    0.134733515080778   -0.092402361244008   -0.986564079799437
  138    0.159079333449826   -0.986704848219381    0.033276240315393
  139   -0.297784537938163    0.852811401161884    0.428995434723097
  140    0.054729288939921    0.743251454046032   -0.666769811097196
  141    0.249562371294510   -0.084829221794016    0.964636006980707
  142    0.199047145173409    0.834236574047359   -0.514227160426247
  143    0.153545843354983    0.128639875679062   -0.979732339148649
  144   -0.074097497419645   -0.736425527481247    0.672448513531045
  145   -0.070355690603428   -0.984431343653183    0.161074536885577
  146    0.399542908387982   -0.878963801857532   -0.260361478297053
  147    0.058813639139270    0.991734577446913   -0.114032818729474
  148    0.407788561211171    0.748986098803218   -0.522233963990145
  149    0.270335674512061    0.675151810046078   -0.686358985136505
  150    0.187122694937704   -0.324834178203568   -0.927074891101071
  151    0.289885002826903   -0.523371697264198    0.801279446659428
  152    0.365721956719158    0.265129029241513   -0.892162568272713
  153    0.088848123518807   -0.826438983905763    0.555971777006708
  154    0.069593705999554   -0.222964935004910    0.972339114632083
  155   -0.132502167964163   -0.586651015964383   -0.798926630519195
  156    0.211581456382958    0.972687506332571    0.095458380142302
  157    0.333254510198270   -0.162877124364963   -0.928661657327959
  158    0.206281509734598    0.143687125718839    0.967885297255968
  159   -0.135295425479569    0.942575080940474    0.305364314605293
  160    0.374883321299583   -0.926295318592216   -0.037940455526231
  161   -0.052284247772625    0.424465037833459    0.903933509220612
  162    0.359548226419812   -0.754325174740723    0.549289180332861
  163   -0.261176409455584    0.453229601305838    0.852273319800661
  164    0.186503195362122   -0.781931704668123   -0.594810362514408
  165   -0.194728952416220    0.770784244457540    0.606607190516978
  166    0.161676691475436    0.369513229210836    0.915052250350622
  167   -0.123810602355254    0.620025171467102    0.774751393346033
  168    0.480181902660407   -0.388859155759648    0.786265793061942
  169   -0.037672118711752    0.872690706762493    0.486817976046640
  170    0.571338713683756   -0.658813661991290    0.489424798125123
  171    0.303632520017666   -0.297335136528953    0.905206666664044
  172    0.448358557747069   -0.592165770706142    0.669562770544308
  173    0.094916221820632    0.579278773876569    0.809584469324452
  174    0.472315469115149   -0.163687802922383    0.866097223646964
  175    0.035909621688980    0.748305214160140    0.662381918179309
  176    0.211489612369426   -0.896551430265851   -0.389188484860598
  177    0.630570220969650   -0.465092043830187    0.621345787136396
  178    0.096594694451639    0.947452892603300    0.304963081866368
  179    0.187161762228543    0.846692176008454    0.498079144158412
  180    0.331836980389001    0.884334819476798   -0.328384143203123
  181    0.324031285949872    0.477800322520739   -0.816523470284076
  182    0.390905188918818   -0.785823092822220   -0.479244405354579
  183    0.117104239785463    0.939244481735005   -0.322655234816686
  184    0.293060920002892   -0.489316848480425   -0.821391696427620
  185    0.277552793116927    0.953155563612718   -0.120245243511393
  186    0.353509804462715   -0.651762050302523   -0.670997055086075
  187    0.530994059228389    0.358053457933844   -0.768012389435077
  188    0.571577418902818   -0.747883121356238   -0.337594565997207
  189    0.357339060401475    0.051847360283617   -0.932534528659937
  190    0.524864089435628    0.784978415621422   -0.329130026933720
  191    0.645383296860198   -0.250326986075935    0.721676381888724
  192    0.483743653140627    0.866584576521490   -0.122569367222118
  193    0.314086345704147    0.900398413813973    0.301052260983864
  194    0.472684738087150    0.563877396408944   -0.677208550004024
  195    0.549764191770364   -0.634429305611284   -0.543377207498311
  196    0.399502972887275    0.778283229698417    0.484430169399502
  197    0.596476541481057    0.620266045567335   -0.509397455999789
  198    0.132064873625482   -0.626979736549087   -0.767759909809781
  199    0.443007984235386   -0.324579126108811   -0.835698699770521
  200    0.303918225240204    0.516969654602512    0.800235020845129
  201    0.518612000991886    0.807253953712338    0.281749262009665
  202    0.530780559333682   -0.096381351575779   -0.842011064595858
  203    0.550006846718685    0.131904091279748   -0.824677985195575
  204    0.780088024711111   -0.313854426937980    0.541256013725251
  205    0.670166707564545    0.426161193716377   -0.607670322660512
  206    0.419270450006150    0.903572936965305    0.088137604548426
  207    0.668634517275809    0.733777135553191   -0.120411783670452
  208    0.614406367452181    0.784756179307738    0.081624473490106
  209    0.255012198013643    0.700795675106261    0.666223836722021
  210    0.778739822224036    0.496252945464056    0.383793308176062
  211    0.633997151836786   -0.266569858188364   -0.725939475554456
  212    0.461503754030323    0.619433971888839    0.635071523126282
  213    0.414166011176606    0.052200379315837    0.908703271472785
  214    0.872438016939940   -0.347599436417224    0.343549906709831
  215    0.599828320018554    0.670276078973319    0.436962200264361
  216    0.247955269389434   -0.877207880213735    0.411125916566858
  217    0.366557791352169    0.289273453401834    0.884282904254061
  218    0.740175039243822   -0.520706767856000    0.425447262524233
  219    0.495686417322686    0.427930448830961    0.755758232932419
  220    0.648806468092623    0.505293152211971    0.568971877414750
  221    0.693479394418334    0.647017448649995   -0.316945974354673
  222    0.665250916087731    0.316515488216933    0.676209408662162
  223    0.513085426943774   -0.486919851101151   -0.706860950443267
  224    0.555686312927511    0.185340273993766    0.810470051550916
  225    0.867319108597943    0.463487235950513    0.181485938771641
  226    0.466827051099843   -0.812555725195693    0.349035381892906
  227    0.565273404095422   -0.817614863167003   -0.109416242627758
  228    0.655534553488161   -0.701018772721562    0.280797310305906
  229    0.720452498883111   -0.668609058913384   -0.184147015159191
  230    0.712377652074146   -0.571926028113379   -0.406716976768590
  231    0.803984526008524    0.307989187653015    0.508676264659247
  232    0.784525620927444   -0.099727177767627    0.612024542091993
  233    0.779371955973242    0.470069952359751   -0.414262711489876
  234    0.702284689564055    0.210319295966682   -0.680119113499979
  235    0.623896923243933   -0.028581680308164    0.780983813351798
  236    0.340068926429514   -0.921341358853908    0.188369917296558
  237    0.807901822317783   -0.549689739720621    0.212451960549867
  238    0.532900170571986   -0.837216565509823    0.122824389435829
  239    0.697182344730304   -0.025343151284607   -0.716445743151093
  240    0.699562010786707   -0.712513508997927    0.054198639830909
  241    0.825420520723423    0.270794839628392   -0.495329303392507
  242    0.691992041602311   -0.428555126683607   -0.580936758823422
  243    0.714626367678508    0.656648674068360    0.241084370009518
  244    0.831137750736267   -0.555876553879992   -0.014536029291492
  245    0.788461162625412   -0.190255161255748   -0.584920480618462
  246    0.829190285941166    0.053142314678842   -0.556434510154953
  247    0.903961004025196    0.283215038044431    0.320380625861259
  248    0.746760937737348    0.113621829614362    0.655315329978417
  249    0.898051805891433   -0.131642766247709    0.419729836954423
  250    0.789493481497505    0.612858493214449    0.033234168680191
  251    0.833897740200070   -0.344635870399846   -0.431092421323963
  252    0.838208402873106   -0.482823936793597   -0.253550230550182
  253    0.920410452396285   -0.367587584932994    0.133131388195250
  254    0.914359561947793    0.403408404927614   -0.034759895114896
  255    0.823557554155629    0.538512803275171   -0.178204701682963
  256    0.876295493809891    0.089072921941750    0.473468290496035
  257    0.928378576428785    0.126896852001859   -0.349299882307569
  258    0.900280823927158    0.340494377119899   -0.271215812995424
  259    0.935711612732783   -0.241636089967110   -0.257013186086669
  260    0.960705709351922    0.060848510538068    0.270817279330397
  261    0.974100074795153    0.191954374097723   -0.119509675544821
  262    0.924121085275652   -0.372478644223783   -0.085204925598015
  263    0.965439185295852   -0.156506828580835    0.208405355264328
  264    0.905404491478211   -0.096745772400180   -0.413379924928358
  265    0.981302478368176   -0.024969932831406   -0.190845352059911
  266    0.984628438961046   -0.173778166641003   -0.017549529567061
  267    0.962825082801840    0.245523633657019    0.112632167889478
  268    0.998305161371063    0.033737991451576    0.047418906700909
   
 U =    33490.0045997377     


 http://math-lab.ru/  - см. Задача Томсона
