    210
    1   -0.097444248175287    0.033887429688291    0.994663893285905
    2   -0.998093859475383   -0.051722363574702   -0.033666671706328
    3   -0.920210102768316    0.056480021567636    0.387328509055096
    4   -0.955888873691419   -0.291509172397148    0.036039749739414
    5   -0.833022806740505    0.111380599940541   -0.541910846364101
    6   -0.882345969591141   -0.350972814007830    0.313502270763218
    7   -0.965444021068433   -0.126748439586346    0.227711825001782
    8   -0.945794280592130   -0.235904166266503   -0.223209325829637
    9   -0.980534013669799    0.131017619062452    0.146244423934046
   10   -0.914849345487159    0.403440883241822    0.016915341875825
   11   -0.863907692116493   -0.134589248603151   -0.485334146400595
   12   -0.870378222749086   -0.467904630275806   -0.153319947595225
   13   -0.956519978699023   -0.000469635718468   -0.291666435833664
   14   -0.574836360369400    0.005680091384927    0.818248675745412
   15   -0.865390230996346    0.442423831479551   -0.235288974316784
   16   -0.706842324427191    0.585553323507998   -0.396864251006694
   17   -0.909994770253360    0.234005709782826   -0.342273057514861
   18   -0.735053640352836   -0.673114700727518   -0.081318789148315
   19   -0.708491188389016   -0.018439540924947   -0.705478716408651
   20   -0.734139661327705   -0.392777466007548    0.553863539025934
   21   -0.975056462599150    0.197933781047091   -0.100434620843783
   22   -0.857656065003442   -0.502424101208780    0.109526693948831
   23   -0.834638131268613   -0.374867350290904   -0.403551309647625
   24   -0.854767653845202   -0.172763476176147    0.489412953689931
   25   -0.776707881113976    0.374319979565468   -0.506566303965774
   26   -0.463653809734281   -0.222731292910150    0.857563942733987
   27   -0.666523545867487    0.249852739599379   -0.702367404795323
   28   -0.799587115780435    0.587018489691336    0.126766466537600
   29   -0.831459758546222    0.249832863430314    0.496244103510024
   30   -0.741915011776937   -0.557709602372708    0.372185591770158
   31   -0.767052777841829    0.628960104510470   -0.126646053784999
   32   -0.906680895547122    0.331424917531661    0.260935389874584
   33   -0.519192622851919   -0.401103980284650   -0.754688424037335
   34   -0.633717782393541    0.773249032063328    0.022084082306926
   35   -0.679908783728169   -0.200173350532861    0.705446437049426
   36   -0.187265153548230    0.967421441098955   -0.170374638865585
   37   -0.723680901610375   -0.609145765415954   -0.324387714194305
   38   -0.590521046156168    0.762460103794805   -0.264460742205417
   39   -0.690471269483544    0.424376038075580    0.585793824075550
   40   -0.542145950427664   -0.165605977753967   -0.823803634713417
   41   -0.591461994527281    0.501180922796167   -0.631656862271750
   42   -0.553869350287155   -0.807648778253322   -0.202317062548865
   43   -0.778801900994318    0.026276227061480    0.626719362154265
   44   -0.777395990300924    0.510447167997099    0.367558380325883
   45   -0.525043426554843   -0.732945714837431   -0.432573669255303
   46   -0.355815411495961    0.865938097356341   -0.351491969309173
   47   -0.540362600303537   -0.432828437692159    0.721573145092141
   48   -0.341080558970404   -0.081014973850949   -0.936536505590875
   49   -0.638507636929605    0.713853205960369    0.287613626107446
   50   -0.718987189529659   -0.268384847744371   -0.641113870379883
   51   -0.495523573936536    0.706418411766189   -0.505400252464220
   52   -0.671035880346758   -0.500777496072022   -0.546747424973441
   53   -0.249897117529737    0.782449678775533   -0.570371747927958
   54   -0.313298583389420   -0.439218406385240    0.841980515890120
   55   -0.519097805678138    0.100198201983794   -0.848821411404871
   56   -0.046320216317293    0.992654546118468    0.111764885499235
   57   -0.327651478227912   -0.880616573737866   -0.342284908918353
   58   -0.651785785267690    0.222851653857532    0.724922361702234
   59   -0.283026108168311   -0.769692367336633   -0.572249842078466
   60   -0.278646804714958    0.958632913813334    0.058128261421618
   61   -0.707154353025933   -0.687344633294040    0.165801315068232
   62   -0.125172947006944    0.007468724203714   -0.992106824639547
   63   -0.366401756237207    0.599303538899726   -0.711747863564447
   64   -0.435939304684546    0.245169893791045    0.865938014992784
   65   -0.348204904209602    0.017257892795891    0.937259574408620
   66   -0.573316202650310    0.631410120032104    0.522139628930493
   67   -0.315228578606886   -0.335201741308316   -0.887846121720062
   68   -0.194189979618148    0.257327314081998    0.946611274622930
   69   -0.144679785562450   -0.790895315799663    0.594602690118162
   70   -0.459535507005123    0.364114544335405   -0.810091177834301
   71   -0.301858669419113    0.195628336339182   -0.933065323392573
   72   -0.446499757181680    0.888193372885928   -0.108399719548623
   73   -0.276221260669439   -0.566341173089067   -0.776504662457531
   74   -0.221945393282939    0.450832348327282   -0.864575292326926
   75    0.475185861081546   -0.835381072707328    0.276291260792924
   76   -0.496192045599054    0.459166657576871    0.736857811557909
   77    0.134318014580210   -0.148298805986065   -0.979778615352641
   78   -0.468144583996819   -0.613154027164699   -0.636304005524212
   79   -0.106295368304036    0.651589763609752   -0.751087261665445
   80   -0.072074698118970   -0.712302256893881   -0.698162397093214
   81   -0.465498923335984    0.864926075588190    0.187652967311074
   82   -0.564338990855576   -0.619038586354347    0.546180127800822
   83   -0.354132686421701   -0.637468371632986    0.684269037422664
   84   -0.224770347978303    0.924214252878682    0.308717193310661
   85   -0.062173309520205    0.280320639498291   -0.957890817710753
   86   -0.086591662968934   -0.880779136894651   -0.465542689680966
   87   -0.098291746941902   -0.246741717196520   -0.964083636142644
   88   -0.021263487955899    0.451372872604514    0.892082055618595
   89   -0.095379751394418    0.916302520127164   -0.388963230437722
   90   -0.544934589196046   -0.836843600213152    0.052336242509628
   91    0.055582956278484    0.487190889609068   -0.871524854524109
   92   -0.225462314792678   -0.207395558983310    0.951921124212677
   93   -0.069020717405431   -0.408761132435241    0.910027734291158
   94   -0.270295636159713    0.475375716110332    0.837232463301325
   95   -0.123587255743834   -0.969363052875641   -0.212276852099623
   96   -0.353981379544202   -0.931101961122519   -0.088013186113120
   97   -0.412316394928480    0.801420608629416    0.433266890654292
   98    0.148898353015525   -0.383871438715208   -0.911302364206294
   99   -0.358884689977118   -0.802472399786388    0.476696787152067
  100    0.034426221847155   -0.166622783648470    0.985419546801547
  101   -0.364759261836675   -0.908367659234531    0.204496641931215
  102   -0.068713226619288   -0.489335071802151   -0.869384655944623
  103    0.148072473432946   -0.615332764620925   -0.774235191266465
  104    0.050742341109063   -0.888288354349728    0.456474549504596
  105   -0.547443681707298   -0.767819197749968    0.332804890176442
  106    0.145469804715819   -0.563372309011244    0.813295873194547
  107    0.112542930633859   -0.939403585897039   -0.323813204746389
  108    0.102004987797287    0.092260847656107   -0.990496299061360
  109   -0.166905926687784   -0.924331405454337    0.343152829694440
  110    0.009911034612445    0.811334444045831   -0.584498238917580
  111    0.187815282619281    0.969422533867796    0.157941034705938
  112    0.531087891774695   -0.715054577716567   -0.454579588297684
  113    0.106920730558463   -0.745479068622053    0.657897344289549
  114    0.055683396138640    0.991416933371046   -0.118287039102424
  115   -0.356528602598515    0.664541843072522    0.656712642131189
  116   -0.163491437367565   -0.984929382128115    0.056432810741773
  117   -0.111681482192848   -0.618980306944794    0.777425640270333
  118   -0.172865385516031    0.822592412567051    0.541718821232485
  119   -0.117760359198995    0.663242559646312    0.739081730849256
  120    0.246297817857026   -0.920403896134259    0.303634735990042
  121    0.018841012621071    0.929137315851004    0.369254471247951
  122    0.430214692165621    0.886932376452270    0.168125781025900
  123    0.365187333717443   -0.633193215453979    0.682425500106346
  124    0.149596100846493    0.929833391396230   -0.336200640772905
  125    0.361992156448662   -0.461766097704150   -0.809773887996353
  126    0.269006164171008    0.883201408416131    0.384175683522217
  127    0.132411995917065   -0.807029393496959   -0.575474257781519
  128    0.298249067479622    0.952421485795278   -0.062775848405659
  129    0.329547678411690   -0.927702956724783   -0.175401116694170
  130    0.329551144857384   -0.846645063718865   -0.417837503108165
  131    0.547370957062652   -0.510785683841562   -0.662935155612391
  132    0.084964425424614   -0.994072622998368   -0.067828214021966
  133    0.180627067794434   -0.347009593214941    0.920303322061149
  134    0.075763670109919    0.219309881646572    0.972709125126130
  135    0.223434390536294    0.291726733545561   -0.930039023944970
  136    0.391287376430320    0.879236548336059   -0.271730162323527
  137    0.372611639994783   -0.217709405517958   -0.902088233206384
  138    0.301271383708608   -0.951172292219637    0.067132882195999
  139    0.076258792987732    0.806071283134270    0.586884727181007
  140    0.167077088979241    0.662706547797282   -0.730003614953262
  141    0.398330095915232   -0.425065655534942    0.812805218470460
  142    0.252898119105003    0.810181487814193   -0.528818019886173
  143    0.343255684881832    0.035465721797144   -0.938572169507338
  144    0.314835515333459   -0.801032135383192    0.509142530504140
  145    0.038658187281163   -0.981395920274498    0.188062734811300
  146    0.530425399443213   -0.847239289003649    0.028887415843238
  147    0.543640623508978    0.837285917193541   -0.058370928895645
  148    0.420306587341825    0.627609050042860   -0.655323777182980
  149    0.332683261160624    0.470599523363083   -0.817225756051516
  150    0.576682356140525   -0.274373725653860   -0.769517068548212
  151    0.589140757416673   -0.490288065147949    0.642285591558763
  152    0.472776020837238    0.236220429431726   -0.848930352172897
  153    0.544570077308065   -0.686738962149660    0.481490424376535
  154    0.210411993727901    0.011457550262475    0.977545660026903
  155    0.352719401850550   -0.682837955000856   -0.639782268251035
  156    0.644173908402301    0.745608041988461    0.170612495016742
  157    0.560921286714074   -0.021964534185047   -0.827577711969735
  158    0.357017898280234   -0.178931978076203    0.916799633251073
  159    0.506806731466167    0.767992985722883    0.391578486157032
  160    0.723591140640238   -0.690205932902777   -0.005624177519152
  161    0.233025259020623    0.394589065109645    0.888818709498325
  162    0.738295947925909   -0.524204548939402    0.424415697338613
  163    0.122554382754175    0.628474690084075    0.768114566449217
  164    0.696900293431563   -0.538615078728446   -0.473522732275179
  165    0.321842928214832    0.746265485978224    0.582670536406114
  166    0.372743921753444    0.186899225400402    0.908917294554676
  167    0.355000953284584    0.562797236995608    0.746480805645494
  168    0.581863199419413   -0.256381711458605    0.771818395214160
  169    0.547163230772736    0.595420475894948    0.588291471785353
  170    0.674656987108411   -0.697343109309821    0.241972183616035
  171    0.515742664843570   -0.012286939266625    0.856655435273431
  172    0.757329818912493   -0.306228162122051    0.576780597896047
  173    0.500173543228669    0.374638143226793    0.780687317876793
  174    0.723361250738414   -0.063986825643908    0.687498499688671
  175    0.632356008759255    0.176179378930842    0.754378356413814
  176    0.546044973648633   -0.808909905567803   -0.217944147495067
  177    0.879288245490811   -0.330499324104026    0.342961190382341
  178    0.703509854095432    0.593066699962457    0.391593889873508
  179    0.695493059521546    0.395107321090343    0.600149655484506
  180    0.483272514658785    0.749330252812230   -0.452716079674373
  181    0.574885575373829    0.417386397247309   -0.703772101336799
  182    0.728650141412589   -0.638552400799433   -0.247628356317878
  183    0.639345979981177    0.721242306094693   -0.266545031432060
  184    0.745202297413743   -0.317286824607242   -0.586517354270044
  185    0.750315656487736    0.658691291798286   -0.056144436398303
  186    0.870308985112138   -0.483675443029963   -0.092845765885415
  187    0.685717775114034    0.175979407379795   -0.706273587974883
  188    0.839183832635056   -0.517398227232152    0.167539754986585
  189    0.746023421247029   -0.075283457262882   -0.661650554305991
  190    0.649490260699582    0.567219720212485   -0.506383441927616
  191    0.871430723769658   -0.094039903686278    0.481419765054329
  192    0.797556186358706    0.520360383305050   -0.305170773645803
  193    0.814923951579088    0.554720819456212    0.167880212069656
  194    0.770921535741665    0.348533954268821   -0.533107933210013
  195    0.949674184832685   -0.304925886326117    0.071687840744494
  196    0.839582566650771    0.376815914269186    0.391293854449034
  197    0.901112593687129    0.287421024927029   -0.324630941113677
  198    0.849432555852883   -0.401333724664064   -0.342630375922081
  199    0.950595427626725   -0.241172051334283   -0.195459393814616
  200    0.804050436090294    0.160403543173024    0.572515152254111
  201    0.927820719135441    0.340840078199533    0.151580850492171
  202    0.883069743817119   -0.154396757831436   -0.443113381343770
  203    0.854598166088766    0.102244619019220   -0.509124751312811
  204    0.963137435774194   -0.117175072539016    0.242149297305994
  205    0.959240417957797    0.024756042655008   -0.281504811518764
  206    0.890696207720409    0.446895699309454   -0.083333663613192
  207    0.973068865409371    0.207647833354372   -0.100096755562581
  208    0.996976919364244   -0.067979520139149   -0.037627212182579
  209    0.922240847888183    0.134526173087902    0.362456241829009
  210    0.985924293199751    0.106409482996486    0.128958559262239
   
 U =    20370.4461790971     


 http://math-lab.ru/  - см. Задача Томсона
