    121
    1   -0.167580870978310    0.033373910816279    0.985293272969514
    2   -0.994919037324398    0.031749245859986   -0.095541062150338
    3   -0.868516808093743   -0.066327268852060    0.491201839843136
    4   -0.845603540274877   -0.524181813701512    0.100936013687823
    5   -0.723750298096047    0.449378647766972   -0.523683431986359
    6   -0.818621588270289   -0.404264881381347    0.407956616442919
    7   -0.963035952689806   -0.208188281436771    0.170936810837342
    8   -0.944934612504748   -0.282078282267976   -0.165922936218143
    9   -0.965455007762220    0.120368134067355    0.231102012730298
   10   -0.864285217803967    0.432435253859937    0.256925696466198
   11   -0.894831092187284   -0.085613347777737   -0.438118330063009
   12   -0.796380931143748   -0.563395323015131   -0.219916171563834
   13   -0.905091804895462    0.234741344150974   -0.354549469125634
   14   -0.113593743871179   -0.284615243067160    0.951887926579148
   15   -0.529879630029440    0.834883163602178   -0.148988861373870
   16   -0.269989176687598    0.891749113898062   -0.363165750496345
   17   -0.766968091321911    0.594367907718066   -0.241840313365810
   18   -0.617559064670624   -0.783519985880193   -0.068682118265573
   19   -0.738355743055786    0.147576333302791   -0.658066883033512
   20   -0.587424904058162   -0.582677375301669    0.561621810833427
   21   -0.929227312802102    0.365592088073139   -0.053656558601040
   22   -0.637879382641085   -0.722618797034930    0.266330560344132
   23   -0.773968881825555   -0.393732444354972   -0.495930370342409
   24   -0.677344546274375   -0.265336776492685    0.686149226242245
   25   -0.519267377879840    0.708477052861373   -0.477934781992961
   26   -0.350636816910992   -0.845494971938850    0.402730772418313
   27   -0.500961430362787    0.432434689788718   -0.749691859603801
   28   -0.736942669220916    0.671985339993780    0.073151931724298
   29   -0.665509727884713    0.088850659616733    0.741081886417747
   30   -0.372822964484310   -0.923441683344594    0.090876259907819
   31   -0.492822293619070    0.845008554544591    0.207573431966857
   32   -0.801585436082938    0.279497435649867    0.528528118575421
   33   -0.200080767010779   -0.533595975548667   -0.821731721153957
   34   -0.210442719177372    0.920871942830827    0.328190077321378
   35   -0.392379338844438   -0.420466527489919    0.818074784911851
   36    0.328354961437071    0.857722750349334   -0.395594113748971
   37   -0.576992521100847   -0.694455540186866   -0.429896654205935
   38   -0.247349551253833    0.968702218899055   -0.020837720474543
   39   -0.559681298232519    0.456658636209664    0.691534333481637
   40   -0.677759917975216   -0.166763536325252   -0.716122487105750
   41   -0.267431314870037    0.673328175503928   -0.689281988666057
   42   -0.356317710460818   -0.895157230453584   -0.267826850742472
   43   -0.447219946554445   -0.107021819410834    0.887998113496777
   44   -0.654727197002710    0.626796325834426    0.422443680773471
   45   -0.052891983366253   -0.901033604347557   -0.430512348176023
   46    0.038724894144837    0.969010332848706   -0.243965893939934
   47   -0.055170533860606   -0.962440714731032    0.265827167199961
   48   -0.404417714090714   -0.223476734195911   -0.886850867848012
   49   -0.379584369851805    0.736313969170196    0.560140558225379
   50   -0.517156088834574   -0.489884795008637   -0.701827947149921
   51   -0.008206859112668    0.831169863851687   -0.555958006407204
   52   -0.294027222505978   -0.749767379823357   -0.592787372148090
   53    0.267343487746520    0.694989159521188   -0.667470993907270
   54   -0.288977654703255   -0.684236669147387    0.669561121688151
   55   -0.480862683306471    0.108666710924138   -0.870035991060272
   56    0.356773814890494    0.930785304237297   -0.079694180617948
   57    0.190675659287300   -0.956418487922282   -0.221148070115496
   58   -0.394635395495637    0.250773924217210    0.883954378661424
   59    0.310611484396000   -0.815961657101271   -0.487572640641229
   60    0.098006693835702    0.909290410736617    0.404457212700960
   61   -0.094506534176278   -0.993021513741521   -0.070546355288464
   62   -0.165539902279500    0.053522037382570   -0.984749680003864
   63    0.023249690769324    0.560659567095964   -0.827719941588275
   64   -0.232301243962081    0.532141267595131    0.814163253516097
   65    0.156566572634208   -0.023283278807389    0.987392929517705
   66   -0.060596586136504    0.756828016242115    0.650799053148994
   67   -0.090451123480019   -0.261351904141070   -0.960996241648759
   68   -0.013120768964915    0.309145117652417    0.950924361688900
   69   -0.020475874771742   -0.571449784831305    0.820381546579753
   70   -0.225123091205107    0.366687798328345   -0.902695769549945
   71    0.111554646814073    0.252784339852166   -0.961070048591512
   72    0.068029353596357    0.993808341800541    0.087846381922769
   73    0.162279185671947   -0.447315603193064   -0.879530679986591
   74    0.371648280029737    0.424018764986644   -0.825884763686883
   75    0.613082773700820   -0.669651804532620   -0.419161035018183
   76    0.153262521442207    0.546089554567017    0.823587759691688
   77    0.182174373265771   -0.083715261866047   -0.979696000122448
   78    0.057371700416233   -0.716654536760249   -0.695064574649222
   79    0.561978311971274    0.600670636083993   -0.568660851316819
   80    0.399125690570323   -0.587695538943459   -0.703784510082966
   81    0.297456996544011    0.740709169369293    0.602386305969241
   82    0.274473360597661   -0.869466238452090    0.410722332621686
   83   -0.006810548218157   -0.823295100386064    0.567572721431597
   84    0.386681343538287    0.885171703410230    0.258744263784259
   85    0.435064299135582    0.106237683330616   -0.894109954232816
   86    0.493209883930141   -0.855045502998195   -0.160128692607482
   87    0.447000323246855   -0.259084469009282   -0.856192705490642
   88    0.333540461763454    0.249579230649015    0.909098986906963
   89    0.619119352168511    0.738317644488843   -0.267541181142062
   90    0.242708157253630   -0.964997614907885    0.099359718320050
   91    0.661711657559828    0.295472330836745   -0.689081841263668
   92    0.220817331146700   -0.348044389934178    0.911100877455726
   93    0.503288133773472   -0.408858230010774    0.761272620127161
   94    0.492036309064869    0.483554416497346    0.723930519350948
   95    0.745600489109885   -0.661988420841108   -0.076493406979926
   96    0.544447746423367   -0.820122746005104    0.175998104818107
   97    0.578341435768740    0.681610626289936    0.448250083995078
   98    0.679216153115570   -0.043081394372895   -0.732672785632013
   99    0.277483869952832   -0.655349023715288    0.702510041943472
  100    0.466513239207410   -0.086744312645857    0.880250431336337
  101    0.780552122258572   -0.576543177452283    0.241529188651940
  102    0.660619109431971   -0.405751351995608   -0.631623489594114
  103    0.850298812801724   -0.181811862953005   -0.493899155129401
  104    0.730216920084520   -0.427854721780081    0.532657100462171
  105    0.537073258469259   -0.685649225292630    0.491362854612382
  106    0.638090500242928    0.175882004699342    0.749603918027828
  107    0.842292539497058   -0.445824320179019   -0.302958666231075
  108    0.873043454138719    0.141070585310859   -0.466791406460731
  109    0.908413228036667   -0.239654917519253    0.342565216618447
  110    0.800181852771615    0.451782081585085   -0.394464134305811
  111    0.626590481745725    0.776930681768882    0.061343980240939
  112    0.973124728124243   -0.110462810252972   -0.202055019893431
  113    0.733497197560538   -0.129856810747303    0.667172443880423
  114    0.842974557238029    0.531667816270755   -0.081995298592273
  115    0.762718101264721    0.380672778014255    0.522828207045152
  116    0.930097830863660   -0.366741182436811    0.020467782673388
  117    0.884534028374960    0.079861881030300    0.459588547077783
  118    0.791902121146656    0.560002263688166    0.243492289790779
  119    0.939633953300335    0.283417245397286    0.191736013353250
  120    0.993027605453672   -0.024982580899792    0.115204363886669
  121    0.962928342338263    0.225185690416222   -0.148527480128946
   
 U =    6586.12194961101     


 http://math-lab.ru/  - см. Задача Томсона
