    141
    1   -0.245957672941460    0.093971292593635    0.964714579183658
    2   -0.984993374712089   -0.111778420389193   -0.131505271790099
    3   -0.894789256268509   -0.063276055345722    0.441982270782816
    4   -0.911215587687400   -0.409729193626567   -0.042522237072254
    5   -0.836214783719030    0.337945029925592   -0.431900442507676
    6   -0.806654387393838   -0.543514754660212    0.232164619968075
    7   -0.949726430265594   -0.241536655678782    0.199197770114229
    8   -0.887721150062993   -0.278570978062203   -0.366536996648777
    9   -0.991899498444922    0.057579821831607    0.113225214075986
   10   -0.915084583955980    0.390570959499823    0.100371957246527
   11   -0.758897091319326   -0.182988856293295   -0.624972225990514
   12   -0.787013982341418   -0.549032856547346   -0.281375041591401
   13   -0.906958222893603    0.031269846073444   -0.420058303872475
   14   -0.459200033425223   -0.124485325736665    0.879567355566651
   15   -0.640765885492815    0.762702034266486   -0.087776345984396
   16   -0.472197495961484    0.815743264009486   -0.334054564451459
   17   -0.838929761890262    0.521417731548261   -0.155950004302066
   18   -0.474453640490333   -0.875558231640051   -0.091057816978101
   19   -0.734212310105915    0.143743022953109   -0.663528618102669
   20   -0.610462783931408   -0.623700891783396    0.488192981333521
   21   -0.962331543380525    0.215594559877402   -0.165641137300266
   22   -0.718404350704847   -0.695045544060427   -0.028405643278985
   23   -0.676039281743450   -0.483794787804874   -0.555799867607610
   24   -0.804358702589251   -0.357721188621861    0.474386581576565
   25   -0.682484654994852    0.611152322142326   -0.400883442956430
   26   -0.352764468028187   -0.635680514294672    0.686634920349127
   27   -0.612837222896516    0.450210443766458   -0.649415964198675
   28   -0.744873429403231    0.646500729027483    0.164925381721562
   29   -0.763098350486226    0.199753167747473    0.614637762800213
   30   -0.579184349155295   -0.782306535599652    0.229220361337354
   31   -0.483594411073837    0.856977706899919    0.178116971270862
   32   -0.910108327282672    0.223417328892511    0.348980701130124
   33   -0.215173750448455   -0.543267115517746   -0.811517774491092
   34   -0.267793732510826    0.861765698032703    0.430867031138528
   35   -0.595749869979903   -0.394161177509186    0.699799298773227
   36    0.264176538469650    0.943432328483727   -0.200365161876928
   37   -0.569142670990067   -0.742050081962586   -0.354172692224586
   38   -0.342374303279192    0.935114871124711   -0.091323678504010
   39   -0.583499073442742    0.459049394342102    0.669927223544178
   40   -0.563037648523845   -0.077496437904373   -0.822789710957103
   41   -0.405595302641010    0.688639257676749   -0.601056089946656
   42   -0.178526840362964   -0.975795977332651   -0.126294805480799
   43   -0.714116732586152   -0.107161076217168    0.691775827840534
   44   -0.769353858765101    0.480472545501819    0.420999730430140
   45   -0.294968271484882   -0.871810623198036   -0.391075384160488
   46   -0.045139312091738    0.985610897935780   -0.162891375996733
   47   -0.340765866810303   -0.821354669076903    0.457444129487518
   48   -0.267256522870778   -0.260901987961867   -0.927633604210503
   49   -0.558700903197056    0.707183586785530    0.433295136538533
   50   -0.503366515014451   -0.382116019674520   -0.774989999335674
   51   -0.193112735676426    0.888110661933500   -0.417093422963738
   52   -0.416990651712862   -0.666230320686542   -0.618268514629356
   53    0.109530651104789    0.881784022435889   -0.458759168023207
   54   -0.333565161308131   -0.392934083775401    0.856934705195831
   55   -0.486230054149513    0.255502752810696   -0.835642673484258
   56    0.126217256402038    0.986875319372457    0.100728884635214
   57    0.187022798111998   -0.978893043061388   -0.082406815448572
   58   -0.547889092421266    0.158097927012635    0.821475859584509
   59    0.027850142359121   -0.937433006676677   -0.347050036109639
   60    0.060624268898708    0.918695682655615    0.390285716738944
   61   -0.316492771736533   -0.932350023007999    0.174802059586006
   62   -0.315806138881233    0.036252074491771   -0.948130934913512
   63   -0.093943412842942    0.734271052222361   -0.672324815138998
   64   -0.343545816272234    0.376817635789194    0.860223657823991
   65    0.090752716309695    0.017484586029080    0.995719957484936
   66   -0.351393761018993    0.665085322272573    0.658926353103679
   67    0.033052655400035   -0.342452051285825   -0.938953733972626
   68   -0.014247617911003    0.301074322335878    0.953494235857697
   69   -0.054840670334839   -0.501053800760640    0.863676785389385
   70   -0.298526740462656    0.505930535330008   -0.809268854367591
   71   -0.141830431111172    0.282849278444660   -0.948620268861126
   72   -0.174680548651656    0.971283331924781    0.161540691616238
   73    0.086186933437154   -0.608907785462839   -0.788544939307482
   74    0.030466161747696    0.521643670773085   -0.852619313486825
   75    0.553092699567706   -0.692502394045317   -0.463172645917709
   76   -0.113538851874951    0.560801307530435    0.820128540283212
   77   -0.023691638873871   -0.033096324538422   -0.999171326424812
   78   -0.105712090785573   -0.782653272312746   -0.613415690376349
   79    0.236937894540103    0.702819937944053   -0.670749259380300
   80    0.210538757678795   -0.813065470493860   -0.542768801798397
   81   -0.027503001420859    0.774303043460331    0.632217036942941
   82   -0.043305314440821   -0.906359223676617    0.420282770759761
   83   -0.058449019737004   -0.740025602425751    0.670034193042555
   84    0.364624233906128    0.862045722179560    0.352031732831416
   85    0.163662856420727    0.223758883068950   -0.960805095571388
   86    0.380871517424812   -0.878373553510528   -0.288785019881241
   87    0.267631092768524   -0.098718908900439   -0.958450924778641
   88    0.302991772309846    0.258407689932548    0.917290276682503
   89    0.429223181764411    0.802623753921141   -0.414201122496753
   90   -0.022713646457865   -0.990912752344821    0.132574535658244
   91    0.330524265772626    0.450343075718720   -0.829424393111072
   92   -0.128427124760248   -0.193830270822896    0.972592566154265
   93    0.174861458220537   -0.297015676025126    0.938725283895307
   94    0.184464186289868    0.536271832690224    0.823641600114689
   95    0.659600304616809   -0.729371892781378   -0.181505041720399
   96    0.472987995030358   -0.880655237582927    0.026994611960920
   97    0.282475280794454    0.737864480419766    0.612995696783397
   98    0.454610159552406    0.125468168828470   -0.881809129824911
   99    0.237118410814665   -0.806379190397594    0.541781746228542
  100    0.381583120504758   -0.052408126133655    0.922847609554801
  101    0.715203364352850   -0.688428935665000    0.120622336892963
  102    0.338969205729382   -0.375831590984199   -0.862467676371397
  103    0.566328701152476   -0.161821696852117   -0.808137080376127
  104    0.221084714537516   -0.591283573571061    0.775567717625547
  105    0.251536879326356   -0.934960809798402    0.250154916961218
  106    0.578522934016433    0.193584578370602    0.792361171331669
  107    0.376055775741462   -0.616393200914864   -0.691839197644521
  108    0.596054274833063    0.337348802285519   -0.728639202246048
  109    0.501523184600920   -0.793680457706708    0.344304845104193
  110    0.535775969740702    0.596926772717707   -0.597178815984990
  111    0.415258029668578    0.907769220856903    0.059294270048819
  112    0.782233435073109   -0.488280128671861   -0.386902273187836
  113    0.448838257980357   -0.368581085128834    0.814059089905892
  114    0.594944898312274    0.789520839463318   -0.150656602992816
  115    0.470524396386068    0.489993383749100    0.733834638244634
  116    0.711299495217834   -0.572043403058398    0.408435274089080
  117    0.632395725983307   -0.116323984662563    0.765861852000914
  118    0.575073098469379    0.658662076929045    0.485237261380805
  119    0.718086358192298    0.384835714912643    0.579873654088369
  120    0.487073070666641   -0.616591119101374    0.618526649124098
  121    0.639350638808715    0.746262021289395    0.185266716481818
  122    0.810935638875535    0.584388885283486   -0.029546917921368
  123    0.707076494064138   -0.357078165044532    0.610358923577265
  124    0.721782174748520    0.599531831533249   -0.345820871541446
  125    0.732879887219108    0.065811924860416   -0.677167528353121
  126    0.803905244813164    0.517174886139836    0.293711583884829
  127    0.618717358295199   -0.429108890240412   -0.658068682479916
  128    0.909024288642114    0.351911299697046   -0.223233688775316
  129    0.862239138847375   -0.498760498190166   -0.088213564063776
  130    0.803038738892970   -0.206804306095175   -0.558892442977790
  131    0.932888270364951   -0.226014968399235   -0.280422376202370
  132    0.881954410525556   -0.412142733935289    0.228680529601594
  133    0.882597236901057   -0.186951626205930    0.431359718649733
  134    0.802231994966370    0.055406875606088    0.594435786597551
  135    0.792381301991747    0.344846199882163   -0.503202713308161
  136    0.946208750826020    0.313000180844649    0.081974914769579
  137    0.910358566049829    0.067155343711031   -0.408334961803117
  138    0.974391070937032   -0.224019264153315    0.019427047289546
  139    0.896649826531221    0.231455268196296    0.377422240210765
  140    0.991917446917799    0.063406688535419   -0.109906188856896
  141    0.977103555400725    0.000334487466624    0.212764024546906
   
 U =    9016.61534921188     


 http://math-lab.ru/  - см. Задача Томсона
