    235
    1   -0.087008812407313   -0.004170650374269    0.996198811602847
    2   -0.997219450128232    0.053985034014608   -0.051371046206873
    3   -0.916555865689748   -0.039640578820947    0.397937142750530
    4   -0.983206999018641   -0.182144557749586    0.011285263088011
    5   -0.831913438038307    0.218215754735461   -0.510197918455688
    6   -0.829589916184389   -0.459861585748967    0.316714213317974
    7   -0.939603691104507   -0.235319722312652    0.248534770109702
    8   -0.966705968271516   -0.106022102279615   -0.232892431685623
    9   -0.983508509172655    0.007590795067808    0.180702496427749
   10   -0.958544618087123    0.244354641431622    0.146570885059191
   11   -0.889272613008859   -0.015922285060266   -0.457100317863438
   12   -0.925459877537869   -0.341053709941722   -0.164943572177216
   13   -0.947996257983417    0.138130565766349   -0.286745604413575
   14   -0.513639653240376   -0.171227084769922    0.840747044038991
   15   -0.861197275473759    0.490443129198829   -0.133434589736826
   16   -0.741946422029349    0.599890000770826   -0.299411913278388
   17   -0.869914525235491    0.365119372518936   -0.331566829757876
   18   -0.826376827823348   -0.554764298671072   -0.096632868924682
   19   -0.742318610782302    0.062495435599459   -0.667126225399262
   20   -0.693291639431763   -0.461186423277788    0.553763293906575
   21   -0.955215372542924    0.282202465320259   -0.089024494521741
   22   -0.909111918101106   -0.408609630364110    0.080954866068898
   23   -0.879397144440173   -0.264867076290060   -0.395608511344264
   24   -0.836734836373411   -0.284685325963881    0.467791704479676
   25   -0.729619352169276    0.461959065705516   -0.504231516817992
   26   -0.517814397575426   -0.428977381386506    0.740166640644102
   27   -0.670617008845420    0.300867212188607   -0.678049959868059
   28   -0.845160499746467    0.426308253909647    0.322436043761876
   29   -0.802928287226831    0.140636622051442    0.579247361762613
   30   -0.669602921793091   -0.630888344786905    0.391933442740213
   31   -0.877921901436617    0.468698282750775    0.097852208582077
   32   -0.906904468919099    0.198884629924531    0.371442038862524
   33   -0.630643177837710   -0.313396615064984   -0.709980101068026
   34   -0.739980800122075    0.638154098649030    0.212574132547067
   35   -0.675144366242581   -0.262069412738809    0.689564868331935
   36   -0.433740586992053    0.896933446403720   -0.085903992445839
   37   -0.804295139084426   -0.497117149546086   -0.325551637797045
   38   -0.746192208870150    0.665028869412234   -0.030557982095879
   39   -0.636868425858780    0.245189524656939    0.730945076693635
   40   -0.603923202257593   -0.097620218946213   -0.791041755299825
   41   -0.548712272648796    0.526112933946708   -0.649707643928083
   42   -0.668933829212417   -0.688536988720867   -0.280079180408710
   43   -0.800012552815848   -0.091560406243107    0.592955822423279
   44   -0.760579807701862    0.365189948960235    0.536800388687099
   45   -0.610668411257488   -0.615242312466443   -0.498558911707733
   46   -0.605926382156670    0.771230228364752   -0.195082429406090
   47   -0.511252653336378   -0.628137010431892    0.586570217946835
   48   -0.399550747679208   -0.086664167219238   -0.912605348521025
   49   -0.685440766499411    0.578085889301375    0.442704935833495
   50   -0.781822290978178   -0.167462451730527   -0.600591568863595
   51   -0.584849159663415    0.674538092222818   -0.450499525617284
   52   -0.736723203761238   -0.417092482325063   -0.532233766523409
   53   -0.392234660887367    0.712829769264926   -0.581399768531330
   54   -0.331518537437790   -0.577330600179687    0.746180164190439
   55   -0.552547470204035    0.128954309790877   -0.823445249641699
   56   -0.229666216097779    0.972975559698153    0.023916300161081
   57   -0.459097753460863   -0.782441400496179   -0.420731158290858
   58   -0.657478578104924    0.003799672736779    0.753463656602109
   59   -0.371558024229893   -0.686058657645524   -0.625514310707597
   60   -0.400604458717215    0.898913267689947    0.177400690040565
   61   -0.777275716645825   -0.612088924236009    0.145566511053619
   62   -0.101591910213611    0.154464648746902   -0.982761291497913
   63   -0.330088802528356    0.558751769508194   -0.760813934228901
   64   -0.476248005325256    0.087550045549009    0.874941613450910
   65   -0.312397160430742   -0.089169097502527    0.945757308301339
   66   -0.583737722172362    0.473428121270305    0.659633296387842
   67   -0.436876780282616   -0.314672279348780   -0.842686202248108
   68   -0.265223149067771    0.159725126415301    0.950865166672011
   69   -0.207787064219262   -0.897060958594037    0.390007913393419
   70   -0.471848463215462    0.353319343294470   -0.807789867115930
   71   -0.339062398407541    0.143891393938837   -0.929694550234895
   72   -0.591257679943823    0.802995469566951    0.074917499707347
   73   -0.293618080418924   -0.515581982090997   -0.804961888907931
   74   -0.254283906126095    0.365576531745626   -0.895373382741577
   75    0.478548812855746   -0.855390509041070    0.198237510973113
   76   -0.440710511890022    0.328003183321814    0.835576541341601
   77    0.084225515316031   -0.005177929903531   -0.996433265006575
   78   -0.512252317423027   -0.512409776708377   -0.689226946678966
   79   -0.089936156150260    0.560636932512647   -0.823163238804872
   80   -0.146648133138436   -0.685986302645896   -0.712683041491254
   81   -0.561423228999159    0.762890038159892    0.320628675599292
   82   -0.462053367483712   -0.788470213630448    0.405982028930489
   83   -0.296845934562746   -0.764715344658633    0.571920390244305
   84   -0.350166824715162    0.842204203021761    0.409969846795323
   85   -0.022056415020712    0.365601493025637   -0.930510108947699
   86   -0.233532048082029   -0.836183743341500   -0.496245433117534
   87   -0.173278068664569   -0.066010570005104   -0.982658290336716
   88   -0.031976347917114    0.243281148633358    0.969428592467500
   89   -0.431987541105680    0.832825329820063   -0.346105091467277
   90   -0.679660154188523   -0.732188070416824   -0.044302419208454
   91    0.174593864885790    0.469157622282358   -0.865683607213748
   92   -0.344086937457799   -0.334498049373242    0.877334163495534
   93   -0.154055318867547   -0.472575047746463    0.867721028312698
   94   -0.217437469708564    0.388980606773144    0.895217869750785
   95   -0.279152668093321   -0.920658516413125   -0.272876682866757
   96   -0.495724701727435   -0.845002632853594   -0.200568119519877
   97   -0.494617630940656    0.675720748937428    0.546584731416909
   98    0.006491238850524   -0.233386212671534   -0.972362452768011
   99   -0.364676190528848   -0.905143765040921    0.218462904560278
  100   -0.122425191291344   -0.245715132612681    0.961580025864936
  101   -0.499783457240657   -0.865601008021981    0.030844623192817
  102   -0.222129657948537   -0.297951636436284   -0.928376667848027
  103   -0.067199501842617   -0.477099902736388   -0.876276160671414
  104    0.030842508078885   -0.945133339391944    0.325225630086615
  105   -0.604634804046918   -0.767573982106364    0.212713271162200
  106    0.048180612164520   -0.581145902759986    0.812371878093237
  107   -0.051457393231984   -0.938833227532409   -0.340505958189941
  108    0.161482584589647    0.221142402132089   -0.961779295292583
  109   -0.138950684592780   -0.978397320946473    0.153073151192369
  110   -0.157826240347727    0.724273553556309   -0.671206896177786
  111   -0.040247000738695    0.992840317089748   -0.112464588616455
  112    0.196640020654954   -0.762370938366356   -0.616541364882537
  113   -0.031613244146570   -0.841802435086142    0.538859223803000
  114   -0.246328217269182    0.940519535107720   -0.233977378089731
  115   -0.378181426653957    0.546887099744198    0.746922558681525
  116   -0.296247808260505   -0.954479395542838   -0.034732111727124
  117   -0.121246673413205   -0.696120232485243    0.707612793914103
  118   -0.278534443665957    0.734318407039267    0.619027495976560
  119   -0.146845458192550    0.588996569623655    0.794681981914644
  120    0.263256504805662   -0.930141146374635    0.255995039987860
  121   -0.170434177293087    0.950775735776979    0.258800485834497
  122    0.221821662201202    0.974958973069428   -0.015816162926047
  123    0.147978504041932   -0.734159255085907    0.662655680208974
  124   -0.225936901758111    0.850000839833070   -0.475868772569729
  125    0.158873410110482   -0.394217846502653   -0.905180384817677
  126    0.022894300886845    0.992642511610326    0.118897834845078
  127   -0.014811148397983   -0.824514752894141   -0.565646578830851
  128   -0.037005815535302    0.928480996862785   -0.369531606335988
  129    0.146583801609528   -0.975020951916349   -0.166875200164181
  130    0.172329202403900   -0.899511638854829   -0.401474105719827
  131    0.292530137401524   -0.537428554804428   -0.790946690487210
  132   -0.078331201766599   -0.991684756776276   -0.102105660995751
  133    0.085455268603456   -0.379551811238016    0.921215403504443
  134    0.143780543631552    0.078967423750674    0.986453902247437
  135    0.369159630256674    0.314185417321660   -0.874647752487348
  136    0.034223535333681    0.818135237687523   -0.574006517805543
  137    0.257754901750623   -0.168402429669297   -0.951421584948021
  138    0.321031932239496   -0.946921159590831    0.016697784336022
  139   -0.114167164618205    0.872955110142693    0.474252289608388
  140    0.108503193153011    0.663411404157676   -0.740346112240175
  141    0.317347164944303   -0.326255039815204    0.890420364713765
  142    0.297635948720292    0.729988531138218   -0.615247581414213
  143    0.334595174052803    0.062795229648298   -0.940267423999147
  144    0.217922282650696   -0.852880763760914    0.474451558676869
  145    0.091697905555102   -0.992421510560401    0.081798774402916
  146    0.366824582869912   -0.903092547812129   -0.223301534899590
  147    0.153656569918148    0.959140826782196   -0.237567954321611
  148    0.521293889785996    0.616688886132701   -0.589870747021917
  149    0.362761354390118    0.545179135543161   -0.755767100322221
  150    0.408283604701013   -0.324925716869678   -0.853069620048137
  151    0.276810209192435   -0.543746872810025    0.792284952776562
  152    0.538695319828045    0.148354496418053   -0.829336057209564
  153    0.443243329720082   -0.790334321826169    0.422974006769002
  154    0.115118980884643   -0.157456193311376    0.980793131821370
  155    0.074929709884624   -0.632441073800187   -0.770975892455188
  156    0.453708227011375    0.890965251923044    0.018159422014486
  157    0.495949965376249   -0.097176224014698   -0.862896525273768
  158    0.343978728196475   -0.094607665272897    0.934199135206165
  159    0.083027380280222    0.936448380496897    0.340838502503079
  160    0.532547785362930   -0.844950785875017   -0.049507835281195
  161    0.211400619318900    0.318357496698221    0.924098632423849
  162    0.381647482926070   -0.682874777699827    0.622918322701787
  163    0.034623222599016    0.464337102455487    0.884981518304253
  164    0.403220687020642   -0.660211257114910   -0.633667241963281
  165   -0.041994144419271    0.745507508007504    0.665172945435196
  166    0.364289461575622    0.142510670206984    0.920317280649505
  167    0.140226498390938    0.633123967178900    0.761242780808244
  168    0.528760634369597   -0.216776868045171    0.820621703966930
  169    0.136613548820774    0.825835148379029    0.547113375801013
  170    0.640734603007519   -0.677829935172405    0.360563097797003
  171    0.549198162128351    0.030144904735116    0.835148288289782
  172    0.486705256802964   -0.455795669172937    0.745230367714277
  173    0.321528394295193    0.488523934345534    0.811149713205592
  174    0.712035325685120   -0.097322219915380    0.695366148505396
  175    0.325458870820191    0.703598561552567    0.631684721665488
  176    0.387078410976681   -0.806749026437401   -0.446459754175080
  177    0.586108279237110   -0.580170990896310    0.565578205319219
  178    0.282375361584770    0.937335516794981    0.204123208196805
  179    0.331035940911661    0.846470735951313    0.417016185540529
  180    0.450120700303083    0.788254939190799   -0.419577771098483
  181    0.552048246735716    0.394288977734461   -0.734696491970076
  182    0.566375434069025   -0.769339013585865   -0.295527240466683
  183    0.223010338928049    0.869661322226229   -0.440403875272373
  184    0.630665423409501   -0.254731898215663   -0.733057149032161
  185    0.379142671074204    0.899707299921500   -0.216281320133482
  186    0.590525715682910   -0.632688308159563   -0.500983915745184
  187    0.707270879367259    0.220354017588083   -0.671723164802179
  188    0.708728240434485   -0.693761406591843   -0.128060110629138
  189    0.690693998603845   -0.019663592280036   -0.722879757242708
  190    0.645062059950390    0.662794959037361   -0.380260149223163
  191    0.672319285378008   -0.336529485968207    0.659344131378129
  192    0.583020442782933    0.791927802265006   -0.181486967292171
  193    0.507537850438293    0.825469888849627    0.246991483608367
  194    0.696193528643191    0.459915722856338   -0.551173383378475
  195    0.744785413233881   -0.574089315222579   -0.340170760620761
  196    0.522198028807028    0.709226714597029    0.473610268060100
  197    0.799352912837955    0.500784974438163   -0.332038145571325
  198    0.532028483023622   -0.470207595959123   -0.704166535667470
  199    0.715626321365010   -0.424462926700382   -0.554716316712002
  200    0.486153863783342    0.305324202718327    0.818798847069869
  201    0.687201516158358    0.665051003709709    0.292337542327979
  202    0.800574732052383   -0.194344320864447   -0.566842467840045
  203    0.841841305844165    0.039629029299458   -0.538268293522267
  204    0.761568723144876   -0.443645418371706    0.472431818028037
  205    0.832949820341167    0.274824938454743   -0.480276847242259
  206    0.654221772860832    0.754074609063896    0.058011687442813
  207    0.757348903771743    0.639018980180669   -0.134452151059761
  208    0.889766021145209    0.450695165983043   -0.072043701840895
  209    0.498648183733155    0.551138388884149    0.669026505571947
  210    0.812768730396557    0.571296221689072    0.114138591078389
  211    0.924990623804638   -0.131680033954044   -0.356444546221944
  212    0.644415866341857    0.371548446802916    0.668341187482273
  213    0.695975839375863    0.148852480181121    0.702467486898143
  214    0.833395780248808   -0.204595854051525    0.513412124874751
  215    0.688904337630700    0.530514801540997    0.493927989629586
  216    0.664958073434406   -0.735154118154225    0.131830129846280
  217    0.844297508882503    0.044904012796463    0.533990024372716
  218    0.805709516452458   -0.529090143589201    0.266262642995041
  219    0.806243082422180    0.291768312308616    0.514629326777016
  220    0.834394843592267    0.445205194569567    0.324927037525212
  221    0.912640515631345    0.313950535836354   -0.261767741091640
  222    0.921328603936527    0.190006419814382    0.339191927966587
  223    0.857539652706383   -0.353659202408375   -0.373565138346833
  224    0.939860657204748   -0.062317892293604    0.335824992129446
  225    0.931744740724871    0.334980740813917    0.140141504970162
  226    0.814520003771421   -0.578520700800933    0.043254620574023
  227    0.924742271009210   -0.373352087803339    0.073891479492673
  228    0.903095420922755   -0.303146881311152    0.304172038589471
  229    0.866252755707138   -0.472685462928508   -0.161785711253656
  230    0.956466669616865   -0.253981344058913   -0.143753214858138
  231    0.976690660092808    0.204840665102812   -0.064153381888343
  232    0.982904041004949   -0.151684689727852    0.104361875597880
  233    0.943774258313115    0.092407542024473   -0.317412973147798
  234    0.993558077559635   -0.027415992252580   -0.109957764095169
  235    0.987271381886188    0.081606470541530    0.136512279573272
   
 U =    25623.9183047879     


 http://math-lab.ru/  - см. Задача Томсона
