    159
    1    0.062185404602362    0.208397003014520    0.976065399749938
    2   -0.981936834461040   -0.103677811245685    0.158274965120631
    3   -0.780045475435136   -0.087825497960609    0.619528641921537
    4   -0.904545212694929   -0.391317050722880    0.169319000718266
    5   -0.959022394180923    0.255248977980413   -0.122979700355161
    6   -0.730048825005312   -0.489308629976024    0.477080473022477
    7   -0.876641577166423   -0.249505863735165    0.411395635787421
    8   -0.948692146983476   -0.300851791177568   -0.097321169316507
    9   -0.911658832741904    0.059835150064583    0.406568478242495
   10   -0.869191515367232    0.450661713439285    0.203494790236956
   11   -0.910235127973179   -0.170894406903901   -0.377183129915183
   12   -0.809639486977364   -0.583948675137608   -0.059057987876858
   13   -0.992134237521626   -0.019995747162810   -0.123571132683900
   14   -0.311131873282163   -0.063473457201353    0.948244735107367
   15   -0.710468366410963    0.696021468394346    0.103869224814263
   16   -0.699362218506053    0.676628988910886   -0.230359932913092
   17   -0.857105696770519    0.510302310101947   -0.070437041875275
   18   -0.595225289365872   -0.799526645114235    0.080398996583846
   19   -0.911053805712426    0.120345940953431   -0.394332115852791
   20   -0.489894527160650   -0.575775094536949    0.654588720319111
   21   -0.969882624009013    0.189188252033471    0.153412844761814
   22   -0.751514864018617   -0.619466036075994    0.226907997451335
   23   -0.833056623090782   -0.455171906547674   -0.314380658142861
   24   -0.645354987755540   -0.325584777796145    0.691022063501942
   25   -0.841103535940350    0.409109319274500   -0.353799952955615
   26   -0.229657929191789   -0.580090025569938    0.781506748399275
   27   -0.751031512899474    0.266848622584082   -0.603939963288492
   28   -0.693113973708711    0.602900817446031    0.395099511228030
   29   -0.715934921564098    0.177204066762835    0.675304306818578
   30   -0.549025688186415   -0.732394616093277    0.402702023870025
   31   -0.510891729434368    0.812463632399355    0.280878063977960
   32   -0.829070868595199    0.328371662715247    0.452563306038422
   33   -0.526377206768660   -0.478319606413150   -0.702949066657886
   34   -0.265161371583903    0.859449858846377    0.437075951235808
   35   -0.406425096941122   -0.336801857326500    0.849342775019497
   36   -0.053738736706050    0.997692950789361   -0.041484022496073
   37   -0.629466999799071   -0.749163808508497   -0.206215625462768
   38   -0.527366025474783    0.847988946473560   -0.052913342680199
   39   -0.377155817631570    0.485612660121611    0.788627816879594
   40   -0.783184130155979   -0.035770331034573   -0.620760099949651
   41   -0.657572503195869    0.556172440298498   -0.508203325149622
   42   -0.376402043279023   -0.924840365526400   -0.054697350103747
   43   -0.563044087031077   -0.061999753494147    0.824097922959405
   44   -0.621804975807067    0.447299609315978    0.642869840300000
   45   -0.396349906631273   -0.856847299245753   -0.329726336965429
   46   -0.287155645110508    0.938566069314504   -0.191403680771007
   47   -0.300132790477549   -0.783226364992381    0.544496803719711
   48   -0.582597855602552   -0.197703320741810   -0.788348359302516
   49   -0.460267613474272    0.684629940153801    0.565186313556602
   50   -0.748533922781842   -0.330690927787730   -0.574752535204254
   51   -0.484827921098111    0.793271008619159   -0.368324576709221
   52   -0.650204503583647   -0.609247211303952   -0.453929442796896
   53   -0.214898468037081    0.859746698546682   -0.463307956734392
   54   -0.133585849073574   -0.336850105830302    0.932033704932073
   55   -0.590292768053249    0.101843430658830   -0.800738636270084
   56    0.185016753188035    0.975044379071666    0.122708026960375
   57   -0.129841533745722   -0.963006600406295   -0.236134418686623
   58   -0.483853610745574    0.220254099340030    0.846979229433865
   59   -0.152436631774635   -0.842752413783550   -0.516266832515129
   60   -0.055887316770123    0.961531192514597    0.268950504081499
   61   -0.365739581903684   -0.897341178308940    0.247008841825635
   62   -0.361867852699870   -0.074189990494165   -0.929272566308110
   63   -0.420500602510145    0.657204864121941   -0.625508600950511
   64   -0.110858922457636    0.478740028598870    0.870929551874711
   65   -0.222804206117301    0.216845869018759    0.950439979602047
   66   -0.184544309334425    0.705345299928143    0.684420488998947
   67   -0.324264008361906   -0.373379644246829   -0.869160798784195
   68    0.169042758050004    0.452915312807186    0.875381211459109
   69    0.067290167844865   -0.555401071220962    0.828855646900000
   70   -0.533555381093484    0.402294674402654   -0.743960785427196
   71   -0.349259259541776    0.227304447561703   -0.909038314782715
   72   -0.308532048262472    0.943432026881467    0.121424815623866
   73   -0.219161283565908   -0.626065587804620   -0.748338300204258
   74   -0.254994649180465    0.485081810683583   -0.836464802507116
   75    0.733156671979593   -0.515681670606687   -0.443343781880499
   76    0.111166073737781    0.679755606795571    0.724965115767450
   77   -0.113860779854911    0.090014868152906   -0.989410453918012
   78   -0.413888407056166   -0.711072041104116   -0.568395055278048
   79   -0.148270387029372    0.705500090104422   -0.693026345237187
   80    0.060105662965919   -0.733593556800546   -0.676925256361551
   81    0.035180797323379    0.853648046262590    0.519660778404292
   82   -0.108236458074148   -0.924615913113806    0.365198962704287
   83   -0.033078300139810   -0.762085846631418    0.646630488319207
   84    0.281835402231699    0.885755475301622    0.368789972778673
   85   -0.018385628271532    0.354938277725661   -0.934708932062919
   86    0.113303026583656   -0.904878658686155   -0.410313340291695
   87   -0.102827348751125   -0.228246196177611   -0.968158153546860
   88    0.373365064791092    0.248200011789231    0.893865360410263
   89    0.021707227822702    0.947016744649534   -0.320449811380272
   90   -0.121530446025161   -0.990188893734675    0.068965972866526
   91    0.082267993085390    0.591368289713992   -0.802194192969788
   92   -0.032685517074704   -0.063481590867302    0.997447614962568
   93    0.156469808596111   -0.298961302651594    0.941349742930202
   94    0.421738954253785    0.508623288913299    0.750625475480244
   95    0.372159292911298   -0.891990212902336   -0.256614342518511
   96    0.134787591641010   -0.984388229907025   -0.113190626644306
   97    0.362396038004255    0.727696877337077    0.582345572965646
   98    0.126055496190112   -0.059824460850923   -0.990217675950173
   99    0.155230279618303   -0.876267535201415    0.456134593121000
  100    0.264029412117651   -0.014859822035751    0.964400153061930
  101    0.410059565543128   -0.911550650149513    0.030439528882384
  102   -0.009359818174019   -0.491124793305686   -0.871038937823216
  103    0.218442145063588   -0.318998255942437   -0.922238115654358
  104    0.276507016207107   -0.711125888086888    0.646408416777565
  105    0.148589738566001   -0.973059703946371    0.176283584456091
  106    0.554877546911918    0.041495712675532    0.830896512065469
  107    0.332206321402881   -0.769889623956577   -0.544893500552141
  108    0.224490592800607    0.198896768256506   -0.953962289255267
  109    0.398601128255472   -0.860857721295093    0.316292782466001
  110    0.091250958773150    0.813943695991342   -0.573732448340631
  111    0.458591309029564    0.882806295328099    0.101720480787439
  112    0.889139923951613   -0.294695248846111   -0.350121273193801
  113    0.361356093335285   -0.493361478506194    0.791211871331342
  114    0.256702536216312    0.954964966996104   -0.148814380051938
  115    0.634406966470431    0.298680816438114    0.712963933720105
  116    0.636413123611894   -0.741887053954503    0.211144346998114
  117    0.435488027926230   -0.233913817896820    0.869272398808254
  118    0.629063919710293    0.549282354231996    0.550061342259278
  119    0.823038114688801    0.304467631806797    0.479486937206286
  120    0.524115866511657   -0.687351442433965    0.502842473399655
  121    0.559798754596824    0.752113844122464    0.347778837526345
  122    0.694624293896554    0.715486282601335    0.074675764060611
  123    0.608601624735541   -0.460779382028941    0.645977107540419
  124    0.326483434380843    0.851892826497476   -0.409496250577501
  125    0.487756454388523   -0.325532430862359   -0.810013751524738
  126    0.783900709720856    0.538942252203041    0.308287083883597
  127    0.273936293322703   -0.567033872385493   -0.776808531601018
  128    0.524811100840436    0.831973181578078   -0.179983148015309
  129    0.575136773271293   -0.732803418666126   -0.363616338497494
  130    0.524879385258335   -0.565466325889184   -0.636199233901001
  131    0.652145358605381   -0.047697631876981   -0.756591942306278
  132    0.635882788348591   -0.767692249595170   -0.079383180797494
  133    0.672265592359444   -0.196739252258942    0.713689456241437
  134    0.786696624564550    0.051944776025299    0.615150519094656
  135    0.314717356715250    0.439237325456974   -0.841441357022324
  136    0.736053450257578    0.644163950966130   -0.208033945882925
  137    0.407057421996836   -0.058040399596940   -0.911556672517906
  138    0.810932760915299   -0.557967476268970   -0.176239475431376
  139    0.941751125570038    0.249720802411789    0.225265040186841
  140    0.343072310588837    0.673754612427464   -0.654489199253857
  141    0.831443290172781   -0.255456035750290    0.493400718509212
  142    0.568438794037969    0.685370897690648   -0.455130827379749
  143    0.511117337195232    0.210644851517022   -0.833299354462625
  144    0.756164926809154   -0.524109163382273    0.391821628196353
  145    0.826771416722245   -0.552563704944276    0.105462678087309
  146    0.715037613710762   -0.302416229544920   -0.630290119775531
  147    0.876170844625290    0.479475784066458    0.049270919642946
  148    0.755504049493505    0.455319558841907   -0.471060219648110
  149    0.562262381808983    0.467441997128409   -0.682172260739979
  150    0.904413483257942    0.177754776861767   -0.387865299561664
  151    0.924354586191272   -0.302238641564694    0.232852748603686
  152    0.739969859785465    0.210948593412291   -0.638705955464998
  153    0.947517742484334   -0.314002112393167   -0.060106581087435
  154    0.928757381682475   -0.001846719739289    0.370683578806126
  155    0.848852655129030   -0.062030364513157   -0.524977526908306
  156    0.974576931458550   -0.053208325588654   -0.217643467066872
  157    0.886993871016492    0.404641762103351   -0.222501499188373
  158    0.994266662708361   -0.052819160325706    0.092972790262887
  159    0.979825646049232    0.191228657233729   -0.058080151487320
   
 U =    11534.1754662935     


 http://math-lab.ru/  - см. Задача Томсона
