    156
    1    0.098276787335550   -0.001087793046705    0.995158524948307
    2   -0.994272796522962   -0.100867393680967    0.035318196250908
    3   -0.842398788402899    0.019004757929753    0.538519359423001
    4   -0.922396208911688   -0.374944995767073    0.092744185448870
    5   -0.926688337979522    0.241545263037511   -0.287931606734812
    6   -0.799636294066165   -0.463838383262275    0.381360395721381
    7   -0.924495590634814   -0.189885796173998    0.330531824955108
    8   -0.923946869767279   -0.326347517723690   -0.199548188472942
    9   -0.959242088813109    0.100030793773471    0.264288583458524
   10   -0.893317004683200    0.416735267614671    0.168274911588043
   11   -0.850653562903807   -0.218529960824219   -0.478156012344533
   12   -0.797239341993517   -0.586657136598837   -0.142277319539685
   13   -0.966761391602095   -0.043837567589180   -0.251894182893224
   14   -0.395274233911130   -0.103252916425870    0.912741538035561
   15   -0.732473400148270    0.679042439771479    0.048827073068423
   16   -0.685648811720614    0.683349220252203   -0.250837696861570
   17   -0.869225827995363    0.479514187363205   -0.120468269943505
   18   -0.597333403107641   -0.801943456183336    0.008916199670816
   19   -0.852227854594570    0.086643281556000   -0.515946339859432
   20   -0.596856036635584   -0.565361448301028    0.569323549755872
   21   -0.980772792307497    0.194863826503281   -0.010621628399399
   22   -0.774624636225495   -0.616544017853851    0.140819554754122
   23   -0.763855216040758   -0.492509581957535   -0.417084548511859
   24   -0.764735309709893   -0.266928345022797    0.586454742248969
   25   -0.788232378246895    0.445352811895668   -0.424677042963081
   26   -0.344999164763645   -0.617435792260849    0.706929005450763
   27   -0.701568826436409    0.287713785760280   -0.651937082283350
   28   -0.724199978668020    0.608720204401476    0.324027936528110
   29   -0.682596998199007    0.223248509760226    0.695860216523076
   30   -0.594778090462945   -0.733279329829627    0.329454773147796
   31   -0.519242478953475    0.819110356328486    0.243814421652353
   32   -0.847128939061578    0.306352456581698    0.434189743028050
   33   -0.388157371926134   -0.443657540450253   -0.807775860880374
   34   -0.262513463634458    0.866404976802340    0.424769464042293
   35   -0.546700329176343   -0.348901072240374    0.761174613257691
   36   -0.001536461530584    0.966799274437951   -0.255532389790838
   37   -0.599246035465954   -0.746741302355594   -0.288585544223212
   38   -0.517593247805456    0.853987886782863   -0.052933156474361
   39   -0.453738596994662    0.470523313850322    0.756788673752869
   40   -0.707333732574798   -0.076010354710056   -0.702781201184733
   41   -0.586482367188664    0.610063751365985   -0.532785747037251
   42   -0.374038198599595   -0.918896744013451   -0.125396171511923
   43   -0.640560931408670   -0.056161418877355    0.765850891611768
   44   -0.664700085716215    0.482631994381099    0.570298302687795
   45   -0.355268274182235   -0.834898260296716   -0.420391898486512
   46   -0.268085122071206    0.950708058600691   -0.155835023777621
   47   -0.358757114146390   -0.800761355430934    0.479660905951036
   48   -0.469116786074852   -0.174253094137925   -0.865774393364785
   49   -0.482733212089685    0.704543719985529    0.520179577237061
   50   -0.644621062013539   -0.362672744627193   -0.673002352680224
   51   -0.445642849087864    0.819111210653634   -0.361191466729751
   52   -0.546773194687001   -0.621700576073505   -0.560827484420693
   53   -0.172739035478499    0.868005546883604   -0.465540112343989
   54   -0.288857976732958   -0.384097464565715    0.876943673785227
   55   -0.543333279111064    0.118036266412482   -0.831177711215731
   56    0.003643679724388    0.999519146984317    0.030792830493637
   57   -0.123588219749741   -0.955544147106599   -0.267696348255655
   58   -0.450771683485075    0.192618763521259    0.871609374265544
   59   -0.089069569170881   -0.819363277303405   -0.566313015614455
   60    0.007560199687281    0.950244563015879    0.311413091952555
   61   -0.381788604655078   -0.903513252371864    0.194682470047883
   62   -0.251668053311462   -0.012519531873762   -0.967732634700350
   63   -0.328285599281272    0.695470637069648   -0.639178502672356
   64   -0.210744998888582    0.406590065709556    0.888971914016270
   65   -0.187582304877957    0.108709602663956    0.976214679865714
   66   -0.245501540814405    0.675267527756242    0.695516181994154
   67   -0.170269459144125   -0.296754085437715   -0.939651703589576
   68    0.050712282319313    0.294385511737487    0.954340313987114
   69   -0.065074353001161   -0.553866402731833    0.830058634378548
   70   -0.483284775284669    0.447491484356115   -0.752454116479409
   71   -0.319054140678267    0.263939071431759   -0.910242067742309
   72   -0.271366860930688    0.952026171999787    0.141443255816799
   73   -0.071310547000870   -0.562373502717069   -0.823802676208430
   74   -0.188521852735846    0.520508577383553   -0.832784685204522
   75    0.664289574113383   -0.609985375141697   -0.432015281949033
   76    0.012118811616974    0.587790126121180    0.808922679889394
   77    0.035112504213173   -0.018857551347167   -0.999205436737145
   78   -0.292097373587708   -0.673044453023163   -0.679477952988848
   79   -0.019411272850783    0.726115071193741   -0.687299138564586
   80    0.168858342616719   -0.735941904225528   -0.655649581509543
   81   -0.013853611683602    0.817065014178799    0.576379076691997
   82   -0.110329617740996   -0.928940199448626    0.353408377514557
   83   -0.095794789770110   -0.780905368904467    0.617260206937949
   84    0.274816979482059    0.870640578991624    0.407995845568908
   85   -0.042026069361235    0.264362932530251   -0.963507161051775
   86    0.132097360067079   -0.905826613839519   -0.402527555731703
   87    0.116332756101600   -0.289289433562727   -0.950146469491290
   88    0.337698357163087    0.158707029707310    0.927777935871960
   89    0.149604209138260    0.865157278281751   -0.478666339368280
   90   -0.139485373165248   -0.988489675816803    0.058583201316954
   91    0.106462408492067    0.504778870299019   -0.856658652952105
   92   -0.105533444498535   -0.194470764521858    0.975214752676844
   93    0.123854501232120   -0.360173815311354    0.924626889771547
   94    0.271173427047857    0.446123441703043    0.852900256317321
   95    0.348082356805848   -0.911925656517913   -0.217325262831683
   96    0.109220544894273   -0.990770457702625   -0.080279341780621
   97    0.237445228830618    0.715885765433872    0.656602874007367
   98    0.331831426826110   -0.072086170519067   -0.940580399641861
   99    0.169928354638119   -0.859569906669462    0.481937682525690
  100    0.331480798146748   -0.155988352768696    0.930477358273969
  101    0.404893054702973   -0.912378776968586    0.060221105856685
  102    0.211154311602900   -0.520344201348724   -0.827439284065160
  103    0.432643069258901   -0.327548447464580   -0.839959516396940
  104    0.165911452145413   -0.675810057091506    0.718160258424940
  105    0.150715747117543   -0.965771836395733    0.211114953510199
  106    0.580008183586096    0.010109429781704    0.814547915350992
  107    0.413924693103177   -0.778745188156270   -0.471404582458525
  108    0.241065089695163    0.218533128520527   -0.945584948203647
  109    0.433115709290622   -0.838572177423350    0.330465558897054
  110    0.283950690035218    0.687556420667546   -0.668309938596873
  111    0.284295110604995    0.950192182598402    0.127714941236248
  112    0.845203926528507   -0.385619807061696   -0.370037412949684
  113    0.356190736163444   -0.481380251346325    0.800875279356962
  114    0.266566851368278    0.949402018925619   -0.166066011608520
  115    0.555795488994051    0.297324628658206    0.776330754000589
  116    0.667143125078672   -0.646731360812379    0.369673636606713
  117    0.551278227045326   -0.275220304206050    0.787620530800519
  118    0.470725054760078    0.559268668551700    0.682375614451110
  119    0.703333822367571    0.450097754434778    0.550212273369645
  120    0.427617083680522   -0.693515116228035    0.579810670225877
  121    0.523275495420668    0.719615643457322    0.456438475135213
  122    0.539846410220510    0.819233583176700    0.193448157312222
  123    0.628292859309640   -0.482572788422519    0.610222571538150
  124    0.421854907807217    0.819031628319102   -0.388877395295644
  125    0.617039725821706   -0.113276753312783   -0.778736382813073
  126    0.747436656934161    0.594411917364264    0.296669709216200
  127    0.460210422667986   -0.580732030852040   -0.671533078269581
  128    0.524222831948605    0.846301472477898   -0.094679671236887
  129    0.594325714085755   -0.780295286405717   -0.194720855558609
  130    0.672124905998772   -0.381262128698874   -0.634734038756506
  131    0.758720665473335    0.123227920403060   -0.639654462516159
  132    0.653021660882304   -0.751059645071917    0.097324816788751
  133    0.764591504713047   -0.166563722787111    0.622620556335829
  134    0.770992254737719    0.145032026495696    0.620110195388690
  135    0.384653873230759    0.445824375431239   -0.808258636873075
  136    0.743135910864435    0.669048006082686    0.011125805160474
  137    0.511479615333721    0.150336285993201   -0.846042318215726
  138    0.795819399720000   -0.589356102715355   -0.139035489071914
  139    0.873887467278589    0.298019451142682    0.384063928629113
  140    0.548384857562646    0.619646985946923   -0.561526188884267
  141    0.909108978882482   -0.030597248820114    0.415433114808979
  142    0.675771684006699    0.676468535678141   -0.292784820870587
  143    0.628719134960969    0.369984529242634   -0.683976386620940
  144    0.825148763871605   -0.373903857833535    0.423468325354285
  145    0.841675769701642   -0.517207630492304    0.155171407345827
  146    0.822133232604590   -0.141341862442609   -0.551470240147536
  147    0.901977802372078    0.417635002143347    0.109622301621354
  148    0.864454431117055    0.468970718886094   -0.181066289931476
  149    0.782445682094074    0.429543544395734   -0.450855961522401
  150    0.970539778745532    0.209251778695215   -0.119441328632359
  151    0.950258905335953   -0.231225692858585    0.208668856784578
  152    0.902852387754964    0.170956716547800   -0.394501415703867
  153    0.935062658862177   -0.344496687376218   -0.083545534820285
  154    0.975575212738019    0.126072310244648    0.179885454889346
  155    0.948522239941516   -0.101855074472386   -0.299885151583992
  156    0.997490662854749   -0.066259672666695   -0.024940595335637
   
 U =    11092.9062899020     


 http://math-lab.ru/  - см. Задача Томсона
