    280
    1   -0.097782923712006    0.040134020310387    0.994398189984303
    2   -0.983065106107046   -0.065873763753938   -0.171007731999556
    3   -0.961815616016044   -0.086180376143705    0.259776179730566
    4   -0.961103065430247   -0.272115037561423   -0.047268424487475
    5   -0.817212178638144   -0.042842988404638   -0.574742319157080
    6   -0.852541593448540   -0.434712494579060    0.290168706956962
    7   -0.944187158670846   -0.278510945420687    0.175904129235075
    8   -0.926740424407441   -0.263820425417086   -0.267490128606391
    9   -0.996222440899550   -0.074237077365250    0.045052242923177
   10   -0.990124976133182    0.133171799748429   -0.043792732148509
   11   -0.846044452188317   -0.252573344392813   -0.469484281551150
   12   -0.878848123203192   -0.452061766068901   -0.152532409673792
   13   -0.923249090429256   -0.055399411639408   -0.380186825405035
   14   -0.637879572196927   -0.102061906763149    0.763343316314315
   15   -0.874767044777589    0.337854591960379   -0.347328219501912
   16   -0.750308027918395    0.508942666182840   -0.421918506088453
   17   -0.868474943542723    0.149709870994025   -0.472586740149801
   18   -0.773879216931899   -0.633176284695610   -0.014097875724193
   19   -0.726624377702900   -0.229959684669844   -0.647406794183085
   20   -0.787284061761854   -0.381036382290960    0.484762912635007
   21   -0.953994183326462    0.142600340062958   -0.263742755717016
   22   -0.882504888216282   -0.465279618381450    0.068556538661023
   23   -0.812741095383337   -0.445178642338386   -0.375856206920739
   24   -0.885743649190019   -0.210759686049668    0.413568062905967
   25   -0.764277986306721    0.329016180748597   -0.554641787510236
   26   -0.553773559358615   -0.313955243860108    0.771211352229744
   27   -0.731934015300569    0.136707506344009   -0.667520527740675
   28   -0.943547873432727    0.315865758978506    0.099730801889439
   29   -0.910778812200303    0.051429198478273    0.409679133946175
   30   -0.703018948559309   -0.573573912613494    0.420448956159736
   31   -0.934773014912851    0.331687528465769   -0.127211611305760
   32   -0.976210858886429    0.117878966869889    0.181980515885377
   33   -0.526059768614937   -0.467737723408735   -0.710269344646954
   34   -0.864004677986374    0.503052421317758    0.020836934131567
   35   -0.730303692927547   -0.246244705523447    0.637197034753033
   36   -0.582265722464128    0.799395197986076   -0.148101133959631
   37   -0.757170420907143   -0.609599471945695   -0.234694349115674
   38   -0.833649380576621    0.512907659179576   -0.204827838486727
   39   -0.821512470518217    0.198405792305080    0.534558137495678
   40   -0.565866422626565   -0.270501422434070   -0.778860816966009
   41   -0.620502572138298    0.495722814995462   -0.607647470712033
   42   -0.627682509439078   -0.772162387023165   -0.098893454843835
   43   -0.820198917286856   -0.064226466172005    0.568461693629857
   44   -0.905319567113325    0.266302917979414    0.330876468304097
   45   -0.602367189945799   -0.733840747372425   -0.314056564925306
   46   -0.690388441075343    0.668352976855055   -0.276890048139228
   47   -0.634099000874598   -0.462812935095649    0.619453504468242
   48   -0.466154438795564   -0.085693004885237   -0.880543439078920
   49   -0.850106635677546    0.464442768243033    0.248216887023732
   50   -0.695293223007768   -0.425611535842099   -0.579156416348468
   51   -0.581877525285772    0.668829686551621   -0.462693630769396
   52   -0.659711592096421   -0.593540602668876   -0.460966558697128
   53   -0.445078875691474    0.643926624613162   -0.622304826051923
   54   -0.350513283368922   -0.354778004578287    0.866760062329470
   55   -0.653988482550934   -0.052188087477122   -0.754702238115276
   56   -0.457052554205769    0.889439654017085   -0.000254078630507
   57   -0.451097333466666   -0.864850962319217   -0.220327049439665
   58   -0.720333290354648    0.083239747376453    0.688615346375282
   59   -0.441991639418787   -0.780245845211934   -0.442560517571785
   60   -0.615771923754872    0.782244375838979    0.094438733491673
   61   -0.757413367411087   -0.618909347458814    0.208029350080952
   62   -0.397661815469521    0.273447245387672   -0.875837704433521
   63   -0.290778430983910    0.585620898728723   -0.756634698547918
   64   -0.587224709710528    0.224195316426354    0.777755488825294
   65   -0.511088438005714    0.045971992376797    0.858297841342845
   66   -0.786364364573306    0.417718956386053    0.455128508890585
   67   -0.378164589737105   -0.288214028495306   -0.879729627128400
   68   -0.393773471846014    0.250949192603225    0.884288954811789
   69   -0.333700996010975   -0.689221769315652    0.643130622784116
   70   -0.610291085057096    0.303925555864644   -0.731555908999579
   71   -0.543337873632687    0.120466669092272   -0.830825936471728
   72   -0.742541760197030    0.667636897796366   -0.053783892238664
   73   -0.334650055459038   -0.479817224448523   -0.811039315633822
   74   -0.459256373815613    0.451866012528005   -0.764788003195510
   75    0.136672960190035   -0.948601881323449    0.285438211707028
   76   -0.692148049059371    0.341024910315024    0.636107765027229
   77   -0.172859325462368    0.231206302928249   -0.957425349093571
   78   -0.493406801384363   -0.637430176490831   -0.591804442739761
   79   -0.075655389200593    0.589451376216627   -0.804253279235609
   80   -0.303893859503491   -0.649547455935958   -0.696948078871875
   81   -0.748517506189427    0.638526314207354    0.178901338711401
   82   -0.529951783052682   -0.648356062515349    0.546612773212332
   83   -0.452622587168339   -0.515029488189131    0.727926795688056
   84   -0.569568066260822    0.761466950360139    0.309451613996661
   85   -0.231988295164827    0.420475074957125   -0.877144310958189
   86   -0.266904562736814   -0.898596353777217   -0.348262181938495
   87   -0.330388000423714    0.071374896679299   -0.941142599875300
   88   -0.187406963798606    0.248760710555373    0.950261405511017
   89   -0.476299202528646    0.810823777203845   -0.340152718630126
   90   -0.624123000288274   -0.772007703706052    0.120310373325295
   91    0.138542993040655    0.566621531804801   -0.812247424603192
   92   -0.438153560977005   -0.154994180502376    0.885436762854111
   93   -0.230764100600080   -0.160462429196991    0.959687312977741
   94   -0.500165485839465    0.423679163597481    0.755202259734643
   95   -0.274238193697807   -0.953123120704215   -0.127866062332518
   96   -0.460261052088210   -0.887774211547626    0.004088183171619
   97   -0.694289133029946    0.604113461990981    0.391164319433403
   98   -0.108960041904987    0.022990405660655   -0.993780232503959
   99   -0.399713879281132   -0.800881801980375    0.445889172291384
  100   -0.310927272877378    0.047111234514926    0.949265380472456
  101   -0.442128663801772   -0.867821314383748    0.226734229762785
  102   -0.240961480919745   -0.142004127417114   -0.960089783566864
  103   -0.164200502890737   -0.360771517405511   -0.918086110928248
  104   -0.193963362407280   -0.824278239752790    0.531924428385935
  105   -0.586836656990055   -0.736452551207423    0.336541792104359
  106   -0.037670251248061   -0.539388700274246    0.841213874224247
  107   -0.072889945692300   -0.961323607934264   -0.265601160850669
  108   -0.010622173754471    0.405621400130064   -0.913979457745772
  109   -0.246505218345575   -0.913945454085983    0.322395540111780
  110   -0.189147052543983    0.735553438715216   -0.650526349434167
  111   -0.146719839520919    0.977498531494728   -0.151558271356616
  112   -0.085470070196130   -0.732272082343514   -0.675627459863024
  113   -0.249181406189702   -0.542679215300600    0.802127107190654
  114   -0.359110866920247    0.914343021874330   -0.187126223735494
  115   -0.609277509266651    0.535739614369913    0.584605834983369
  116   -0.270278167790502   -0.957708418456127    0.098713206989103
  117   -0.138242667936013   -0.358817282722737    0.923113818757689
  118   -0.495972596751221    0.704212393546066    0.508031581742682
  119   -0.404677607537643    0.601873237003513    0.688465424358060
  120   -0.037218695966315   -0.914557902752741    0.402738887100655
  121   -0.415881169036847    0.884962554159239    0.209485395616261
  122   -0.052148972707600    0.995873793646746    0.074268915255172
  123    0.115817017134060   -0.682678659594020    0.721481993037304
  124   -0.340810847908974    0.792460525707043   -0.505820404040489
  125   -0.020169068649027   -0.206902974052046   -0.978153550317254
  126   -0.260325273850577    0.964746150270083    0.038673212094117
  127   -0.259685492484824   -0.793773587350865   -0.549988124432749
  128   -0.230919981120216    0.904969771748461   -0.357359307337835
  129    0.125914158748278   -0.976788838482216   -0.173289323512085
  130   -0.072078650249417   -0.876263257502714   -0.476410927381976
  131    0.046731039013966   -0.430248492492214   -0.901500107987155
  132   -0.082440016078210   -0.995623332814739   -0.044020709943121
  133    0.086050017906853   -0.347218889821141    0.933827841183590
  134    0.030518797529996    0.224112659183060    0.974085272956747
  135    0.205276486705862    0.369692820234590   -0.906194671509766
  136   -0.084457358560217    0.854834473380055   -0.511981423204079
  137    0.099021902814243   -0.023016154186976   -0.994819038523835
  138    0.110207905278427   -0.992708084647157    0.048835195200937
  139   -0.353838990548311    0.841401211485644    0.408462935990822
  140    0.037373578278756    0.735569425185206   -0.676417649370082
  141    0.129000427414820    0.009510773007988    0.991598928460284
  142    0.135966729598346    0.850252959203959   -0.508510524775290
  143    0.047557056715603    0.200877362421638   -0.978461349069586
  144   -0.114145032728852   -0.701712634719962    0.703256915911745
  145   -0.069518283161376   -0.979926840850489    0.186843771336045
  146    0.327682042838342   -0.902239277775846   -0.280336876703387
  147    0.068417379188923    0.990463009654491   -0.119591340535537
  148    0.345205965041789    0.802997859943920   -0.485826387328901
  149    0.251954176269081    0.703040985611571   -0.665020650514614
  150    0.188387348796638   -0.267842072347848   -0.944865509527035
  151    0.176565520881624   -0.515810062031421    0.838310561035075
  152    0.411057082770670    0.314388732538865   -0.855682066866352
  153    0.039384799829818   -0.815900073529642    0.576849987047490
  154   -0.010486345247070   -0.163880241180974    0.986424504518123
  155   -0.121299801498570   -0.560853661012635   -0.818980786761894
  156    0.161053456705268    0.981834993591257    0.100308670826312
  157    0.293015877244552   -0.075417034674990   -0.953128515239911
  158    0.250935790186199    0.180664608493011    0.950995020198158
  159   -0.203260513894968    0.945297155927628    0.255143979913874
  160    0.320930666076186   -0.944550590929556   -0.069481571272691
  161   -0.081289561606493    0.434208076160224    0.897137310433058
  162    0.298943065472415   -0.729323614451854    0.615402396005117
  163   -0.295176454174137    0.444727670436798    0.845628854787396
  164    0.103090081347232   -0.801548605696377   -0.588975608861704
  165   -0.277155689188918    0.754624382452042    0.594749329851737
  166    0.135050478032768    0.400822366909500    0.906147227865421
  167   -0.193587075012918    0.617598059626156    0.762296976993842
  168    0.327100978495992   -0.363653149100545    0.872216336132396
  169   -0.135992289340310    0.878724648383562    0.457546816799294
  170    0.463964641595219   -0.746796706832054    0.476478215676455
  171    0.233383478134165   -0.181833057267639    0.955232375612711
  172    0.358237752898899   -0.565083058063037    0.743200410312100
  173    0.017369921629894    0.602822562568770    0.797686181327339
  174    0.465403203290585   -0.200912898427114    0.861994121564920
  175   -0.061110904772092    0.763823246831550    0.642525878792166
  176    0.127068033750975   -0.913430049843268   -0.386651340152838
  177    0.524447114285279   -0.590112107764605    0.613777585602032
  178    0.013972665662076    0.957326174041705    0.288671718581796
  179    0.080422494626632    0.869192881897838    0.487889287047954
  180    0.210921356101879    0.926225646459014   -0.312439167489810
  181    0.346046949831776    0.518185119569707   -0.782135340186501
  182    0.309445486235614   -0.818823796515050   -0.483498791424637
  183   -0.004157698375497    0.944567688302415   -0.328290413748635
  184    0.247058811152326   -0.492203868941060   -0.834683949307432
  185    0.275787408899660    0.956268181345447   -0.097429309956931
  186    0.268683349554678   -0.692825617971780   -0.669180036129366
  187    0.543669802940517    0.445502008227770   -0.711302401258173
  188    0.508321742635338   -0.791221426206299   -0.339967146466012
  189    0.257666228462846    0.154600342865452   -0.953785536006715
  190    0.414332062489566    0.864678104263507   -0.284008306217283
  191    0.517663037406654   -0.403648225081329    0.754382588672094
  192    0.467659439197396    0.881551588738751   -0.064509265394680
  193    0.229374464553029    0.922471278459287    0.310538396061903
  194    0.456371530960327    0.636477326625816   -0.621789062641167
  195    0.477721129138658   -0.694225910755741   -0.538361316970162
  196    0.294512083322048    0.815381523256495    0.498413086013223
  197    0.542357484866769    0.718270049621092   -0.435817042377081
  198    0.086735115659912   -0.628649246173618   -0.772837075324938
  199    0.380618292422771   -0.327721966657117   -0.864712685256534
  200    0.227043564064381    0.562962619117328    0.794685037919742
  201    0.439134756124170    0.831578862016820    0.340054792953395
  202    0.470895987423055   -0.132153918438671   -0.872234091783949
  203    0.453793434011837    0.095881919461226   -0.885933505838997
  204    0.678416313546103   -0.433827850578128    0.592912052143720
  205    0.648298262676975    0.543041698202655   -0.533680687886674
  206    0.368198534744996    0.920570607935280    0.130305774305314
  207    0.752432658892281    0.647191703002928    0.122425460572801
  208    0.559454502902327    0.811470563891820    0.168896960065601
  209    0.153885312901482    0.733815525824763    0.661690323740449
  210    0.721440383494582    0.523280577278091    0.453542953320519
  211    0.542675616577712   -0.400620072981850   -0.738245712683804
  212    0.372302868912776    0.673298680544510    0.638795319782744
  213    0.367018765779138   -0.012108540501820    0.930134726162223
  214    0.794557079927756   -0.455616539404652    0.401363445965880
  215    0.526660871555811    0.695922445834349    0.488180576995860
  216    0.218771690274963   -0.857696315069354    0.465291283660770
  217    0.348245078098997    0.347203406446867    0.870732542249062
  218    0.653693160179090   -0.618387066345934    0.436214039791413
  219    0.428382709294549    0.500992860787997    0.751993622191652
  220    0.587356865595542    0.526258010663222    0.614869432197250
  221    0.602442630371713    0.763572364735896   -0.232422290072283
  222    0.565849227332266    0.331233339561310    0.755049088927694
  223    0.419077048496278   -0.559946591933540   -0.714726690145024
  224    0.478972541068876    0.161062910232528    0.862927600583880
  225    0.847757226491231    0.331063939618852    0.414372239436887
  226    0.382217441453968   -0.866323082644123    0.321549597925992
  227    0.512091064727437   -0.849650049312102   -0.125926705389538
  228    0.579893264218248   -0.766518517287526    0.275994863665319
  229    0.675927115520827   -0.716976666982473   -0.170490449897931
  230    0.662855485712033   -0.644507368578992   -0.381094288738165
  231    0.725101223985302    0.340344801780093    0.598659862422968
  232    0.650742673113317   -0.235030511070222    0.722007363020215
  233    0.723362325483914    0.606264119403878   -0.330440257223517
  234    0.599919890406904    0.235481391540408   -0.764620585213582
  235    0.583523918492339   -0.029674729094154    0.811553600817922
  236    0.296387241292110   -0.944095717660587    0.144353313416054
  237    0.743634549779416   -0.627467857004623    0.230850048300603
  238    0.488954810789628   -0.866990268070852    0.096182472811382
  239    0.622682266212133   -0.210924857085091   -0.753510119380328
  240    0.659147353368958   -0.750300319244056    0.050736549833093
  241    0.718860070020033    0.343467996352580   -0.604375657362485
  242    0.619962200776340   -0.536354701579356   -0.572687090567159
  243    0.656400605173592    0.684100833350445    0.318031909306233
  244    0.801537110661515   -0.597892630613830    0.007915964253638
  245    0.725368684872776   -0.341554864705398   -0.597645836095273
  246    0.629360882508098    0.013829503456181   -0.776990105730301
  247    0.824157769084406    0.141607529058599    0.548371479356587
  248    0.677955893453425    0.146881395845691    0.720278877995315
  249    0.796612049757485   -0.257735066706283    0.546792353248549
  250    0.822405344920529    0.503782730228828    0.264296063855167
  251    0.782079611271484   -0.461483139251170   -0.418789677308705
  252    0.807811899535148   -0.549998151939365   -0.211995207098415
  253    0.868138121980994   -0.458887910940488    0.189098086600546
  254    0.878526257184852    0.476269463898141    0.036864796146919
  255    0.639632778716657    0.768453977701205   -0.018665276488836
  256    0.754231870329892   -0.053606691732745    0.654416234807897
  257    0.760203284101444    0.121203045509809   -0.638279553644425
  258    0.770191494018600    0.628196557804566   -0.110336518451017
  259    0.858739773698337   -0.241366716244474   -0.452004545727018
  260    0.879651425490828   -0.063470665267703    0.471364873831759
  261    0.958951620346417    0.281449570913060   -0.034611109023488
  262    0.899015198146376   -0.353115478588878   -0.259000255372036
  263    0.896955352198540   -0.270731867677005    0.349535909437806
  264    0.767356750766751   -0.113773988058436   -0.631046033736029
  265    0.875233148686312   -0.014014608898674   -0.483498217347347
  266    0.951010547145021   -0.127590457675729   -0.281601872026849
  267    0.925373170213302    0.322850836822570    0.198624854971246
  268    0.927537086500581    0.135126594758474    0.348447638182543
  269    0.808953785151270    0.423161916635828   -0.408078136878864
  270    0.856638298041892    0.219408655357544   -0.466937542163922
  271    0.866297949648649    0.462446784421299   -0.188867239120362
  272    0.907922744341473   -0.417285485593425   -0.039358783270156
  273    0.953089456042258   -0.271137423218378    0.134554771418820
  274    0.960242805804185   -0.070798302289463    0.270039542093812
  275    0.927322063732905    0.277598002692710   -0.251024180140408
  276    0.972745775240692   -0.211770758517470   -0.094439412261620
  277    0.983057393516779    0.129917695345269    0.129304112417864
  278    0.995972906583179   -0.070044527930132    0.055961892920971
  279    0.948061128350273    0.080647622038898   -0.307694748038828
  280    0.992326456216918    0.064988178864939   -0.105189072150065
   
 U =    36613.7363427674     


 http://math-lab.ru/  - см. Задача Томсона
