     83
    1    0.020674543956518   -0.000074831001361    0.999786255973001
    2   -0.960299653511143    0.241287371333998   -0.140017784231532
    3   -0.800495697068138    0.017515840159581    0.599082493750986
    4   -0.635106468839106   -0.627689558421011    0.450161739253745
    5   -0.543451522992086    0.289203794572281   -0.788049241711821
    6   -0.636226055600323   -0.312527152462333    0.705367411459476
    7   -0.887684477052235   -0.296880287589816    0.351963583401874
    8   -0.988343510704490   -0.152109160287381   -0.006317294119383
    9   -0.953889839537758    0.146473542105587    0.261991746987713
   10   -0.736969850970748    0.414580293757623    0.533852618976433
   11   -0.899921685352368   -0.072353507495790   -0.430006895509375
   12   -0.799968307033490   -0.593366667777769    0.089256402080068
   13   -0.753308710422697    0.604591554595282   -0.258833998758574
   14    0.384832070794515   -0.462537094149871    0.798726307206291
   15   -0.355682233229920    0.887447888354190   -0.293132042636533
   16   -0.107604019481909    0.798341773818978   -0.592513111388182
   17   -0.575402516962515    0.817696071813109    0.016884241606127
   18   -0.492105490001189   -0.865532693812352    0.093195185780296
   19   -0.805412727861564    0.301589236497670   -0.510249223642081
   20   -0.329097618779851   -0.561286368325950    0.759376303320625
   21   -0.840655021280780    0.521373037414733    0.146524028924769
   22   -0.303584386385293   -0.839984762955822    0.449735609380797
   23   -0.867859647358131   -0.425438282608625   -0.256557791108444
   24   -0.529985989845269    0.183342402808263    0.827949523763510
   25   -0.506491447809625    0.641820722106790   -0.575788653908732
   26    0.046830599496090   -0.708796809425409    0.703856503769907
   27   -0.271667780940363    0.044777737149049   -0.961348829018244
   28   -0.546933225430540    0.742572012879207    0.386588738336580
   29   -0.172612272349232    0.318076064036995    0.932219191457228
   30   -0.100278000642677   -0.994080287806423    0.041817508077444
   31   -0.209069981915303    0.973251000710734    0.095248266532729
   32   -0.391261463690249    0.576761061920907    0.717120034919421
   33    0.006276830375926   -0.828189871639642   -0.560412471233417
   34    0.186622849401864    0.975240923356311    0.118646759299439
   35    0.010704108444080   -0.379014485857052    0.925328828888916
   36    0.337334405024783    0.790208850147207   -0.511639983128377
   37   -0.616371776658076   -0.734460486946791   -0.283995820485530
   38    0.055491209214840    0.964564434522704   -0.257946074507388
   39    0.024617027162723    0.635455655057970    0.771744849304818
   40   -0.648438179243780   -0.082154291903259   -0.756821379204423
   41   -0.216487208261621    0.479015723963115   -0.850692203358643
   42   -0.271671958716347   -0.917557341506432   -0.290315125156909
   43   -0.347689373978877   -0.152597481439254    0.925108700575545
   44   -0.179649504752464    0.862733827214553    0.472669439272230
   45    0.197143895567980   -0.949924988570374   -0.242439271839065
   46    0.471303133854875    0.869127324194908   -0.149970164887464
   47    0.068406557375367   -0.926380208716196    0.370324522286856
   48   -0.340567017890751   -0.341851523914009   -0.875871932375202
   49    0.211305626905176    0.850981255135751    0.480812682284684
   50   -0.669509637361936   -0.436724781092195   -0.600856314820327
   51    0.162798132277045    0.585537451354562   -0.794130128623962
   52   -0.364750004418139   -0.681032548848827   -0.634942597157757
   53    0.679763771306723    0.588931748665741   -0.437127682299318
   54    0.411378443548390   -0.766332867474209    0.493458926773507
   55    0.067639211133028   -0.184688371735192   -0.980466798246175
   56    0.772736913318655    0.633505929460840   -0.039343361990488
   57    0.707750402805986   -0.687618187894086    0.162082062564671
   58    0.265703794255564    0.326083606984310    0.907232591441852
   59    0.383280837296906   -0.720320425613544   -0.578129989020553
   60    0.757909944896446    0.491763715662885    0.428650164335089
   61    0.373037822744673   -0.921676962818853    0.106556834651415
   62    0.005689959880515   -0.552360696394583   -0.833585799684141
   63    0.097352528135993    0.228284703002658   -0.968714911437064
   64    0.448679338466518    0.598199980468756    0.663960567052311
   65    0.709019677269149   -0.159526361495232    0.686907881184402
   66    0.552355505660425    0.791160881716048    0.262617315896920
   67    0.383657302272246   -0.410039298421704   -0.827450813138170
   68    0.395022148109172   -0.076497677771533    0.915481079978597
   69    0.688743859976347   -0.503411355964186    0.521736429656950
   70    0.428018394463026    0.028494342776225   -0.903320721798766
   71    0.494762586893241    0.412633719767961   -0.764815922899860
   72    0.938115966301129    0.321877336268924    0.127802246331276
   73    0.713179345720196   -0.507191998101240   -0.483871365034330
   74    0.765538346282098    0.189627405434476   -0.614810936369758
   75    0.586655625929273   -0.779743602716034   -0.218712346676980
   76    0.635933293889894    0.236817393775971    0.734510971822414
   77    0.683958035117326   -0.189149007512211   -0.704573671914862
   78    0.882105283279339   -0.456388035818392   -0.116620023891726
   79    0.918506730095818    0.289120965453822   -0.269730335898165
   80    0.916774054914821   -0.132624377410792   -0.376744086551384
   81    0.898336581686531    0.074676642626157    0.432914292960910
   82    0.911676426065588   -0.305895369827808    0.274361288949782
   83    0.998811206077692   -0.048673745422304   -0.002653510917689
   
 U =    3027.54137720966     


 http://math-lab.ru/  - см. Задача Томсона
