    102
    1   -0.026411271336377    0.004858238981420    0.999639356098186
    2   -0.945755333503108    0.215249213134034   -0.243340554358709
    3   -0.882875104707626    0.076418447752778    0.463348432964389
    4   -0.788202757203250   -0.543318133916013    0.289036016605572
    5   -0.517674798305927    0.520214930724781   -0.679256379469438
    6   -0.814591107891812   -0.274239565156263    0.511110543665941
    7   -0.960447320283539   -0.210806513571769    0.181938337894693
    8   -0.973674863387124   -0.138641311903107   -0.180930503348249
    9   -0.982781521266240    0.145680222782666    0.113656298319136
   10   -0.842008025835371    0.414256720067691    0.345563097433132
   11   -0.851930050525172   -0.035062909193550   -0.522480412466404
   12   -0.877643819527646   -0.471899583796045   -0.083976835246662
   13   -0.780718284693341    0.320073840043685   -0.536685845597941
   14    0.037354823570480   -0.348679156494256    0.936497444194309
   15   -0.550381006975427    0.826129658087889   -0.120791287716884
   16   -0.056760997325264    0.901091073449324   -0.429898902688279
   17   -0.719336036585805    0.605002231320321   -0.341361928993932
   18   -0.664817220385882   -0.746201375851474    0.034663671988942
   19   -0.591487984741710    0.155377861494220   -0.791201418138057
   20   -0.563389546214873   -0.365171397131399    0.741108676195942
   21   -0.872265282213926    0.487672368543994   -0.036454607431028
   22   -0.544267894765678   -0.647392220263831    0.533531416009596
   23   -0.808443928641511   -0.388232496227281   -0.442373081364378
   24   -0.658658260750206   -0.015592069247166    0.752280654358535
   25   -0.403384367412415    0.796111616268066   -0.451095717747724
   26   -0.198182492108206   -0.816294270356663    0.542574754300883
   27   -0.265348305275881    0.341015539580583   -0.901830737251609
   28   -0.692451578608119    0.700710530002843    0.171800944194900
   29   -0.397438753613314    0.174682303293327    0.900848783116475
   30   -0.434334276923781   -0.859163375078740    0.270540257286055
   31   -0.384919789464226    0.894613869992532    0.226942237795880
   32   -0.664155675314336    0.338852025896325    0.666390683828724
   33   -0.152653813880609   -0.643314584988572   -0.750228737018708
   34   -0.033514449990375    0.977127301291881    0.209997663586736
   35   -0.257357224799927   -0.546229089554920    0.797120468039357
   36    0.330495418036252    0.854554979010945   -0.400635203776012
   37   -0.644111194062610   -0.697062433313552   -0.314999577374682
   38   -0.222017161442810    0.968163279960174   -0.115621119877105
   39   -0.353897846396266    0.536645323972152    0.766007905034216
   40   -0.634765403587122   -0.209271135382620   -0.743826911522128
   41   -0.188205701750409    0.660456514975861   -0.726894631741476
   42   -0.375541656384445   -0.920096822600276   -0.111311730562884
   43   -0.318328222906802   -0.185903141380236    0.929573646639123
   44   -0.565673776031128    0.656495935832866    0.499025315335419
   45   -0.030357457816768   -0.979249784420527   -0.200370368236559
   46    0.154139241521328    0.981189311308018   -0.116226630331120
   47    0.132577644796987   -0.898562506998110    0.418340279099867
   48   -0.339196604026577   -0.369292587913830   -0.865198617849534
   49   -0.225843973267388    0.809656116423347    0.541711614124216
   50   -0.529526438039598   -0.566255998106068   -0.631629556010481
   51    0.155452788401746    0.723796310655743   -0.672274743880251
   52   -0.323017079529032   -0.828037839008718   -0.458272084576737
   53    0.437654184807462    0.527924764543833   -0.727842192718899
   54    0.079850808705154   -0.664112505155896    0.743356192443900
   55   -0.321701465342599   -0.016522691530421   -0.946696977845084
   56    0.544741635778610    0.831519981199961   -0.108770727286620
   57    0.245549916438424   -0.967801521379333    0.055366540012277
   58   -0.090286915131521    0.354928699627134    0.930523450073680
   59    0.032478296560420   -0.848873738842351   -0.527596944415281
   60    0.461837329087660    0.743037603935199    0.484356687369354
   61   -0.113779584851442   -0.979431057677609    0.166640359239755
   62   -0.020338797120326   -0.257732805424617   -0.966002139924987
   63    0.096390723441414    0.437531460732875   -0.894021839388388
   64    0.035272714478760    0.639426436928487    0.768042751004291
   65    0.334693818417923   -0.085002294377196    0.938485299758842
   66    0.132016283860492    0.854433701499838    0.502508458174539
   67    0.174368842327181   -0.518340038121030   -0.837209120653954
   68    0.250675611544007    0.265413915713644    0.930976471841576
   69    0.385971320840637   -0.421400831454019    0.820638457993772
   70    0.034606235890132    0.097331691030167   -0.994650164811088
   71    0.382840506160322    0.185430477595572   -0.905013085442187
   72    0.347594352145514    0.919666442915981    0.182734233603906
   73    0.537456515836071   -0.427619177851022   -0.726830332553181
   74    0.669160637204724    0.267880615239037   -0.693155117989417
   75    0.337056962902291   -0.896704993030254   -0.286902002840161
   76    0.380790198697107    0.536953074608061    0.752781655093406
   77    0.333417365629711   -0.174219053021709   -0.926542272031213
   78    0.344812847320626   -0.715970453687547   -0.607034109230355
   79    0.618400666057190    0.650607942575092   -0.440783304219011
   80    0.634107807329518   -0.653474947834491   -0.413373658130825
   81    0.699833525657084    0.469138304693234    0.538648575080204
   82    0.667650337200618   -0.490858303914873    0.559733108466629
   83    0.395160304247195   -0.705363403231270    0.588481778247436
   84    0.684024600141220    0.697697973028641    0.212903463648131
   85    0.649720274109076   -0.086636905742897   -0.755220240707916
   86    0.605674116070715   -0.792951165769674   -0.066236801149166
   87    0.808141005526859   -0.332520599423007   -0.486146239464424
   88    0.581390029003189    0.204887762592688    0.787405003105412
   89    0.815161056261175    0.570740741189867   -0.098830454320549
   90    0.489725029352708   -0.827100053132730    0.275816782907284
   91    0.834586069443094    0.377048452059849   -0.401622406609490
   92    0.645589906530540   -0.150943011137584    0.748618647893978
   93    0.837552353664018    0.136536939466655    0.529021473130290
   94    0.892458979107865    0.389555470988598    0.227515945886434
   95    0.843279706807630   -0.515127159468630   -0.153373223426443
   96    0.762570823662438   -0.604349392316122    0.230754308531662
   97    0.970082394879909    0.214529190668645   -0.113654623729599
   98    0.878495835589595    0.025235947866856   -0.477083026093992
   99    0.860840488832109   -0.216551327841207    0.460498833003414
  100    0.980218655792551    0.037066409356136    0.194415709585642
  101    0.938993788379832   -0.317619484183157    0.131941383391704
  102    0.971941554769366   -0.149432529566318   -0.181657736471417
   
 U =    4633.73656595958     


 http://math-lab.ru/  - см. Задача Томсона
