     12
    1   -0.457783117280124    0.105677703835385    0.882760919187847
    2   -0.992327241113374    0.121574528846495   -0.022500677324747
    3   -0.343933140188854    0.913187797651047    0.218627631604662
    4   -0.552247638761697   -0.772669522227266    0.313056472386723
    5   -0.497186049226695   -0.508414360333150   -0.703079562113268
    6    0.368417913042657   -0.533180494796650    0.761568645177631
    7   -0.367848762027622    0.533392151677581   -0.761695543379050
    8    0.343867555668995   -0.913255966424266   -0.218445974897024
    9    0.552239688157024    0.772562672430574   -0.313334077289977
   10    0.496663494334043    0.508853245517796    0.703131387382119
   11    0.457706156948794   -0.106583058161498   -0.882691976628375
   12    0.992374290464343   -0.121168781713985    0.022614021388087
   
 U =    49.1652535576516     


 http://math-lab.ru/  - см. Задача Томсона
