     67
    1   -0.213855051075673    0.006095921924477    0.976846383453054
    2   -0.971383069922083   -0.114735959357451   -0.207967764567194
    3   -0.796921191898002    0.332924406666931    0.504061457908994
    4   -0.852046298274618   -0.169969495976993    0.495103500324778
    5   -0.456942383855315    0.008147892969434   -0.889458975825631
    6   -0.610888378923981    0.052902142462748    0.789947309520377
    7   -0.981664730297675    0.095254264703133    0.165109001406521
    8   -0.786666619431544   -0.476244363752573   -0.392870125952652
    9   -0.853179890361234    0.515254094783775    0.081223718775645
   10   -0.550432313167529    0.697872162595804    0.458256165583071
   11   -0.499415615612041   -0.413791047982732   -0.761157678468922
   12   -0.905236254142804   -0.412221195799194    0.103058284089090
   13   -0.898062519708227    0.309510085533819   -0.312549544309630
   14    0.249948894713447    0.008819854943452    0.968218859654315
   15   -0.292701233684888    0.677894300451044   -0.674377717021651
   16   -0.168505732477141    0.332067542855282   -0.928082412883897
   17   -0.642378632387481    0.677393221316298   -0.358452390655606
   18   -0.660028838396035   -0.749022802984632   -0.057678185604486
   19   -0.791587462686396   -0.059068698147667   -0.608194194165691
   20   -0.491703694417149   -0.371989805872716    0.787306205502857
   21   -0.554423551503810    0.830661377671103    0.051148814096195
   22   -0.676938314090623   -0.585257219535923    0.446350205441003
   23   -0.444432629011181   -0.758506554323964   -0.476599879687142
   24   -0.402495768283765    0.441730251500274    0.801792704770483
   25   -0.622020560402539    0.371112660515186   -0.689467777087408
   26   -0.223484259843292   -0.725192020746865    0.651269006361714
   27   -0.080688759668314   -0.174554804470957   -0.981335795892158
   28   -0.163468595828875    0.963582233389772    0.211630096331580
   29    0.020867723213418    0.389843908138545    0.920644483726022
   30   -0.403074721355593   -0.870585171657175    0.282156389073077
   31   -0.258389940677051    0.929794128112335   -0.262140263761088
   32   -0.139277079150714    0.775435557287646    0.615874655849097
   33    0.252535483755348   -0.956930909915617   -0.143209856827391
   34    0.182521020903407    0.977251069163943   -0.108011225094009
   35   -0.057374279184377   -0.403196954737064    0.913312875075585
   36    0.203692091839117    0.549884955603985   -0.810022263473424
   37   -0.230832977741802   -0.966315996501596   -0.113796007363969
   38    0.088209071313300    0.847053642479621   -0.524136705927043
   39    0.271522432577714    0.659046725025718    0.701379343037672
   40   -0.089643048521889   -0.585619719612344   -0.805613845370635
   41    0.245097714421628    0.124621263794377   -0.961455485706742
   42    0.033664278124883   -0.961117807461239    0.274078960446130
   43    0.528479260225312    0.309298590892641    0.790597276230783
   44    0.267228663395339    0.905516495361997    0.329588710497292
   45    0.469744782453757   -0.850488778933135    0.236661522572423
   46    0.587045782429559    0.809548539520955   -0.002900257084387
   47    0.221581949163659   -0.749175658623649    0.624209317721752
   48    0.314700690788556   -0.368951461588286   -0.874550338293384
   49    0.631874758758226    0.633748780457009    0.446202613745692
   50   -0.013420385324381   -0.873037073504645   -0.487469139068506
   51    0.598825334782092    0.379937148776462   -0.705021972283650
   52    0.367172001981925   -0.711564682624420   -0.599049600118549
   53    0.502687888011825    0.746012097212327   -0.436773211242489
   54    0.365109516120368   -0.392402280518889    0.844224787294193
   55    0.610899268609740   -0.052951004466678   -0.789935614299073
   56    0.827179110632225    0.460657973546308   -0.321821301877128
   57    0.648908313387571   -0.538112263343785    0.537915600122851
   58    0.685024686753910   -0.107125407333631    0.720600670025577
   59    0.630305859690095   -0.738784390178803   -0.238562671154697
   60    0.868607415710466    0.484521854615596    0.103729117284631
   61    0.805761655827455   -0.578599773561573    0.126374269662358
   62    0.711447438731453   -0.418697606542388   -0.564388922816644
   63    0.887009768886592    0.044149234958237   -0.459635197686554
   64    0.857267260167362    0.222277339511720    0.464419669033015
   65    0.923996981135916   -0.200842473200079    0.325410325298061
   66    0.996390014684592    0.084229317238499   -0.010600035583700
   67    0.928226262676537   -0.318992229422090   -0.191415680773215
   
 U =    1942.12270047937     


 http://math-lab.ru/  - см. Задача Томсона
