    272
    1    0.011555505591958   -0.000233165166034    0.999933205731523
    2   -0.993096571966284   -0.052395761330288   -0.104947048283576
    3   -0.942930254832344   -0.066536599751091    0.326275060976737
    4   -0.963368579103096   -0.266430308992919   -0.030592012794514
    5   -0.866408244873726    0.019840643387939   -0.498941982684142
    6   -0.834827862048462   -0.458143233048111    0.305233056466397
    7   -0.944720136394380   -0.271834595743337    0.183329802400048
    8   -0.936304664241611   -0.250021522110411   -0.246622817681164
    9   -0.992038942447122   -0.059060587749487    0.111223125486928
   10   -0.988274540175335    0.151731234847353    0.017060645149806
   11   -0.865395774433565   -0.211622373257122   -0.454209340205101
   12   -0.880030407797535   -0.451924039843220   -0.145983367420700
   13   -0.947947044186122   -0.030955650640862   -0.316919783402986
   14   -0.569934275346357   -0.059214554490364    0.819553877619971
   15   -0.897474621174959    0.351005871935946   -0.267084597484299
   16   -0.783782969531435    0.476479962208297   -0.398310309038650
   17   -0.868604056348328    0.228551522410555   -0.439648945067594
   18   -0.774276364379675   -0.632106376395051   -0.030620915788257
   19   -0.762329281104065   -0.122314929667933   -0.635525865053255
   20   -0.760106669687896   -0.363259263033916    0.538776909783663
   21   -0.964422509144672    0.156424858110484   -0.213120828686947
   22   -0.881514439431061   -0.465428659645780    0.079425788349094
   23   -0.828522967766687   -0.419683959501585   -0.370695381708691
   24   -0.881043683429799   -0.265632664409717    0.391409396268213
   25   -0.731257946958289    0.364937181155542   -0.576266144086736
   26   -0.511127618525464   -0.283732461900439    0.811322653230146
   27   -0.758420793175318    0.142288195173755   -0.636044000045214
   28   -0.923565222025685    0.345071333115843    0.167191673615349
   29   -0.878824534415609    0.088662006236432    0.468835244365565
   30   -0.698093300331210   -0.558028544084955    0.448631126895031
   31   -0.933584074642192    0.354615998210345   -0.051655293898713
   32   -0.959695305050907    0.140286295078240    0.243525515863261
   33   -0.566755563731976   -0.453862560255940   -0.687602288664584
   34   -0.840990332456322    0.537556763624520    0.061383927835694
   35   -0.687510982524949   -0.211394045450305    0.694723834667945
   36   -0.558986498210916    0.808647813107202   -0.183365234368019
   37   -0.754741300766602   -0.603186186164914   -0.257937964900408
   38   -0.826709477969300    0.537722136305128   -0.165548612688771
   39   -0.772179648818182    0.230896945188914    0.591967220928201
   40   -0.612939166908962   -0.241101746892944   -0.752446360423199
   41   -0.555472482744822    0.476317359936420   -0.681595256392312
   42   -0.627810245258159   -0.766331186133108   -0.136348117364029
   43   -0.830204000145196   -0.120044809056181    0.544380897866173
   44   -0.871764771657742    0.301464605528239    0.386193312358239
   45   -0.597799357980582   -0.716173810345796   -0.360181899840606
   46   -0.688933712536885    0.661959922336289   -0.295261580553039
   47   -0.605108816973747   -0.439147080296575    0.664073159740420
   48   -0.469280157972671   -0.114884863639716   -0.875544174465017
   49   -0.812733481549744    0.508040729532801    0.285234824493455
   50   -0.735267537214312   -0.349472616380146   -0.580732760501089
   51   -0.629154515499105    0.588820164645333   -0.507400639863737
   52   -0.681704350046669   -0.546894694086341   -0.485989066448677
   53   -0.437150358709937    0.660991530510837   -0.609909633038137
   54   -0.308636376928434   -0.345521619018288    0.886204489735564
   55   -0.641164999075967    0.000942732781349   -0.767402472770852
   56   -0.390429078948056    0.917653784015804   -0.074004506573916
   57   -0.448636845483820   -0.863120090299873   -0.231837638434890
   58   -0.737188790406844    0.023453074227309    0.675279675843855
   59   -0.416060908127607   -0.792763433536336   -0.445442992060388
   60   -0.560476159785102    0.826508074763975    0.052448800391358
   61   -0.753014936667321   -0.626791752706646    0.200251351792791
   62   -0.299778118394692    0.216212089901941   -0.929185348524165
   63   -0.329682218566513    0.549493101661752   -0.767702394152323
   64   -0.606012438553006    0.163977831859702    0.778370217170229
   65   -0.414100283101139    0.089535216067031    0.905816979648420
   66   -0.743694215463745    0.448515546166482    0.495734524451089
   67   -0.422842372957476   -0.333476875828676   -0.842613494384725
   68   -0.442028173325313    0.298566469080641    0.845854099432878
   69   -0.331613389700092   -0.674360948673835    0.659749854623205
   70   -0.613932012309773    0.258009202487079   -0.746001833572313
   71   -0.486587080175129    0.117832562581159   -0.865649178710521
   72   -0.713543327149714    0.698146486956141   -0.058714589591642
   73   -0.365805859574260   -0.529362135093795   -0.765481419127908
   74   -0.432615828406992    0.360416909044600   -0.826403773398009
   75    0.120688691326034   -0.940850045508190    0.316599797304493
   76   -0.632950364430168    0.365623419885820    0.682417285096674
   77   -0.094521935781235    0.179247783187497   -0.979252692556184
   78   -0.503388891495536   -0.638153640743561   -0.582545753331560
   79   -0.086131412938940    0.570788201867050   -0.816567332382652
   80   -0.297132887869560   -0.697539945100843   -0.652035330281272
   81   -0.705840199073072    0.687959742391030    0.168822410306671
   82   -0.530167432485967   -0.627814561014759    0.569887155943247
   83   -0.418311119841873   -0.497214768930671    0.760127147636406
   84   -0.531047445158712    0.798914488809344    0.282354830950188
   85   -0.202619107149807    0.404968913047461   -0.891597261594591
   86   -0.242551213124558   -0.918700100258107   -0.311703440464731
   87   -0.293662492276524    0.002259093106169   -0.955906500201917
   88   -0.239615458895780    0.267175751954091    0.933381781173133
   89   -0.509757531134396    0.758610191534982   -0.405780527811553
   90   -0.627451807318855   -0.772898636704681    0.094508871924006
   91    0.137194423066197    0.536837176683990   -0.832456326788076
   92   -0.371810978012234   -0.127887392893588    0.919457128619093
   93   -0.160039085680940   -0.173314705222251    0.971776468128413
   94   -0.464193729295164    0.486563686077711    0.740121585331437
   95   -0.262255415926558   -0.959475280720643   -0.103098411739615
   96   -0.463371153970957   -0.886119312932829   -0.008929552904505
   97   -0.660255403999318    0.645083910986615    0.384616106365699
   98   -0.082621382652071   -0.043256315293013   -0.995641802213995
   99   -0.427238993672818   -0.783962349232478    0.450410787250185
  100   -0.205609989776222    0.048309631959403    0.977440899269193
  101   -0.461207031020034   -0.858430572769658    0.224466091586328
  102   -0.255711540638418   -0.212877064998561   -0.943024370407215
  103   -0.200342706379921   -0.419733777766043   -0.885260614622956
  104   -0.221799615692969   -0.814260350838452    0.536455973525221
  105   -0.604673731702461   -0.722230317890373    0.335787203611142
  106    0.028009951013764   -0.593671747906738    0.804219682911060
  107   -0.040916438265862   -0.974600012162700   -0.220183244984948
  108    0.011859461779861    0.370455785801162   -0.928774388068887
  109   -0.265947588065895   -0.904792148562387    0.332600433405901
  110   -0.201449810101399    0.707564810355353   -0.677325633028090
  111   -0.136349878975459    0.976216268753018   -0.168554166739696
  112   -0.055581663310408   -0.767377285093438   -0.638782264176357
  113   -0.200776131039798   -0.556623027681577    0.806138790940670
  114   -0.363028425331808    0.888122161100946   -0.281867680592318
  115   -0.576484988790024    0.579909637852213    0.575647348318292
  116   -0.278648998815342   -0.953678364730664    0.113368038281756
  117   -0.099599658529845   -0.391731279380660    0.914672899333707
  118   -0.454928402807312    0.746142533545094    0.486118779676425
  119   -0.354244480222058    0.655176264269275    0.667274239702359
  120   -0.052364982195712   -0.897747581145594    0.437386772990311
  121   -0.378969211795640    0.910213330847395    0.167015055784449
  122   -0.002665971106017    0.998671419430053    0.051461525547001
  123    0.202230296621623   -0.682175424945580    0.702666063453080
  124   -0.308742896983583    0.806319356260674   -0.504506609750117
  125   -0.036195278501198   -0.266057667807957   -0.963277332451466
  126   -0.215291894394530    0.976130583902778    0.028609148495487
  127   -0.213691982518227   -0.834546544125627   -0.507806855305640
  128   -0.170341182763441    0.913835962444000   -0.368629509397716
  129    0.160498825114861   -0.980307816445928   -0.115050911129664
  130   -0.020840442711527   -0.902100468187157   -0.431022529856734
  131    0.024876432358300   -0.474811035288267   -0.879736121732879
  132   -0.060038695206354   -0.998192102709650   -0.002807341448177
  133    0.113003215795409   -0.421902089753106    0.899571509042977
  134   -0.028284068229920    0.222057933323434    0.974623150624122
  135    0.222177016083027    0.325266176248515   -0.919151395643347
  136   -0.067261432366546    0.833592809378057   -0.548269028734251
  137    0.126840214938173   -0.087288086669675   -0.988075072957508
  138    0.144025302899976   -0.984283705084458    0.102187572775663
  139   -0.309590983676197    0.872477129479486    0.378070206921468
  140    0.042199202035154    0.711258368045533   -0.701662854391481
  141    0.233040976755168   -0.077912417922064    0.969340785424061
  142    0.157784120393859    0.829947061933189   -0.535062655901160
  143    0.114572329006929    0.136638565290765   -0.983973111371042
  144   -0.090764418831080   -0.724294555770185    0.683490465738862
  145   -0.077255176768813   -0.973540297575631    0.215060286103157
  146    0.362006803919599   -0.908488758368358   -0.208804333849266
  147    0.095107888684943    0.984513112927357   -0.147269888245959
  148    0.369943204110593    0.779274163032752   -0.505839702437434
  149    0.260942715326221    0.677118486250312   -0.688054834222001
  150    0.179729551405008   -0.312778897193567   -0.932666419370897
  151    0.287219846578233   -0.511637952566286    0.809772415697988
  152    0.422795615005018    0.272157391167016   -0.864392400687149
  153    0.081681550149215   -0.809621454695563    0.581241106995936
  154    0.059000387539691   -0.218479739010499    0.974056239604301
  155   -0.133482648802580   -0.607485991607012   -0.783034579357701
  156    0.209482006082042    0.974527765504092    0.080080730450241
  157    0.328138612847914   -0.131455360193469   -0.935438153505966
  158    0.186019259361286    0.150259153098700    0.970988682764501
  159   -0.152063677503148    0.958452410880584    0.241341281303912
  160    0.355514382123295   -0.934553342947855    0.014818005550006
  161   -0.068534212024905    0.438852851366442    0.895941536390444
  162    0.374229624921505   -0.727126635663271    0.575533703218259
  163   -0.270251459801790    0.476079979710546    0.836846462258046
  164    0.148927041954100   -0.819504408451387   -0.553383466236157
  165   -0.220232133946540    0.791661041533764    0.569886482112911
  166    0.138822446604074    0.377933280364488    0.915365918041412
  167   -0.146466694567037    0.641815955855846    0.752741513530012
  168    0.474572889210887   -0.369963138233866    0.798691335356895
  169   -0.072952912171036    0.893947774599393    0.442193678035493
  170    0.580172450607087   -0.640120596388099    0.503632355628897
  171    0.288420718954826   -0.290397928971720    0.912404806939616
  172    0.457794175502864   -0.564972966052916    0.686461973094667
  173    0.061884215637465    0.595711408984982    0.800811002084801
  174    0.455864651182741   -0.154383798386423    0.876557506726066
  175   -0.002778518784019    0.771036925323749    0.636784374510452
  176    0.173320483332869   -0.926730206805568   -0.333363366090772
  177    0.636642287316223   -0.446846708664701    0.628501883017300
  178    0.070945529616301    0.959733907864620    0.271804263988567
  179    0.143103200781107    0.863293023990458    0.483990318762279
  180    0.255280958472064    0.907205439429453   -0.334379908055488
  181    0.349009125247360    0.487020468995912   -0.800627062541028
  182    0.345000039322526   -0.829883447039209   -0.438484249657585
  183    0.043082304749913    0.933645506882382   -0.355598063121518
  184    0.240887439342418   -0.521224601914019   -0.818717384649077
  185    0.311584577849961    0.942635583571020   -0.119804872320719
  186    0.301923421739994   -0.698170578466449   -0.649153364597795
  187    0.550060204102514    0.420366413067585   -0.721613366441748
  188    0.527218458197356   -0.794839593254427   -0.300450858429695
  189    0.322846690873344    0.088969554927995   -0.942260278526080
  190    0.458016804995665    0.836292865905956   -0.301388202782336
  191    0.639733737288597   -0.241771331849658    0.729580268695918
  192    0.509918070260209    0.856036247593526   -0.084767354731051
  193    0.280939621859661    0.910473320292278    0.303498372162531
  194    0.467861038663129    0.611042654905462   -0.638539679571398
  195    0.493188625518617   -0.694491051980568   -0.523877045095489
  196    0.349789672095538    0.789260679883010    0.504692742652305
  197    0.570682364880087    0.684499655784422   -0.453631854752153
  198    0.096500937653715   -0.660633033044118   -0.744480734930651
  199    0.383119674538105   -0.359902655903997   -0.850699355386535
  200    0.268426014467901    0.525655587557443    0.807238303121524
  201    0.480694912471459    0.816030932704125    0.320976506919265
  202    0.511785976459584   -0.181167475776902   -0.839793700869407
  203    0.523757828576100    0.031279764852184   -0.851292730684364
  204    0.783459073292010   -0.308261710128411    0.539598553134765
  205    0.668088034203289    0.504781114965508   -0.546675776423799
  206    0.412410719056695    0.904402367599672    0.109424660325023
  207    0.683334198794210    0.728983140893179   -0.040471632680071
  208    0.602440502804577    0.784528574946888    0.146902538005213
  209    0.207820383771377    0.713991970976252    0.668600144683326
  210    0.754111150491027    0.492190533951795    0.434815881717016
  211    0.584055030727738   -0.361573218152937   -0.726735528921044
  212    0.416172711480112    0.628279958596147    0.657316185595422
  213    0.394580944150814    0.059448473734806    0.916936070554351
  214    0.875446887032073   -0.352649720552605    0.330501017517379
  215    0.556609489077850    0.680970702142300    0.475883157395088
  216    0.255628031279161   -0.852748672535147    0.455493151555416
  217    0.342225206144483    0.294179919725825    0.892378889883369
  218    0.745343546421774   -0.510644779574703    0.428608104100372
  219    0.464222050138366    0.433507410177296    0.772378931280953
  220    0.611800563648333    0.515821124163270    0.599690451972118
  221    0.645232114983674    0.721088346241342   -0.252402683639897
  222    0.640996154716381    0.325920476773352    0.694909902403646
  223    0.443643590837553   -0.543708309911050   -0.712433602550042
  224    0.534656755804684    0.191235109998048    0.823147183786986
  225    0.858168826261283    0.449440601571648    0.248091538131083
  226    0.471734027556745   -0.798068646076339    0.374904579053087
  227    0.543020295212307   -0.836596770447274   -0.072351936150527
  228    0.658088795719175   -0.692809289835525    0.294846442858788
  229    0.698038576571831   -0.699006042433174   -0.155347025267572
  230    0.664802360176377   -0.645285910417322   -0.376356102276562
  231    0.786009738837793    0.302795165840563    0.538984023878010
  232    0.772095628973826   -0.097402146001548    0.627997740182085
  233    0.757546313884665    0.552128915838198   -0.348248822848108
  234    0.605247111626968    0.208030405374542   -0.768374442773129
  235    0.606253671211276   -0.024308524308299    0.794899730650856
  236    0.331409448997213   -0.913400242900870    0.236363646494115
  237    0.809066689400278   -0.547624136660415    0.213351580846754
  238    0.527172084418280   -0.835732814423155    0.153753882248343
  239    0.680693448135732   -0.133089558425356   -0.720377400466749
  240    0.696165047928559   -0.714242425460095    0.072194069808455
  241    0.731847502558091    0.299704753862061   -0.612026383019529
  242    0.626121741105920   -0.523498889589039   -0.577858527594371
  243    0.691724014047915    0.654623667541168    0.304935636297875
  244    0.830444058419791   -0.556998473980576   -0.010740848131116
  245    0.749946984953840   -0.305127924105720   -0.586921178429930
  246    0.734480129812685    0.064001481115475   -0.675605468691134
  247    0.894571084274816    0.262974530580823    0.361368193737600
  248    0.725416013836947    0.118463158679151    0.678039885924620
  249    0.890415576342545   -0.138973254017772    0.433412662568002
  250    0.787042355697287    0.606621605188952    0.112136338697340
  251    0.778113232792065   -0.457184477474970   -0.430722823298022
  252    0.818777378129655   -0.523440896285957   -0.235824581327904
  253    0.920234819343391   -0.376381538493407    0.107260499483138
  254    0.903237979490307    0.428536538308601    0.022750554734969
  255    0.808783051919943    0.573849807634049   -0.128710423841383
  256    0.861044479065827    0.078630861958921    0.502413766349865
  257    0.853836998048712    0.135084712091894   -0.502707172539057
  258    0.894833839181070    0.392502211268929   -0.212636813382508
  259    0.881201798418590   -0.280242554000589   -0.380719715001824
  260    0.953010306817824    0.047675103543354    0.299162898102567
  261    0.970911794643836    0.229668937335311   -0.067693915862166
  262    0.918627197371468   -0.374502794867133   -0.125983049995421
  263    0.959965595427198   -0.168937614000621    0.223441576641148
  264    0.833788591085440   -0.105292320529369   -0.541950286108697
  265    0.930558757394649   -0.030153476004823   -0.364898844778869
  266    0.959801173644083   -0.184658132111450   -0.211383730018538
  267    0.957058531209400    0.245691936348703    0.153865006588666
  268    0.995996868779143    0.032612880851509    0.083226422395221
  269    0.832050472709665    0.356222240527720   -0.425203158757121
  270    0.936597637913560    0.187346746198957   -0.296118323214560
  271    0.989978618772286    0.022191485750741   -0.139462799103888
  272    0.983441161529231   -0.181086838097643    0.007144149902962
   
 U =    34515.8415608987     


 http://math-lab.ru/  - см. Задача Томсона
