     29
    1   -0.296256110415433   -0.000742187814043    0.955108248419396
    2   -0.702316376340339    0.153722968603457   -0.695069029987609
    3   -0.724451798755424    0.382648165748221    0.573367223103616
    4   -0.990057285713133   -0.140349147814732    0.009417415464067
    5   -0.281611277225460   -0.357808474670838   -0.890319147268649
    6   -0.764511351242715   -0.304163088076825    0.568337232347668
    7   -0.879731413727710    0.463105649050689   -0.107730207082249
    8   -0.746482360373037   -0.499601445675493   -0.439502538253030
    9   -0.447623194763568    0.876389926223699    0.177691228605344
   10   -0.090011229209351    0.675650278290664    0.731706689911996
   11   -0.183772324184512   -0.879879670797173   -0.438223114157254
   12   -0.556319563321150   -0.819248579803429    0.139069435737079
   13   -0.415729430728700    0.753756869054704   -0.508939704462956
   14    0.386079552094066   -0.517826185733834    0.763412484062970
   15    0.206166196487763    0.797247042262723   -0.567355843390292
   16    0.344031596753015   -0.335110055748493   -0.877122289633443
   17    0.165434278830947    0.980634034009824    0.104825525180197
   18    0.139570053898728   -0.964394828175310    0.224639300754389
   19   -0.049433177824620    0.288435296145330   -0.956222485025172
   20   -0.223528599229439   -0.654539200234869    0.722228080790565
   21    0.589888773233154    0.622280090674374    0.514585973345346
   22    0.764190103850969   -0.614845865374229    0.194879570526161
   23    0.436326510502689   -0.815870371579185   -0.379439999224897
   24    0.310428589998967    0.153290036570510    0.938155773419033
   25    0.629111359353984    0.275472200210907   -0.726865850375944
   26    0.823951493453740   -0.038038200485324    0.565382199701397
   27    0.851874795423634   -0.302069605119529   -0.427858956415398
   28    0.714792924941773    0.681095385652726   -0.158682545025433
   29    0.990001277200385    0.140739754967909   -0.009475891154907
   
 U =    334.634440490057     


 http://math-lab.ru/  - см. Задача Томсона
