    176
    1    0.020839975510654    0.021606690745166    0.999549321612375
    2   -0.995673622501819   -0.061680785058252    0.069494735114996
    3   -0.890404071259684    0.170112705727493    0.422187466931753
    4   -0.930373248871629   -0.326959364945201    0.165840861848585
    5   -0.909634628374772    0.127579625256712   -0.395333127983030
    6   -0.830746500737130   -0.347441852265223    0.434907358879480
    7   -0.939596402312069   -0.088028669803794    0.330771150578147
    8   -0.947050483022266   -0.299089441571267   -0.116794214530860
    9   -0.965762733616198    0.197774727020903    0.167891333040085
   10   -0.894436861698644    0.446702374505763    0.020968763568545
   11   -0.894079398945510   -0.206467181598823   -0.397483749735601
   12   -0.845666102742967   -0.532627692642636   -0.034008582765273
   13   -0.978826692540592   -0.042194379489302   -0.200294633751279
   14   -0.402053694709284    0.097396346908376    0.910421209210065
   15   -0.765311553563471    0.623385172544233   -0.160278359843942
   16   -0.696115312304239    0.566526298551346   -0.440989143885972
   17   -0.873772494748351    0.399406432075977   -0.277481764153214
   18   -0.685694092631673   -0.726231876452800    0.049100641073943
   19   -0.806658011810806   -0.034266441576689   -0.590024290146693
   20   -0.654588768861107   -0.305298905540225    0.691596791459331
   21   -0.972120374188557    0.209562536432404   -0.105192782126523
   22   -0.790785954005081   -0.555976510489096    0.256022840255789
   23   -0.822354189480609   -0.471807779602576   -0.318011015768602
   24   -0.812089591910021   -0.111259607088099    0.572827892601275
   25   -0.783857469477355    0.317140937424880   -0.533843697493775
   26   -0.435748490722331   -0.228287178956613    0.870636673220950
   27   -0.674446437342896    0.162041583397356   -0.720322516936374
   28   -0.748527391807325    0.645848141927283    0.150289458323592
   29   -0.729403201522686    0.396235520803147    0.557645390604383
   30   -0.650765493517964   -0.532407614040833    0.541337607189514
   31   -0.603459219528387    0.796776658608403   -0.031367605312149
   32   -0.850079111977005    0.430372690862854    0.303553702563241
   33   -0.517803210857344   -0.442372147839016   -0.732247716037490
   34   -0.382750947020380    0.919828177082691    0.086126866886795
   35   -0.609020090057935   -0.037988363251596    0.792244541895549
   36   -0.113562713173181    0.970893970758147   -0.210875336922612
   37   -0.681818889951693   -0.691289608514284   -0.239252332204326
   38   -0.557659819071561    0.765363943059177   -0.321299799031966
   39   -0.506694470002083    0.546734126307226    0.666590210849501
   40   -0.639804336358893   -0.182642865780984   -0.746519922544379
   41   -0.580412850507480    0.448612536162356   -0.679608501538761
   42   -0.488747388184412   -0.861622755751592   -0.136865690784609
   43   -0.749315352702820    0.139571085560292    0.647337944414948
   44   -0.656053912935531    0.621095449622329    0.428758330275243
   45   -0.453926123392982   -0.792525168622871   -0.407252908646101
   46   -0.289311688402149    0.852696240244662   -0.434980308550302
   47   -0.439761216465315   -0.484000041637702    0.756540833126441
   48   -0.386122622514259   -0.237485162064657   -0.891352970591244
   49   -0.536088081602502    0.799605393893266    0.270630343495596
   50   -0.742099197836363   -0.356984800641829   -0.567318810442013
   51   -0.455685018515034    0.677669592539505   -0.577161231588102
   52   -0.621255406613064   -0.598053514742306   -0.506333598784844
   53   -0.176432082325405    0.729803323755167   -0.660498924270307
   54   -0.200217533179306   -0.384928225816664    0.900967924166687
   55   -0.501813813763342    0.013015177653952   -0.864877737872195
   56    0.133929029601801    0.990362451868426    0.035287801845393
   57   -0.245233669174110   -0.934683415137204   -0.257346771829095
   58   -0.560828556748836    0.282945125058027    0.778083148603615
   59   -0.193633721098414   -0.834985616448632   -0.515077666354774
   60   -0.128097532392780    0.989724946715605    0.063525995023085
   61   -0.595386358719728   -0.721543111170106    0.353398673700719
   62   -0.119604219103814   -0.217929810434913   -0.968607984943532
   63   -0.322036568720310    0.526699075058679   -0.786689603807741
   64   -0.334391044824877    0.408782760253987    0.849163873501492
   65   -0.163780370849588    0.219849455171108    0.961687167006682
   66   -0.398645971167012    0.756826785186080    0.517971627502137
   67   -0.251633706192798   -0.470586182992495   -0.845712198259095
   68    0.130552770889020    0.263412022639154    0.955808600265947
   69    0.089255570684811   -0.722474383112683    0.685612287555931
   70   -0.440437983497432    0.279798611770887   -0.853069234906405
   71   -0.255219608312625    0.034788081683263   -0.966257078062329
   72   -0.372901764186507    0.910312841093692   -0.179651901204863
   73   -0.094094739888782   -0.667852604460675   -0.738321798838661
   74   -0.183652084506139    0.300807187374506   -0.935834893493713
   75    0.732826641803408   -0.645870707640930   -0.214047055748365
   76   -0.236477071365765    0.649206651439698    0.722917227934655
   77    0.171364405687216   -0.212576087010514   -0.962000856389830
   78   -0.370308516377348   -0.661718552059840   -0.651920363662799
   79   -0.047160615049873    0.537652794498144   -0.841846392732341
   80    0.077488782245940   -0.813983683369233   -0.575696145405454
   81   -0.255409596232474    0.908856089177305    0.329767413971877
   82   -0.417209872276632   -0.695445078889086    0.585057317468869
   83   -0.185510482398804   -0.623412012941088    0.759567852822185
   84    0.023487244111112    0.951381461338392    0.307118323103151
   85    0.012538257900424    0.037892468736344   -0.999203158973133
   86    0.028508067284987   -0.941079169102007   -0.336982622077089
   87    0.026154325471864   -0.441540411544029   -0.896860087322789
   88    0.210330906834698    0.494301815318655    0.843461098689664
   89   -0.012926020392024    0.883579938133218   -0.468101923650527
   90   -0.480648197487228   -0.864638542344061    0.146210469342714
   91    0.082831862087581    0.300311593212805   -0.950237775298946
   92   -0.218488569081860   -0.100412951922304    0.970659561466743
   93    0.040248428150301   -0.252630818306570    0.966725262767650
   94   -0.065293679756334    0.476093301132295    0.876967447514918
   95   -0.025837157498990   -0.997161488121059   -0.070720632778337
   96   -0.264696912590726   -0.963735462397668    0.033904320994386
   97   -0.106164841658180    0.831704579664939    0.544973869612169
   98    0.344719266259443   -0.394983937891273   -0.851561105427822
   99   -0.153103399043059   -0.812975563036245    0.561809650244069
  100    0.273531513112316   -0.051488052586831    0.960483988297203
  101   -0.109871159388403   -0.959178022076177    0.260587509870834
  102    0.189739086112912   -0.608665446353296   -0.770406031659007
  103    0.500005764935082   -0.543390846554275   -0.674329758287970
  104    0.341629306540592   -0.756585857462709    0.557554712292894
  105   -0.336708082232698   -0.865364576696084    0.371176261038857
  106    0.294968247000260   -0.339714344111532    0.893077766863818
  107    0.304619762148255   -0.879820633995535   -0.364859496936061
  108    0.284709868345071    0.035805864592070   -0.957944795344568
  109    0.080542990470684   -0.888838512884363    0.451086382746757
  110    0.103728036647761    0.725259751367044   -0.680616476042282
  111    0.393549799924925    0.919270503502314    0.007765073705608
  112    0.942214040373537   -0.145783577995293   -0.301628663276328
  113    0.333985026281552   -0.569364802251128    0.751184214542109
  114    0.149889212273119    0.959743518982402   -0.237540737170323
  115    0.053516217872209    0.691170353632715    0.720707677691782
  116    0.137226276206402   -0.979379104105171    0.148275148155974
  117    0.062230573339456   -0.511012172454547    0.857317861323982
  118    0.184759589241580    0.838553066862275    0.512535509247073
  119    0.345049810062004    0.666409835655882    0.660937636632440
  120    0.558441871158348   -0.764686895994570    0.321553459989707
  121    0.302647039966669    0.914656566338351    0.267970399211465
  122    0.621242220062210    0.774705845634220   -0.117851418117667
  123    0.555235216957952   -0.399550889951938    0.729433300712457
  124    0.266715128954635    0.831341778972738   -0.487579620699180
  125    0.624331149314759   -0.313843550751833   -0.715341066657572
  126    0.578187842535920    0.797906078561696    0.170425081892174
  127    0.338852540386600   -0.735357048314349   -0.586880709657386
  128    0.402983372529516    0.878599755751307   -0.256255479275040
  129    0.518488902090181   -0.836327079056689   -0.178118711105333
  130    0.559489391031291   -0.712334520410577   -0.423734766516589
  131    0.714447958728990   -0.050300642562621   -0.697878183944566
  132    0.247446903982735   -0.961866265694506   -0.116547486580642
  133    0.496658011751050   -0.156041501892233    0.853804350569093
  134    0.386216535758087    0.189150374502075    0.902806138289249
  135    0.343960802097623    0.288970596381031   -0.893413096527889
  136    0.556157418552249    0.721931821549982   -0.411707870732178
  137    0.470000346060666   -0.148468813989286   -0.870090044751386
  138    0.432878822833696   -0.898014297342637    0.078652695505765
  139    0.471587148360343    0.770250219543567    0.429325238944145
  140    0.236247152061352    0.527059017363140   -0.816330861452084
  141    0.717645074516435   -0.167522395123013    0.675959905730029
  142    0.410136289741202    0.649908991195338   -0.639848831366268
  143    0.549726385159297    0.120874439966332   -0.826553247663161
  144    0.576266285081996   -0.605632970036707    0.548749372922022
  145    0.318791644383547   -0.890107245579647    0.325700750441028
  146    0.717341623796864   -0.497645116789583   -0.487616993657892
  147    0.765342662318882    0.586234390478435   -0.265668682111805
  148    0.671994448657251    0.511434678953492   -0.535591290199509
  149    0.525716252497789    0.415657413964051   -0.742193597436948
  150    0.871527189251207    0.054755858412905   -0.487280365257372
  151    0.761287291888369   -0.397494927868571    0.512288435871857
  152    0.729053519329964    0.241036261384558   -0.640611026013718
  153    0.666300085930342   -0.743559891938878    0.056239510924819
  154    0.605416107681865    0.078897290209444    0.791988986133613
  155    0.818739785837214   -0.243626460922294   -0.519914714761672
  156    0.905909879036426    0.409310000568326   -0.108593805067160
  157    0.847683500690209    0.346421297670185   -0.401777260653335
  158    0.810090342717572    0.090141223099770    0.579334270118560
  159    0.781709418282459    0.622471566726661    0.038203847782073
  160    0.870384793254035   -0.414283488069320   -0.266081760339278
  161    0.456875625070289    0.421876541721308    0.783125051803287
  162    0.755903593391737   -0.583284634231477    0.297302527683355
  163    0.598594947492462    0.563953460501697    0.568894175769675
  164    0.957044117643034    0.162179780767195   -0.240341997152331
  165    0.716609436115705    0.618033694985165    0.323272745422370
  166    0.670176035916181    0.310227717253092    0.674257253822018
  167    0.808140871251883    0.377532284995597    0.452081525831625
  168    0.881674044345666   -0.144566359495351    0.449167504645447
  169    0.886549847157208    0.420667706006961    0.192530645945971
  170    0.842615854943302   -0.538011378875944    0.023286846033190
  171    0.928835118038796    0.150596904430806    0.338505385294997
  172    0.900138647280956   -0.354769846236944    0.252762283326105
  173    0.977707189793863    0.199263115136308    0.066203187019675
  174    0.953797272014583   -0.299496200191404   -0.023933030908147
  175    0.975784116854373   -0.086278439074205    0.201000965782879
  176    0.997333554026958   -0.036978003720374   -0.062915890304545
   
 U =    14199.3547756784     


 http://math-lab.ru/  - см. Задача Томсона
