    292
    1    0.008181030045858    0.013493102353368    0.999875495717477
    2   -0.167625157548368   -0.090178936656876    0.981717661010700
    3   -0.966778859217150   -0.174041006259804   -0.187212086978542
    4   -0.973527757663493   -0.092425915532386    0.209048212613003
    5   -0.916714015183450   -0.381926487933923   -0.117335298102046
    6   -0.817612409645703   -0.057113985117440   -0.572929262908915
    7   -0.823845408130351   -0.504078643885983    0.259197732012848
    8   -0.911796187433776   -0.400234538174174    0.091869619753957
    9   -0.884812548204043   -0.340308637725952   -0.318271559567887
   10   -0.976965332634876   -0.210997538456304    0.031918295615619
   11   -0.999452636080065   -0.012798237020788   -0.030506283971813
   12   -0.814249432768288   -0.283819060363395   -0.506403596167089
   13   -0.812297579221977   -0.553266060458698   -0.184578734242677
   14   -0.912474503578154   -0.120853394110292   -0.390876882728852
   15   -0.688761015629217   -0.075246287337583    0.721072991860962
   16   -0.921172802792030    0.265923513310821   -0.284122073174023
   17   -0.828837946717941    0.476767425183613   -0.292780601072161
   18   -0.891623556953220    0.106168494468152   -0.440154158754014
   19   -0.692642361752805   -0.720479452760511   -0.033998777263475
   20   -0.706958773032642   -0.210462552914386   -0.675214637765607
   21   -0.810242617899119   -0.383942807587773    0.442825948473665
   22   -0.967611467345186    0.040779273154712   -0.249128679888668
   23   -0.819350041199786   -0.572530322143130    0.029572626068583
   24   -0.770648147115147   -0.506804577887689   -0.386329591385481
   25   -0.918214738125536   -0.290994146104167    0.268708209071031
   26   -0.824689607965073    0.320076747723860   -0.466302397678728
   27   -0.608303844453349   -0.305132980517462    0.732707511237469
   28   -0.771107229276234    0.152139594492045   -0.618261421039455
   29   -0.946640400656903    0.312574991932042    0.078541875855000
   30   -0.927388102244392    0.037908335683743    0.372175047391995
   31   -0.698755954219959   -0.583387750742612    0.414003440475596
   32   -0.977412494635232    0.191313040198041   -0.089800534414415
   33   -0.983407272562418    0.109985778586331    0.144268031039811
   34   -0.575841167185097   -0.359869699573518   -0.734098596582074
   35   -0.841097393525682    0.538370460611762    0.052080915362379
   36   -0.763687995315934   -0.240412945767331    0.599151284166031
   37   -0.637201442391637    0.767450151105485   -0.070672394767583
   38   -0.672189165674889   -0.697123970799704   -0.249358967927264
   39   -0.905061944196764    0.410712446218982   -0.110354717559303
   40   -0.837158959089245    0.196731782366559    0.510354272073321
   41   -0.541369924814795   -0.158264903566662   -0.825754700141064
   42   -0.719341839561405    0.518884189009255   -0.461851184097888
   43   -0.538069892342887   -0.834135335214485   -0.121239570688504
   44   -0.886552105192888   -0.166358403690211    0.431683039161493
   45   -0.920922800741052    0.238800309168965    0.308018842631523
   46   -0.495552236914474   -0.799028277309628   -0.340560996810660
   47   -0.775994512101531    0.617021612132310   -0.130831369900159
   48   -0.665663522632125   -0.456827941360689    0.590084999495112
   49   -0.484146564307687    0.046292255525909   -0.873761484243490
   50   -0.872313528600103    0.431605619738122    0.229751380478354
   51   -0.690202466185004   -0.443019853105910   -0.572148551886794
   52   -0.676217208847851    0.667822706766085   -0.311035558715787
   53   -0.618482861450941   -0.645882188273906   -0.447565804057868
   54   -0.539034694565651    0.690300441007544   -0.482625008882989
   55   -0.422971887746396   -0.355234196977703    0.833608689658317
   56   -0.670645817490981   -0.002467429963558   -0.741773617265557
   57   -0.540658908818462    0.830752653800584    0.132431010411147
   58   -0.358032682523711   -0.908608221208180   -0.215043480714440
   59   -0.822997450701665   -0.012922908768892    0.567898049448588
   60   -0.412889312067670   -0.741604654910128   -0.528720107236254
   61   -0.604831941657967    0.728724686758695    0.321152071858015
   62   -0.710271485325752   -0.676020265251803    0.196242243418771
   63   -0.507360897649134    0.398786138023060   -0.763907413013723
   64   -0.405149427326674    0.601280158537355   -0.688706114744279
   65   -0.712411383379621    0.146099372508842    0.686385455982029
   66   -0.557584317719287    0.087268051136082    0.825520451524023
   67   -0.807901832696497    0.400750750341879    0.432080391624131
   68   -0.340533931409350   -0.111100384801197   -0.933645192809302
   69   -0.390111898116227    0.235964099221653    0.890018904758022
   70   -0.339771192149200   -0.670604851555555    0.659427532072830
   71   -0.690847662437714    0.350471352209820   -0.632375947190093
   72   -0.603985020128514    0.200836954465249   -0.771275964348353
   73   -0.710687360763201    0.694749528759387    0.110664210746048
   74   -0.386217140472520   -0.306584539174693   -0.869966804392139
   75   -0.581647473544723    0.534459810156279   -0.613220130007777
   76    0.177243631669187   -0.931247066181995    0.318376501582865
   77   -0.706264391502029    0.354493005332306    0.612801206319585
   78   -0.201043434534546    0.299278672773678   -0.932745310067748
   79   -0.528610554215495   -0.578903835593966   -0.620839134644862
   80   -0.199711971698537    0.646893926423352   -0.735964249346979
   81   -0.414744431051401   -0.488035238091372   -0.767990015099772
   82   -0.754464783396992    0.587889927209420    0.291836125418758
   83   -0.534700389837164   -0.645595744114133    0.545253728359288
   84   -0.488455154351479   -0.511598173463232    0.706879672289816
   85   -0.507341357738964    0.693387242636089    0.511682400007178
   86   -0.310862173560147    0.460810352749367   -0.831275241931615
   87   -0.277790059693201   -0.866913801436535   -0.413875758669802
   88   -0.405822882705124    0.249564111295130   -0.879218711258112
   89   -0.193539974660659    0.132341625845800    0.972125492041455
   90   -0.534701535384710    0.808932307830370   -0.244382465421449
   91   -0.566187177855603   -0.815562531727756    0.119540104039273
   92    0.012276579895325    0.675050067459013   -0.737669771652367
   93   -0.527660373779777   -0.133194890173779    0.838947943065707
   94   -0.342036996625250   -0.182911438578620    0.921712590006602
   95   -0.563762127810083    0.300463421585134    0.769346473012259
   96   -0.221141632349811   -0.972693213701169   -0.070457721091117
   97   -0.403283913413534   -0.914667910285600    0.027289175063379
   98   -0.669519319224222    0.558810564918885    0.489361455082612
   99   -0.057205566386369    0.123508426792283   -0.990693288402475
  100   -0.383546432420285   -0.789809139598903    0.478637291885737
  101   -0.374385999382995    0.026342140223518    0.926898708119955
  102   -0.416314970054281   -0.867940069176359    0.270853986544116
  103   -0.271632295335893    0.091258445288384   -0.958064607578268
  104   -0.131085532573061   -0.088717462847145   -0.987393434723972
  105   -0.175371466351433   -0.796776574169478    0.578266322419435
  106   -0.568733455020973   -0.745302034012587    0.347947029354479
  107   -0.065304071881893   -0.481413034653531    0.874057703050161
  108   -0.136114723777902   -0.952243709937307   -0.273321603346129
  109   -0.100619445794884    0.499675263564698   -0.860348974608257
  110   -0.215821284678165   -0.895437735136044    0.389374415664791
  111   -0.317327872934549    0.753096459731706   -0.576323471150019
  112   -0.222879566451114    0.973958798386887   -0.041580739571770
  113   -0.220893049599742   -0.487675180740907   -0.844617770786200
  114   -0.280430801798414   -0.516499322998329    0.809065519438918
  115   -0.446798669531911    0.893022340694250   -0.053684708488327
  116   -0.555996402237683    0.501891362369586    0.662550421536017
  117   -0.251795113151097   -0.951305339971782    0.177812741766157
  118   -0.199619463537917   -0.334390263311706    0.921051150359828
  119   -0.386456299623360    0.624348706853011    0.678852134659966
  120   -0.394561622152278    0.439248791944156    0.807082167502270
  121    0.003891746622333   -0.881210664360912    0.472707752554184
  122   -0.427982667531622    0.842071847365600    0.328246614859625
  123   -0.111703358473967    0.983016143845935    0.145607762993272
  124    0.080554786692422   -0.607235989401056    0.790427339808701
  125   -0.403966424466446    0.822376165731571   -0.400635208063938
  126    0.079339629906136   -0.054693572962330   -0.995346088656087
  127   -0.340748520368509    0.930312676850801    0.135678919355104
  128   -0.306188111575054   -0.652476704668651   -0.693197655935765
  129   -0.322017280300365    0.919473634967654   -0.225550672327362
  130    0.011816169508112   -0.993543246074927   -0.112837034332940
  131   -0.181741545466354   -0.787287208658988   -0.589193399261601
  132    0.027318472429113   -0.267343623394399   -0.963213936825300
  133   -0.074921096460673   -0.994153718804975    0.077750965854892
  134    0.122261253328193   -0.389063327805723    0.913061834100712
  135   -0.010251381371057    0.240716279747995    0.970541385951300
  136    0.113459861820342    0.519613434311773   -0.846834540296057
  137   -0.200199119872880    0.886165796394452   -0.417888135393566
  138    0.164002937899616    0.158555409940068   -0.973634026900781
  139    0.130003140937385   -0.985621132230133    0.107935939555858
  140   -0.323296378552725    0.796348402374427    0.511183600725209
  141   -0.101538060200575    0.798654206072063   -0.593162272446678
  142    0.165891710344936   -0.127819525790154    0.977825193613670
  143    0.011214083233371    0.906086458302355   -0.422943937677713
  144    0.008336786821755    0.328274543114897   -0.944545563923834
  145   -0.130211192055876   -0.658363656402498    0.741351698852658
  146   -0.035563539806977   -0.958742129210713    0.282043904938408
  147    0.094896091093145   -0.949463227121049   -0.299189425348096
  148    0.003276609778396    0.999187592915290   -0.040167374727624
  149    0.223701482086660    0.883302387411991   -0.411988518413448
  150    0.120192686782826    0.798766211399743   -0.589513577087099
  151    0.235795249672492   -0.217639976980261   -0.947118493458933
  152    0.265691301003525   -0.515384914054777    0.814730951256796
  153    0.345965770394913    0.480217437109530   -0.806039018169102
  154    0.042821683522648   -0.763883672588230    0.643931703034882
  155   -0.012899478605670   -0.240068524748941    0.970670235907421
  156   -0.181951170926839   -0.294104197354590   -0.938294459376567
  157    0.118230919682920    0.981082891191560    0.153289954798547
  158    0.286827759716755   -0.001775251066823   -0.957980524196352
  159    0.178839552499885    0.134653526319375    0.974620358042760
  160   -0.227534177369161    0.919646740167937    0.320121963363069
  161    0.223652484735689   -0.970728266400340   -0.087556832303036
  162   -0.008635231330904    0.441972995009332    0.896986791687783
  163    0.252759295663650   -0.694761138469534    0.673364462180871
  164   -0.207047011104500    0.347904315932238    0.914381825141125
  165   -0.096236435475343   -0.649037208192972   -0.754645115844576
  166   -0.201253859291022    0.712502565793190    0.672188201219413
  167    0.189543802622243    0.348354541346721    0.917999052510739
  168   -0.207215971349687    0.542892827660092    0.813835928730623
  169    0.433865099973052   -0.399715470491978    0.807458121313267
  170   -0.120388274065470    0.862268249869000    0.491935085895883
  171    0.419934980460061   -0.740550453520739    0.524632860175796
  172    0.297827860802918   -0.275416692174937    0.914026373252421
  173    0.440198825631860   -0.586027813173035    0.680291405281562
  174   -0.005406591750834    0.618613729443513    0.785676665371721
  175    0.459403799628303   -0.143020716755654    0.876637452693973
  176   -0.004524769485332    0.768488730086093    0.639847324126443
  177   -0.041966353291132   -0.887727958432940   -0.458451629954490
  178    0.601410677393437   -0.609753607628382    0.516241934659845
  179    0.003041415517839    0.943826159472507    0.330428404479738
  180    0.120011624379229    0.858262751829023    0.498981220925929
  181    0.112032322106601    0.966597968928097   -0.230514913329875
  182    0.235216184633826    0.651008841967698   -0.721706889371428
  183    0.037064202285076   -0.775581819702049   -0.630157984839222
  184   -0.105281371759242    0.966746980364821   -0.233058165950033
  185    0.185467737648781   -0.426299996007063   -0.885364349686512
  186    0.226427641583801    0.973546279705153   -0.030629469454336
  187    0.114548379617842   -0.617861296335952   -0.777898507015526
  188    0.454810878990016    0.595676869445975   -0.662054477788174
  189    0.185980462085533   -0.860479241695359   -0.474327674012208
  190    0.219160858715912    0.348496071072717   -0.911328155196460
  191    0.324207479244235    0.921160390173750   -0.215297575409116
  192    0.607964539934476   -0.448191831236269    0.655364936959051
  193    0.442913647252413    0.896246702618287   -0.023861037768978
  194    0.234222245314101    0.912363016125337    0.335758345550336
  195    0.337213779600235    0.752856338026565   -0.565238180894528
  196    0.248010235406053   -0.732686032214594   -0.633768176332221
  197    0.324445554761861    0.786640380388136    0.525292293811813
  198    0.430408864553075    0.816271505352614   -0.385290849701250
  199   -0.019192959484960   -0.468264019899038   -0.883380120884663
  200    0.385910140933866   -0.360630958659859   -0.849128185129003
  201    0.195753742329317    0.540018321497173    0.818572345496379
  202    0.437881715528420    0.828211295854264    0.349750843637708
  203    0.440647841835364   -0.157156448248848   -0.883816344191282
  204    0.392241373466102    0.246584735142134   -0.886195617985278
  205    0.753932657082746   -0.430554308699764    0.496194050593333
  206    0.550555640849195    0.682486063509713   -0.480729923599674
  207    0.343700425820507    0.925508792230395    0.159070716334080
  208    0.720121914673113    0.679841361039968    0.138708874362292
  209    0.546485198568981    0.821883655860323    0.160814128653833
  210    0.192564551681831    0.708725539725940    0.678695073487167
  211    0.673450577605674    0.541115390875028    0.503645166045252
  212    0.514691616407867   -0.469987231017018   -0.717080569169472
  213    0.378859153481598    0.616032370753996    0.690630045687572
  214    0.331753173545484   -0.000193875626135    0.943366203684837
  215    0.864486493781060   -0.392175187026123    0.314422843876131
  216    0.510032029905962    0.679226749062488    0.527748379275586
  217    0.218300782429684   -0.833006139547979    0.508375392663690
  218    0.370262728241830    0.225137352339442    0.901231759680329
  219    0.735883890715530   -0.584087692857168    0.342514914183549
  220    0.382680919069176    0.430398283109336    0.817503903401633
  221    0.549119798974357    0.492117801305390    0.675490574332988
  222    0.527299484515266    0.823616657450438   -0.208832122050469
  223    0.549267334260612    0.291852988050712    0.783024411420303
  224    0.321083358269299   -0.561420764207956   -0.762700598241973
  225    0.521556986866937    0.079811563454920    0.849475381508589
  226    0.810963023676915    0.374819912351225    0.449276092769040
  227    0.379214325784449   -0.858739946649319    0.344618918732809
  228    0.303271757015783   -0.911139439462221   -0.279018213120629
  229    0.568654597712611   -0.743604919165994    0.351686895821330
  230    0.495131879698316   -0.832679395301281   -0.247970656221870
  231    0.397328337809606   -0.800703520733267   -0.448334767622148
  232    0.699368144952961    0.343555304679422    0.626780623864270
  233    0.584333203097572   -0.266075252144124    0.766654203636928
  234    0.672082401614377    0.692076072608444   -0.263317213951392
  235    0.525640161651673    0.379845453143605   -0.761196329592394
  236    0.649367821586049   -0.064743791149726    0.757713450980085
  237    0.327073808398250   -0.934950884262235    0.137439324347613
  238    0.513317421486936   -0.842837876627145    0.161646337789161
  239    0.421099383659462   -0.905182589152159   -0.057617613430400
  240    0.586085965588712   -0.267784926524903   -0.764718558729942
  241    0.602671436604902   -0.797499338616877   -0.027963268875946
  242    0.628564594347074    0.488590992494250   -0.605132541503746
  243    0.443979416563239   -0.663394643575938   -0.602320367033127
  244    0.618095627148496    0.707890422470266    0.341831750243853
  245    0.765388437946568   -0.643065650492891   -0.025438321758069
  246    0.618380753564794   -0.557903643479673   -0.553487821196405
  247    0.466178972426469    0.057478674814789   -0.882821254620060
  248    0.827895613814447    0.172554365520544    0.533679532647265
  249    0.693631404562009    0.141121878972793    0.706371070953874
  250    0.738099970065612   -0.250300984466125    0.626544373021123
  251    0.769504870652509    0.558384970440043    0.309949155231527
  252    0.594352152756074   -0.694402076733042   -0.405649201087661
  253    0.666165054782654   -0.714085798033375   -0.215187343571739
  254    0.686976676725761   -0.707096879724678    0.167562073031022
  255    0.853398611134897    0.514339810427910    0.084648508090878
  256    0.637218786853024    0.769863077943116   -0.035539539973285
  257    0.796456081721202   -0.038474917053318    0.603471118320546
  258    0.601336058505084    0.179054996168507   -0.778674677313104
  259    0.781973663555891    0.617428084387448   -0.085438575097104
  260    0.701000227200695   -0.368193629132987   -0.610763565490325
  261    0.905312346449622   -0.008888954757775    0.424653437345318
  262    0.912291347015908    0.401077807336102   -0.082831700588395
  263    0.760915170948882   -0.492586911132019   -0.422334272349818
  264    0.859000424480415   -0.223085550140095    0.460815698583672
  265    0.622945727483219   -0.052326846854587   -0.780512986252413
  266    0.754511209539088    0.067669047861555   -0.652789196173905
  267    0.751428691539020   -0.157952923579000   -0.640629218397665
  268    0.885820913407712    0.391684649714464    0.248806038004677
  269    0.920723145357588    0.203383884874845    0.333022349063911
  270    0.709517674043554    0.565631704698768   -0.420292094690575
  271    0.712383469983702    0.289438448636239   -0.639323999350116
  272    0.828075760937266    0.499542506667604   -0.254455925811159
  273    0.794105713626747   -0.560530469876361   -0.234950437168226
  274    0.832700139863240   -0.533055143239945    0.149875586194626
  275    0.973143848092444    0.034739007129530    0.227561535201987
  276    0.796328151815523    0.383655307950063   -0.467621726727723
  277    0.887096956831340   -0.368639171358853   -0.277784359747691
  278    0.956406241684565    0.275642731275333    0.096478938436739
  279    0.885784542349218   -0.459861672665000   -0.062553869176371
  280    0.852517345728124    0.174625062374469   -0.492666482342148
  281    0.903688049589858    0.301010256225962   -0.304533634719154
  282    0.837547174032357   -0.278023885484777   -0.470337591917083
  283    0.934193221656608   -0.339307869993684    0.110241525620775
  284    0.970356484900549    0.199577147400490   -0.136298402217095
  285    0.868132743897451   -0.049375213151309   -0.493870051024909
  286    0.935957475791155   -0.155310404950650   -0.316009939123303
  287    0.960144667649246   -0.257536977594077   -0.108613637985414
  288    0.944908815766646   -0.182618310983453    0.271657656582740
  289    0.943254838005138    0.075951516724376   -0.323267192407718
  290    0.989042202062207   -0.132656855279842    0.064789515256748
  291    0.988743916921365   -0.038188562082414   -0.144662021543576
  292    0.995936315076726    0.083746784727956    0.033126007292195
   
 U =    39877.5086881652     


 http://math-lab.ru/  - см. Задача Томсона
