     45
    1   -0.525708346384233    0.086563668409181    0.846249056633744
    2   -0.873323808952029    0.036276048980206   -0.485787580108741
    3   -0.848730977529558    0.274149097587482    0.452214550930961
    4   -0.988894540949887   -0.145514488837378    0.030217882419323
    5   -0.482840854086647   -0.181644254838915   -0.856662170466802
    6   -0.797726894851817   -0.283685329223910    0.532122575365113
    7   -0.921516838822114    0.380984740570282   -0.075215312403075
    8   -0.749042022709544   -0.482909194054314   -0.453579936188769
    9   -0.627462053503422    0.744041719684924    0.229550192292601
   10   -0.389877791404039    0.590386342420880    0.706710177125535
   11   -0.268348824921407   -0.678759972176423   -0.683574288818971
   12   -0.773055131900243   -0.630071694840699    0.073453539079245
   13   -0.620676171674547    0.695652150507630   -0.361703159247384
   14    0.180062250032882   -0.233511430363706    0.955536497472803
   15   -0.136824571633536    0.742431573466637   -0.655800575874368
   16    0.034860354326432   -0.268403958103282   -0.962675475417717
   17   -0.231119783517953    0.966325976420105   -0.113127153956713
   18   -0.409269754565365   -0.887640717560581   -0.211168711050060
   19   -0.549092422876591    0.353512046884983   -0.757315485017112
   20   -0.316086630300700   -0.390211573249409    0.864768275463068
   21   -0.102973125932905    0.912396263601482    0.396143400174306
   22   -0.463319407845275   -0.740513780724435    0.486800233022856
   23    0.142135118156368   -0.950225360589965   -0.277253263783038
   24   -0.027718425446218    0.252964239302759    0.967078477955517
   25   -0.061233826465347    0.282976054449203   -0.957170293680687
   26    0.099385542285608   -0.729840018746421    0.676354981515490
   27    0.278101144301788   -0.657962906496658   -0.699817524225069
   28    0.395249264795895    0.891941184275972    0.219588120058169
   29    0.531235474433228    0.166964000408159    0.830609350580288
   30   -0.086880984792230   -0.973463021484271    0.211710746737726
   31    0.253410906804690    0.919957680977502   -0.299099945708655
   32    0.244599266835851    0.645027003620057    0.723955359994175
   33    0.645522338287113   -0.717650105417520   -0.261302960118252
   34    0.718759383349607    0.671437092467094   -0.180436082051865
   35    0.578915260296910   -0.451126925428124    0.679221332519179
   36    0.437193697392230    0.083306081579908   -0.895500847421326
   37    0.443864986081474   -0.861347262443397    0.247112864117107
   38    0.404797777619981    0.588036244095414   -0.700251479730020
   39    0.724220369518792    0.531546608223162    0.439275607859710
   40    0.678600739186106   -0.315785931832093   -0.663159318740984
   41    0.817223212360435    0.245361605773142   -0.521482409666631
   42    0.843476754486018   -0.494629146698372    0.209496949567706
   43    0.879900925723190   -0.027233557235376    0.474376110561842
   44    0.966961912356303    0.252587479817136    0.034412571712517
   45    0.953204114794663   -0.212679605405729   -0.214870428358549
   
 U =    846.188402343000     


 http://math-lab.ru/  - см. Задача Томсона
