    168
    1   -0.054761286698322    0.006843580494248    0.998476022188396
    2   -0.977439521544704   -0.114377104777121    0.177566493532041
    3   -0.798603937651683    0.100968207143363    0.593327204764354
    4   -0.900480583462358   -0.378784643011351    0.213674783318141
    5   -0.955674488957011    0.128696814355164   -0.264808234637045
    6   -0.795549205487182   -0.374465460808207    0.476316155836026
    7   -0.888918745928468   -0.120997522064001    0.441795272486398
    8   -0.935502151190185   -0.347162541239103   -0.065680248773465
    9   -0.938933313657578    0.137910867848677    0.315253588454159
   10   -0.897671188077389    0.409102559861936    0.163772810961219
   11   -0.922518828097177   -0.190481669014334   -0.335672080423328
   12   -0.807012408014592   -0.589084414242438   -0.041358508279852
   13   -0.992654208899845   -0.079579948329020   -0.091129870939075
   14   -0.326417695614227    0.029795865070353    0.944755891442126
   15   -0.780494297396681    0.625161926074177   -0.001103593442461
   16   -0.759501018004123    0.581862194334847   -0.290851492096116
   17   -0.908377764142008    0.394986193229173   -0.137243377875553
   18   -0.609889811647570   -0.791200923888136    0.045116689673008
   19   -0.857758854688618    0.022503978310169   -0.513559459228905
   20   -0.582779746615578   -0.423333746600607    0.693654312985781
   21   -0.984101745546540    0.174017209503887    0.035521334557333
   22   -0.755348241615724   -0.613521390863423    0.230305312229319
   23   -0.826817660316182   -0.468930094499476   -0.310607667423048
   24   -0.714457138598643   -0.167403587688281    0.679357811417909
   25   -0.847033901964320    0.319005334461701   -0.425169572650815
   26   -0.332368751716709   -0.481195641861277    0.811160752955905
   27   -0.707953268173090    0.215478096061161   -0.672585578347394
   28   -0.739052535671974    0.609909078727582    0.286028434255230
   29   -0.638845285822249    0.302869347909081    0.707210618472190
   30   -0.640714054835589   -0.599384407999532    0.479816455932045
   31   -0.578510589028800    0.800252835558080    0.157863540954850
   32   -0.824542280885138    0.350602047366162    0.444081334234384
   33   -0.582704347777062   -0.376137641102491   -0.720399970868657
   34   -0.334346367409255    0.891302352723306    0.306255812402204
   35   -0.472517408057162   -0.214012894365168    0.854941974714299
   36   -0.114012014326394    0.982827056597441   -0.145093891702058
   37   -0.655231506164338   -0.714932590172510   -0.244014476699311
   38   -0.594662168707673    0.792332961173426   -0.136328220651626
   39   -0.440248955659447    0.528317447404107    0.725990035612869
   40   -0.692077166439024   -0.075638153645386   -0.717849611970953
   41   -0.675729786068693    0.484331403564890   -0.555708869589484
   42   -0.429866650865595   -0.892381200838670   -0.137369774198439
   43   -0.581894936880965    0.051228339502019    0.811648901720543
   44   -0.647791972494933    0.533396299212235    0.543924579659548
   45   -0.452450318851230   -0.785798934533134   -0.421673740536462
   46   -0.342289215387692    0.894274610357569   -0.288289809565125
   47   -0.413582146065523   -0.679692533000404    0.605778729437846
   48   -0.471273367544047   -0.158342178966101   -0.867657286838508
   49   -0.503403943367892    0.739667594355042    0.446627719317421
   50   -0.782602793909260   -0.292668817161129   -0.549434100167550
   51   -0.545610582114895    0.732477646039409   -0.407167767310740
   52   -0.650394041248853   -0.568887052560676   -0.503343930664524
   53   -0.263639087859096    0.794708986014207   -0.546746795967837
   54   -0.057193368323951   -0.488241080904417    0.870832685156596
   55   -0.497450924711331    0.118762038167800   -0.859324243690397
   56    0.133869367624746    0.990418571523575    0.033912322140354
   57   -0.218477032993302   -0.926320539957434   -0.306916997423427
   58   -0.391432211282285    0.291851972910779    0.872698831143222
   59   -0.211876270759347   -0.783204028949364   -0.584551019951720
   60   -0.137379042475701    0.980297310607689    0.141930199407284
   61   -0.519719857889307   -0.793291464306403    0.317143377629301
   62   -0.214516599446762   -0.189283947314629   -0.958203640073857
   63   -0.452587161873003    0.616672746647379   -0.644111468963345
   64   -0.178323370043496    0.526770235116047    0.831091989548759
   65   -0.117157441860534    0.279466925896130    0.952980782149810
   66   -0.282597139638308    0.728853359647063    0.623627803100083
   67   -0.320525982848336   -0.426001311149651   -0.846041356682926
   68    0.167313928882908    0.240633554053273    0.956086576553324
   69    0.117816359087953   -0.660745395074582    0.741306163753542
   70   -0.489112921655173    0.381693077290368   -0.784269688703158
   71   -0.237985876369115    0.081130582839380   -0.967874243472243
   72   -0.377467050239848    0.926020751504653   -0.002047868644561
   73   -0.115203159173335   -0.608573562600148   -0.785090091021818
   74   -0.238182532919067    0.344983111164598   -0.907885308848784
   75    0.748018343654376   -0.610742159346925   -0.259735581607177
   76    0.006766291626131    0.711898877456296    0.702249389870932
   77    0.036726362780334   -0.071548280391772   -0.996760762595472
   78   -0.420462642518307   -0.616975347237699   -0.665246260528718
   79   -0.215298844174815    0.591518806451460   -0.777014742016667
   80    0.106683111436558   -0.741308488650230   -0.662631449894529
   81   -0.107920749955966    0.871853868556063    0.477727897042626
   82   -0.272100933390449   -0.862033727465955    0.427620082268358
   83   -0.157537389321936   -0.706343308536355    0.690116730308391
   84    0.085955049773680    0.947453083252127    0.308130466611860
   85    0.026889357662240    0.216063556272499   -0.976008966196209
   86    0.009972094318999   -0.889374887037226   -0.457069871729055
   87   -0.015235272783699   -0.376417408873903   -0.926324900215828
   88    0.393864130689782    0.378147904037435    0.837779928876359
   89   -0.050463875050165    0.906223141511388   -0.419777339912665
   90   -0.344401186506242   -0.928496773665486    0.138858071518641
   91    0.027145869754056    0.488080348547455   -0.872376452637903
   92   -0.205908980968072   -0.243445526470719    0.947805764488740
   93    0.085521703898726   -0.267387176964190    0.959786505300726
   94    0.105318323195426    0.493049047161240    0.863603316281670
   95    0.094684356293806   -0.972757996901446   -0.211605179845661
   96   -0.135608692865581   -0.989892225934702   -0.041517026065563
   97    0.204255728403312    0.820472530417550    0.533951705910427
   98    0.249181409474875   -0.257178344489746   -0.933685131239450
   99   -0.006289961377035   -0.862327427001811    0.506312003636407
  100    0.220813082911114   -0.029240151956569    0.974877733835811
  101    0.164310883656396   -0.985052356035655    0.051708697340587
  102    0.190882844291231   -0.533327142001839   -0.824090953329449
  103    0.444741039501778   -0.433096598209312   -0.783985168483690
  104    0.260944245013809   -0.791670185215676    0.552418698846039
  105   -0.067943363489831   -0.968765582539773    0.238488879078384
  106    0.408717015607523   -0.214893869231521    0.887001142118535
  107    0.287926332703761   -0.858527381003411   -0.424298436248812
  108    0.283141296538624    0.053713055493740   -0.957572928744309
  109    0.219069411307783   -0.924444984854462    0.312105852246790
  110    0.002001692712549    0.738910402011835   -0.673800720558381
  111    0.395111299687476    0.918599120631415   -0.007919370837703
  112    0.951792811381934   -0.125629659212774   -0.279835010189497
  113    0.427196922426977   -0.602401938016145    0.674251210264626
  114    0.163757862526063    0.956521529585627   -0.241350214211771
  115    0.309643844230356    0.626189501509398    0.715546922241763
  116    0.444730992386862   -0.885234618248895    0.136286518277964
  117    0.272584969017283   -0.450173358102733    0.850318400553790
  118    0.476167614996962    0.727672810994213    0.493717209106474
  119    0.572992020117393    0.498607740756174    0.650438671774529
  120    0.487879299031695   -0.774430354124041    0.402779612428005
  121    0.351856818831765    0.894631967040289    0.275373242329777
  122    0.623195323552263    0.779474420331556   -0.063617739282178
  123    0.583209081585323   -0.371013947482311    0.722645015156126
  124    0.216617158450930    0.829670605219829   -0.514513064458822
  125    0.661332805506237   -0.304739747161302   -0.685399596484646
  126    0.590605227824096    0.775881522420280    0.221795689844589
  127    0.383999950871027   -0.677718062359947   -0.627090317005556
  128    0.412552450272933    0.861674350228597   -0.295495837418946
  129    0.537123076643679   -0.764729248921631   -0.355932544705575
  130    0.619981229863632   -0.561383774328336   -0.548152836841743
  131    0.691718103765911   -0.002537296357829   -0.722163158191890
  132    0.376685013668919   -0.914407422363661   -0.148214258435184
  133    0.634791902582914   -0.090944778287865    0.767312379489172
  134    0.447811819338310    0.100162438483414    0.888499893290916
  135    0.276521003623445    0.347244287630948   -0.896078980482612
  136    0.625189353167545    0.701370041054162   -0.342371637548483
  137    0.487365687402727   -0.135291183581979   -0.862653454399538
  138    0.619260217349541   -0.782690907565313   -0.062543796037537
  139    0.709629900447424    0.578439835313388    0.402284428375745
  140    0.249024409348016    0.613880866816092   -0.749090865587076
  141    0.790309583398360   -0.271912067398153    0.549067017760102
  142    0.452539539320680    0.687886202812347   -0.567468534221800
  143    0.507594570907916    0.178928996480383   -0.842812058411204
  144    0.652778395731600   -0.559345131733181    0.510894695287071
  145    0.678745605076939   -0.698793832435455    0.225813160242952
  146    0.813260384355905   -0.394735955447383   -0.427540726380924
  147    0.800805735623916    0.572092033375439   -0.177259355578750
  148    0.690618416205890    0.504290448453310   -0.518398829855960
  149    0.497520568761946    0.453644946600369   -0.739377810109783
  150    0.875745198115666    0.120375296853226   -0.467525545702959
  151    0.824357552626730   -0.458469263313627    0.332024938858407
  152    0.714572581732261    0.266955268022875   -0.646622695481164
  153    0.814476358445418   -0.579741276845813    0.022985070256068
  154    0.807798313600039    0.011527837450927    0.589346242465868
  155    0.835195867685725   -0.142428761029418   -0.531189147698175
  156    0.927763053117347    0.371848914325364   -0.031370403016636
  157    0.864246381101405    0.365051224131045   -0.346144184572774
  158    0.933617429201883   -0.148932658889790    0.325848981901870
  159    0.789440069239304    0.603526725668116    0.111981554212134
  160    0.912648539634914   -0.375282799663811   -0.161973650260624
  161    0.641813031772036    0.218935506152243    0.734944403607136
  162    0.932874819329002   -0.339261173690903    0.121022425557222
  163    0.784061957363330    0.326919479682264    0.527608283501938
  164    0.972527406442919    0.139039805300340   -0.186703980298901
  165    0.885781256163228    0.384866930314865    0.259362703910771
  166    0.919441256744292    0.121135571006444    0.374104195156136
  167    0.984613951597471    0.131889670517448    0.114631937654446
  168    0.994249772443802   -0.107019019492164    0.003784106550320
   
 U =    12910.4370984826     


 http://math-lab.ru/  - см. Задача Томсона
