    125
    1   -0.150023456007307   -0.010910491871820    0.988622235140773
    2   -0.996497161971653    0.021340600535052   -0.080857806990082
    3   -0.873344255291974   -0.072793122951939    0.481633650194224
    4   -0.839197540771487   -0.531099615456042    0.116964464798214
    5   -0.746735251391241    0.455192953775778   -0.484959626322175
    6   -0.804258047041981   -0.421100847673723    0.419336463781401
    7   -0.957071214931704   -0.223227407411375    0.184889735057271
    8   -0.945937722816411   -0.290798482945321   -0.143659551960886
    9   -0.967333199257303    0.109987681233421    0.228405760854509
   10   -0.871355432220565    0.416292345636907    0.259692883429320
   11   -0.907410811629373   -0.087134857660553   -0.411112071725702
   12   -0.798380054991299   -0.568903021265124   -0.197328761683398
   13   -0.914812967014082    0.228508803234851   -0.333017960817534
   14   -0.179624821757111   -0.352536347923200    0.918396998471629
   15   -0.531475207120590    0.837767591473799   -0.125218077338357
   16   -0.281521024066532    0.892521820565779   -0.352350270075785
   17   -0.770892574706955    0.601582304955548   -0.209340317727025
   18   -0.610961662011464   -0.788679688005429   -0.068630877015000
   19   -0.759395218931834    0.159343927690045   -0.630815673689060
   20   -0.571645986522989   -0.611621007648642    0.546937481888944
   21   -0.931173408196309    0.361660252868115   -0.046021140397010
   22   -0.628997561876235   -0.733344218676343    0.258008379878904
   23   -0.792297959697168   -0.391384440450948   -0.468062135653593
   24   -0.692886551174381   -0.251702337807091    0.675687916381607
   25   -0.540365705483124    0.713276986322882   -0.446364027582726
   26   -0.342165369509967   -0.837843355445830    0.425372039094461
   27   -0.535048855323781    0.449697007238513   -0.715189012847259
   28   -0.740253216172144    0.665195352223185    0.097674558240464
   29   -0.665765276895217    0.079471487712496    0.741917029539960
   30   -0.374775503302548   -0.920890278879449    0.107258642493985
   31   -0.500025765604313    0.839414980232862    0.212971182774773
   32   -0.808482057093458    0.260555631117836    0.527700224038911
   33   -0.254943254154109   -0.493485516423984   -0.831550348590551
   34   -0.214398764532482    0.932417900533436    0.290912406974618
   35   -0.454826968634783   -0.428308683992683    0.780822707033390
   36    0.333184691360733    0.864051076929151   -0.377364144958723
   37   -0.594491640772219   -0.683817911962187   -0.423051713542955
   38   -0.239192040368762    0.970447852030409   -0.031908217026241
   39   -0.573809426292369    0.433330118348206    0.694958812326567
   40   -0.711384790009010   -0.152222415280415   -0.686119535379975
   41   -0.298190538535240    0.687327873181532   -0.662316236759915
   42   -0.373429494560357   -0.886564611632938   -0.273045054876543
   43   -0.441486491865947   -0.112481371574512    0.890189653135002
   44   -0.670887263612442    0.602158774047976    0.432799133963607
   45   -0.098760900788534   -0.883616903689609   -0.457676143128987
   46    0.044490056261775    0.965592597675873   -0.256225623635465
   47   -0.066238600028888   -0.966826665273814    0.246695454319144
   48   -0.454839694355423   -0.189041465432068   -0.870278218034877
   49   -0.409257895152483    0.739379571537241    0.534626808576567
   50   -0.554398340867089   -0.465712901442145   -0.689749210274400
   51   -0.025731898126537    0.836771249612767   -0.546947662249593
   52   -0.333734128427597   -0.723209411179944   -0.604640123630108
   53    0.252749696028881    0.719536430901475   -0.646826805074492
   54   -0.252218228424689   -0.665351817357399    0.702632851772188
   55   -0.517021859616196    0.136719369417067   -0.844982964742609
   56    0.386880415540276    0.919459149134971   -0.070131427643949
   57    0.142918981234702   -0.954501827258864   -0.261725861470213
   58   -0.401904856507131    0.226809856408340    0.887146986328653
   59    0.239334610989818   -0.806523488229898   -0.540591164296856
   60    0.096649380734731    0.928526425922241    0.358465582124229
   61   -0.124300064885720   -0.988385866644621   -0.087423523645336
   62   -0.217601985283464    0.095448064461703   -0.971359378907317
   63   -0.005751992541849    0.592104842009111   -0.805840412644566
   64   -0.281367169600296    0.552728669044973    0.784425607872978
   65    0.171241695883012    0.070737926355112    0.982686332135585
   66   -0.101653441853475    0.799972144854996    0.591363801069561
   67   -0.152824596512727   -0.218108469262544   -0.963884504666753
   68   -0.098533476336662    0.319923001435551    0.942305909560946
   69    0.041679088871183   -0.578382881508126    0.814700003638901
   70   -0.265437132561669    0.403420521593679   -0.875668322719581
   71    0.054794447468526    0.296991531890940   -0.953306665513093
   72    0.086932173121981    0.994819564993494    0.052695639121708
   73    0.097160639638290   -0.405619051557819   -0.908863573435757
   74    0.329645949730144    0.464393368485053   -0.821992911851202
   75    0.546509336778738   -0.663495540098507   -0.510980638657722
   76    0.054730834031051    0.612144379753249    0.788849665109123
   77    0.114207407546808   -0.039945586159099   -0.992653523747256
   78   -0.008211588792712   -0.685056124263114   -0.728444010490237
   79    0.546557609910480    0.626242984569242   -0.555962681595403
   80    0.319411236833479   -0.570086499592515   -0.756953000368491
   81    0.269793781607743    0.773745663466008    0.573174461811883
   82    0.260676876402049   -0.899203466081799    0.351398196773616
   83   -0.022634326754336   -0.836695247537482    0.547200831505737
   84    0.397929158838505    0.882269286465884    0.251502068987632
   85    0.361554424365409    0.157726050630290   -0.918912885519824
   86    0.446152877369801   -0.857489547625465   -0.256240679299213
   87    0.375588675733229   -0.215904077869471   -0.901287177219499
   88    0.222048005693453    0.369323830269102    0.902382730089024
   89    0.624989435434831    0.739803023842744   -0.249157964969983
   90    0.212157481905940   -0.976100599964608    0.047083135197887
   91    0.614489362680694    0.340505704946871   -0.711659109441387
   92    0.116879751975567   -0.247373049607711    0.961844944835659
   93    0.343377318667299   -0.429149152145186    0.835417872826482
   94    0.424072078529494    0.546806803974467    0.721917717845257
   95    0.711055490079246   -0.674763990820173   -0.197721133722720
   96    0.517139880123030   -0.853968482296587    0.057481959173313
   97    0.581650501756936    0.686282058524632    0.436691687524618
   98    0.604228694986933    0.010444204920682   -0.796742494622926
   99    0.271166673787378   -0.726623289789727    0.631258449260082
  100    0.438919468693535   -0.098289090144242    0.893134343064022
  101    0.770269980855306   -0.627366979775757    0.114432640798905
  102    0.577655115828520   -0.387879227564946   -0.718236919115663
  103    0.774435158261874   -0.165236921184998   -0.610693823061286
  104    0.543550842620617   -0.565291009555192    0.620482518692098
  105    0.551735461007741   -0.753372241147808    0.357796376916404
  106    0.500135675506952    0.219685713460421    0.837617152037009
  107    0.783343643199540   -0.445007431120785   -0.433982860152509
  108    0.825466250818500    0.159697417529613   -0.541389142478884
  109    0.771903618404441   -0.481039060223285    0.415651568544652
  110    0.784488905958306    0.466144986625071   -0.409006122047889
  111    0.654229839838720    0.751214646122575    0.087520695355658
  112    0.907220997217647   -0.397620722098508   -0.137287375840894
  113    0.641668136144278   -0.271327606658490    0.717386459951750
  114    0.840561046354506    0.534663516051777   -0.087132381779503
  115    0.685155113780788    0.409693261593075    0.602257338241107
  116    0.928885192208126   -0.328029095078829    0.171957007645043
  117    0.724634255670140    0.059747668219200    0.686538718246649
  118    0.810613139468914    0.519247978920815    0.270717333222312
  119    0.872010495863320    0.227760410142252    0.433269997433517
  120    0.852648634264733   -0.170996642071547    0.493710902134783
  121    0.955525469755013    0.281850609462825    0.086783123906066
  122    0.944901062620937    0.225049644714088   -0.237728078425511
  123    0.967562566704895   -0.006318636523540    0.252552478395915
  124    0.930841505229267   -0.118033829794387   -0.345835375817139
  125    0.996930690709039   -0.057623956246839   -0.052996958298190
   
 U =    7041.54422619157     


 http://math-lab.ru/  - см. Задача Томсона
