    254
    1   -0.171059354796896    0.078348138120483    0.982140655094536
    2   -0.993257832105381    0.006595257126833   -0.115738418620392
    3   -0.940787553679960   -0.052222314760314    0.334950158504145
    4   -0.976500470842122   -0.210515176655006   -0.046153990542798
    5   -0.820597730182472    0.145907676414940   -0.552567023249278
    6   -0.860158400375521   -0.440485848711632    0.257098703513295
    7   -0.954005303471168   -0.236843976256866    0.183790129930094
    8   -0.945934946669740   -0.157623912385373   -0.283481531873320
    9   -0.993369955059778   -0.013930703256490    0.114114275580728
   10   -0.975841265427140    0.207522654913164    0.068324024964505
   11   -0.861252983091077   -0.087782774570871   -0.500537195026864
   12   -0.904535811527349   -0.376165572100511   -0.200784531353529
   13   -0.935496439236166    0.070673169116576   -0.346196064887334
   14   -0.564959041367012   -0.117977630978651    0.816641022828472
   15   -0.882724397770049    0.424621895507080   -0.201230920679399
   16   -0.769009620852626    0.527140538101580   -0.361589623919268
   17   -0.873139113909237    0.293826838710025   -0.388965135475488
   18   -0.801804196982297   -0.587927811331391   -0.107008963945339
   19   -0.726467212354584   -0.013924547284391   -0.687060038393068
   20   -0.739000972389722   -0.419567968600791    0.527105570575051
   21   -0.961772915921633    0.221395572638661   -0.161173380604858
   22   -0.905024478483823   -0.424400738782004    0.028543059863545
   23   -0.846388599624503   -0.315317966191444   -0.429186344869642
   24   -0.868770133925232   -0.278908234561412    0.409204901111131
   25   -0.737016514838344    0.389362704074301   -0.552452116958104
   26   -0.550716031054472   -0.350488848015725    0.757541695589240
   27   -0.667322353506907    0.234385943821594   -0.706925813539768
   28   -0.886268863548842    0.393642164580672    0.244076520312969
   29   -0.855965760841188    0.120236625549631    0.502857604242000
   30   -0.727023631595555   -0.579833930405712    0.367735301884215
   31   -0.907337028941834    0.419815489775683    0.022236691647139
   32   -0.940201294344226    0.175214163596536    0.292098481660908
   33   -0.570983147200650   -0.404816321607750   -0.714214247528577
   34   -0.792703257908773    0.593321381482289    0.139968865026349
   35   -0.712268019287546   -0.237945278565143    0.660345601264029
   36   -0.516896500119109    0.843500848782814   -0.146028511830010
   37   -0.784895905872863   -0.524933293688644   -0.329216424440230
   38   -0.790601818311363    0.603996362529982   -0.100683459084981
   39   -0.719080536272745    0.241093654598492    0.651764552630814
   40   -0.580519879932925   -0.177140442730187   -0.794743941500668
   41   -0.560885058427147    0.473558060409766   -0.679080786544662
   42   -0.652640376144134   -0.719605955551497   -0.237124035393421
   43   -0.837240545614785   -0.101994799535708    0.537238615185402
   44   -0.821574632082595    0.341196354856609    0.456727677452234
   45   -0.622068713539737   -0.640521454756789   -0.450291884927170
   46   -0.660307603566477    0.704969923235936   -0.258865362698479
   47   -0.573707382460204   -0.530840444474952    0.623753366179530
   48   -0.391948655031225   -0.093874063003528   -0.915185179138312
   49   -0.748242225621583    0.551187874792377    0.369222830386643
   50   -0.736862078058792   -0.242551348298218   -0.631033375787363
   51   -0.616020256429474    0.608123423389640   -0.500704449344550
   52   -0.697684408767539   -0.460813477662805   -0.548532045159625
   53   -0.418691544947084    0.679338225796507   -0.602658249061173
   54   -0.362637617349325   -0.457964833722868    0.811641650949722
   55   -0.561908283066875    0.062571449382098   -0.824829615825632
   56   -0.339609405238461    0.940067931427864   -0.030622478255598
   57   -0.465482797351302   -0.793262916643192   -0.392504408190205
   58   -0.718719622283333    0.012498514160005    0.695187666525158
   59   -0.468013028869738   -0.644911800521630   -0.604195807959740
   60   -0.493596872865345    0.862018157916330    0.115268480167345
   61   -0.779556804012368   -0.613963353238701    0.123855521467206
   62   -0.159362804595447    0.188444826261149   -0.969067615786885
   63   -0.353397903772233    0.538574440341780   -0.764883974090142
   64   -0.560723173269014    0.124043440647530    0.818659115744429
   65   -0.381197292519073   -0.009961412448141    0.924440043722775
   66   -0.666796822538564    0.469557349453009    0.578703631427296
   67   -0.394899727569046   -0.314752470769728   -0.863125186349144
   68   -0.371405813996210    0.221536095550080    0.901653747121498
   69   -0.366654925522648   -0.779590839317733    0.507742344936734
   70   -0.481922805950763    0.313169785559823   -0.818336785508850
   71   -0.370692549061530    0.137383729426496   -0.918538374244175
   72   -0.660971003577113    0.750367209030915    0.008147640236258
   73   -0.187613205264112   -0.472600662831863   -0.861074850812291
   74   -0.266971029017704    0.372755451809540   -0.888695585007315
   75    0.160113216931900   -0.975706187232152    0.149536597395473
   76   -0.551986653139364    0.350816395399237    0.756464534181933
   77    0.041494222825280    0.094710153830804   -0.994639741933466
   78   -0.387991196269113   -0.519590351610208   -0.761241550449818
   79   -0.116905531200957    0.547831286928840   -0.828380334047418
   80   -0.221604194244188   -0.665515111903345   -0.712728010479217
   81   -0.636653842365059    0.728838825336076    0.251924297527125
   82   -0.561396550968603   -0.688450320255388    0.459205911439314
   83   -0.379003016803028   -0.633034002664148    0.674999751648258
   84   -0.438636404483980    0.832094624921310    0.339435766881499
   85   -0.017659163688830    0.356315553558836   -0.934198790531154
   86   -0.286266029785061   -0.793054451625825   -0.537695449997078
   87   -0.178057936325107   -0.035329382258564   -0.983385583614521
   88   -0.158541803480529    0.300465545919848    0.940523764858831
   89   -0.490771305840119    0.775243075674124   -0.397670339582057
   90   -0.649728841429794   -0.760085870073639   -0.011040956874115
   91    0.120488646094693    0.512054052683605   -0.850460541878671
   92   -0.375697892567336   -0.240224013681799    0.895066208037746
   93   -0.168031138033707   -0.375143512835066    0.911610048995108
   94   -0.359513695876412    0.438995032573443    0.823427752661473
   95   -0.286715679724740   -0.906952713471212   -0.308595033218596
   96   -0.479865165849501   -0.861640101556673   -0.165244539981318
   97   -0.571584620407851    0.671242804305383    0.471936562878379
   98    0.028359284222772   -0.149262783699248   -0.988390799431441
   99   -0.433948833437393   -0.849416156666089    0.300300853733279
  100   -0.173769429266403   -0.148333193492372    0.973550948415533
  101   -0.469744852120476   -0.879971331082322    0.070641562691650
  102   -0.185982385683336   -0.258005199319219   -0.948073767878737
  103    0.018982154676451   -0.384911594870784   -0.922758225071914
  104   -0.205527982702297   -0.893701628716952    0.398817811983106
  105   -0.622401640406886   -0.749059740771918    0.226992737270433
  106    0.030712782782089   -0.494129897190684    0.868845423349922
  107   -0.097420588114097   -0.889099889542212   -0.447225463751260
  108    0.190779226815756    0.263805655378211   -0.945520947840953
  109   -0.263290832763559   -0.948589523035153    0.175658345007044
  110   -0.188859274650314    0.706891064074271   -0.681643013541914
  111   -0.164330598682046    0.971791744417692   -0.169163411583056
  112    0.191864860002600   -0.683846915845475   -0.703946923556609
  113   -0.171137150239136   -0.762262153178573    0.624234319498370
  114   -0.338070343130509    0.896027123117791   -0.287826054645640
  115   -0.479271857582870    0.572837530519612    0.664947855216676
  116   -0.288116588434745   -0.955272419883920   -0.066659097487463
  117   -0.167321597650287   -0.589494956209881    0.790252604907358
  118   -0.361932611543762    0.758021845264005    0.542593463657337
  119   -0.263220380686948    0.647206145851146    0.715429406694695
  120   -0.027282218298443   -0.960255460420919    0.277786125097215
  121   -0.275189183828123    0.941315008360313    0.195440446529461
  122    0.134628216367106    0.990224939948399    0.036466582812237
  123    0.028481627683452   -0.698931336973421    0.714621426407750
  124   -0.264311784057613    0.825274415406728   -0.499060537493564
  125    0.220249271779379   -0.270328866487017   -0.937236662868295
  126   -0.097486034571674    0.994392078519526    0.040998380957136
  127   -0.038053359931834   -0.769701430826540   -0.637268898645991
  128   -0.090891849737023    0.922357060898140   -0.375494505769030
  129    0.090924382170195   -0.938665535130023   -0.332625570102533
  130    0.149567837925806   -0.834470269802166   -0.530366694537374
  131    0.214579588406320   -0.493346363292975   -0.842950156334863
  132   -0.096550526449073   -0.974761437698044   -0.201291170743403
  133    0.035325462727947   -0.265073525795057    0.963580893130221
  134    0.047040083315047    0.196343580380741    0.979406161408527
  135    0.323524215774800    0.424517138781631   -0.845646072945389
  136   -0.015760581204624    0.827322348028241   -0.561506310323518
  137    0.230300664005891   -0.015628817421119   -0.972994010374403
  138    0.101547529123488   -0.991919883073602   -0.076046333850926
  139   -0.210877806017163    0.887956085769622    0.408735294138003
  140    0.054468893659347    0.689588664847494   -0.722149993379061
  141    0.251710275085331   -0.144799362690597    0.956909129427065
  142    0.223819796204497    0.792363668383954   -0.567507282642347
  143    0.378467045475196    0.149371596368371   -0.913482797696618
  144   -0.000424019972499   -0.862225238692978    0.506524883858533
  145   -0.081539257705244   -0.995414884277907    0.050005575797903
  146    0.276898302571774   -0.939695956457208   -0.200745708424473
  147    0.059929214672048    0.981913209429022   -0.179596599014541
  148    0.447068819462367    0.708127346869452   -0.546520933981633
  149    0.288043573643993    0.631723091157994   -0.719692181269316
  150    0.417636174346114   -0.361584307122028   -0.833568722254275
  151    0.230364534554061   -0.371575637674310    0.899368515518873
  152    0.502669766435190    0.310615456785648   -0.806747261487658
  153    0.189161623935196   -0.907384256484943    0.375328777358554
  154    0.043356155886597   -0.034643618295825    0.998458844148376
  155   -0.000090643139453   -0.598116868991995   -0.801408886156770
  156    0.358442309151303    0.932654742297630    0.040917510677249
  157    0.404507377830038   -0.135436447061834   -0.904450523847675
  158    0.258308886207855    0.084145172283626    0.962390829802226
  159   -0.035512333313916    0.967571931868690    0.250086846600320
  160    0.345241035812158   -0.938410506190661    0.013940913253310
  161    0.058015126704481    0.429197748474221    0.901345404258613
  162    0.199538536469023   -0.784637112307867    0.586965905698937
  163   -0.147446740366619    0.504879221408164    0.850503633469925
  164    0.381503059048460   -0.727505458318826   -0.570255402475927
  165   -0.119850444088165    0.789848013168370    0.601478168469852
  166    0.246704965482411    0.314265690779339    0.916719005805654
  167   -0.007297765220767    0.650610773621676    0.759376299254979
  168    0.408434399200274   -0.459345427017324    0.788785851944736
  169    0.027555121880500    0.892622262270152    0.449962456387049
  170    0.394335248398151   -0.805274851658231    0.442755152604215
  171    0.444079167383214   -0.240731630416368    0.863042278925725
  172    0.219014917274769   -0.592941804881337    0.774888690093738
  173    0.205865397578148    0.569902805447789    0.795506273025380
  174    0.640311145336181   -0.110902454787983    0.760067288258262
  175    0.127869718447845    0.768147702174068    0.627374244569196
  176    0.335997868068279   -0.855278563650048   -0.394466742849485
  177    0.387203319909354   -0.667860004522671    0.635638736555720
  178    0.196183709848382    0.948508248327303    0.248684649395972
  179    0.253626946443619    0.855787305580356    0.450889631334765
  180    0.374133761556849    0.847734382592699   -0.375992480022537
  181    0.491851702609018    0.527303618929492   -0.692843991172956
  182    0.583074407452637   -0.604227771114019   -0.543077375691845
  183    0.146987727474541    0.910491519388448   -0.386522704499472
  184    0.593868166892411   -0.206422169477873   -0.777631331866133
  185    0.281197778964833    0.942950694729099   -0.178246448534479
  186    0.599477804938408   -0.420376172113462   -0.681109561895486
  187    0.668276983194680    0.390884751937868   -0.632941533188247
  188    0.544681086994712   -0.751642670637010   -0.371962107139857
  189    0.547282919615685    0.021469135642380   -0.836672266847480
  190    0.582907643268670    0.737455869972073   -0.341141494489747
  191    0.613146761793371   -0.326391966509121    0.719388165527215
  192    0.492220361346713    0.855570356634576   -0.160369824854604
  193    0.416488308568828    0.872743717215604    0.254668201560708
  194    0.641661813011398    0.580677104980829   -0.501083044488644
  195    0.719466977458662   -0.614166910994899   -0.324293499449930
  196    0.451389973304818    0.762478572480834    0.463544516209032
  197    0.761401921522059    0.577709106051078   -0.294141637120929
  198    0.408562830173982   -0.561105124804999   -0.719887111092978
  199    0.753609428690400   -0.248443813169313   -0.608562651406428
  200    0.392684095323294    0.445400915873152    0.804622411705940
  201    0.611594021060341    0.743996349667586    0.269113702892569
  202    0.733696021224488   -0.033425100363974   -0.678655222557828
  203    0.659387470925736    0.178969090115696   -0.730190542234916
  204    0.564301615729250   -0.526001640420546    0.636306499071204
  205    0.801708467036914    0.400130410797982   -0.444026112110492
  206    0.566384070861214    0.822145448257174    0.057323173191027
  207    0.684950694947696    0.718239579325875   -0.122370144154766
  208    0.746483357849024    0.657702869073508    0.100943214070693
  209    0.336264559229502    0.684155397285916    0.647192041492120
  210    0.769007213985065    0.553288036970344    0.320156606966702
  211    0.874200697503706   -0.248247995776236   -0.417308127259841
  212    0.516647805270941    0.552605000458351    0.653989876662587
  213    0.460798629194928   -0.015110961903779    0.887376065804356
  214    0.732776553841841   -0.454020820310413    0.506856603848007
  215    0.621999705153416    0.625982745602382    0.470384915784050
  216    0.382144323385071   -0.894420612891782    0.232330547580071
  217    0.450360384004909    0.213305058002725    0.866992777795412
  218    0.581180998384024   -0.667657022230614    0.465255572544273
  219    0.596686480970602    0.337665512991206    0.727974755581061
  220    0.712863851486553    0.434023780840493    0.550861585980255
  221    0.839894133631680    0.537952895570584   -0.072003655728817
  222    0.774137013724553    0.216340209561914    0.594902343001217
  223    0.749848580977031   -0.447962826399832   -0.486884392613489
  224    0.639677541769920    0.112497666756441    0.760366304835735
  225    0.877104486528389    0.453774669627014    0.157404793181991
  226    0.580160009136099   -0.770046536695588    0.265410427681980
  227    0.488449622092208   -0.854359913195226   -0.177443245582988
  228    0.743837924260110   -0.587644065529622    0.318401624807770
  229    0.673465158918410   -0.727186649359250   -0.132831685665239
  230    0.824236998697937   -0.560751826493271   -0.078681376842794
  231    0.852005695442887    0.343649467851861    0.394957387800274
  232    0.777311640242891   -0.242473722634226    0.580511074635797
  233    0.895764378201117    0.377947266302351   -0.234012911268899
  234    0.804335943368507    0.188724919200223   -0.563406243378935
  235    0.795013337300146   -0.013762167095128    0.606435813810274
  236    0.551938365700126   -0.832480191964581    0.048381509431690
  237    0.865091796912626   -0.355758354240593    0.353627171329507
  238    0.728429779448839   -0.677844061275170    0.099586570410365
  239    0.869334762431501   -0.031200039926134   -0.493237902372449
  240    0.862216471783922   -0.481725351268951    0.156599622379145
  241    0.909964063788543    0.184712671552418   -0.371277028082010
  242    0.856427256929286   -0.441020178339990   -0.268390677717282
  243    0.945349504105496    0.325865091352314   -0.011236428500267
  244    0.954849901772610   -0.238528526740874    0.177103944099687
  245    0.948907783882819   -0.243156239873775   -0.201119518438775
  246    0.959751606461188   -0.038705972331199   -0.278170274474225
  247    0.945906382911446    0.233011057725126    0.225758636036812
  248    0.898602158024073    0.106246698165033    0.425706237590556
  249    0.898188214793414   -0.136520277777457    0.417875752541094
  250    0.976318698510412    0.146330366001781   -0.159339960225679
  251    0.932353191941813   -0.361122809796408   -0.017545418794105
  252    0.993740064162288   -0.109346321291465   -0.022892507480715
  253    0.970997386224855   -0.021168026719628    0.238151192710213
  254    0.993928654820761    0.096880474916589    0.052153645185440
   
 U =    30023.5068650390     


 http://math-lab.ru/  - см. Задача Томсона
