    219
    1   -0.087776197833019    0.053418322700971    0.994706902506358
    2   -0.995647094597163    0.035374964874498   -0.086229199696829
    3   -0.926846913006688   -0.039692896055181    0.373335336999761
    4   -0.975882620394586   -0.217216030454214   -0.021686570164741
    5   -0.817527340408139    0.184684078326833   -0.545473041403297
    6   -0.832242539195022   -0.472109620206550    0.290662798552979
    7   -0.943483797225019   -0.250263659460627    0.217270396343437
    8   -0.951663721159529   -0.161124192496905   -0.261486436399707
    9   -0.989030319735410   -0.001178142332362    0.147707950445185
   10   -0.962405395661312    0.246497655073246    0.114082252981718
   11   -0.860574087531445   -0.067399227522137   -0.504846099320218
   12   -0.893943305668712   -0.405314715235355   -0.191272966892287
   13   -0.942735810746517    0.079128721569380   -0.324018265779727
   14   -0.506348934911898   -0.143138992386753    0.850365794803679
   15   -0.826271076339479    0.513305299135307   -0.231934857846792
   16   -0.662926260842438    0.651899173542487   -0.368179630370945
   17   -0.882397838757150    0.313291091824845   -0.351030975755571
   18   -0.770759165317787   -0.628257143479214   -0.105939939333408
   19   -0.707866820506969    0.045868601102446   -0.704855045990492
   20   -0.697795830214068   -0.456337318622387    0.552120667036101
   21   -0.952052323880420    0.279975357207936   -0.123329525865385
   22   -0.889610726943415   -0.453996093587800    0.049802625575627
   23   -0.849229055263864   -0.311466943380242   -0.426378182928037
   24   -0.845505005196254   -0.287628126909747    0.449879258022053
   25   -0.743357438358138    0.450530333007180   -0.494410899837440
   26   -0.502371965160645   -0.391113119303937    0.771137430377346
   27   -0.653777934855544    0.316125187926596   -0.687487656219655
   28   -0.858509360465898    0.440221921023384    0.262994939576633
   29   -0.810037345554332    0.155025963789244    0.565514322858854
   30   -0.673252879893656   -0.632231276273425    0.383424272857856
   31   -0.877435431431040    0.479525288856899    0.012749941808928
   32   -0.914634533277357    0.206665250359724    0.347466753561063
   33   -0.547575130327596   -0.335888419312077   -0.766381397490016
   34   -0.749120020273302    0.645663286300156    0.148115211743462
   35   -0.679922205000052   -0.251760286116615    0.688710790885657
   36   -0.354603432083367    0.932124164661212   -0.073491139665507
   37   -0.757817995333067   -0.555978216465597   -0.341467580840560
   38   -0.723366139202969    0.683349208989636   -0.098870052229328
   39   -0.641552360991349    0.267101593487184    0.719073923086516
   40   -0.552740058804228   -0.095422180201463   -0.827872595825407
   41   -0.560619513469469    0.562407343071496   -0.607785934006798
   42   -0.598093212065231   -0.763969700835789   -0.242146248962004
   43   -0.810905966364138   -0.084510015281833    0.579041942377327
   44   -0.774733824927030    0.384554577612998    0.501901661036127
   45   -0.572590900056051   -0.677313018036241   -0.461938022652001
   46   -0.540172206205328    0.811649473012110   -0.222349096248293
   47   -0.506522984257071   -0.588753030783028    0.629924070950706
   48   -0.351085840896369   -0.000973054281751   -0.936342771364982
   49   -0.698457371498102    0.592321666633790    0.401637079259537
   50   -0.728423862449150   -0.207324861482593   -0.653004654214566
   51   -0.457360540210361    0.752082656066081   -0.474545060771973
   52   -0.699815416286001   -0.443662791982027   -0.559840789992265
   53   -0.214709258414893    0.812052952242221   -0.542650842720823
   54   -0.301567012938828   -0.545816628960005    0.781755424834320
   55   -0.521328616284986    0.167371298145731   -0.836781526086346
   56   -0.134575298110517    0.981590012829508    0.135537949858450
   57   -0.385025635187138   -0.839568580047197   -0.383249083033833
   58   -0.662640171273829    0.018303690830165    0.748714216718358
   59   -0.343425816015186   -0.719597024086652   -0.603522022647010
   60   -0.366142418869479    0.915424919238367    0.167143490276574
   61   -0.740806868117547   -0.657785065994125    0.136102869569218
   62   -0.129354947342508    0.085466517288639   -0.987908281178252
   63   -0.338208376499661    0.646302078495227   -0.684038535024316
   64   -0.474976658990954    0.128200499674271    0.870610019065401
   65   -0.304957657631194   -0.043289969808628    0.951381524713437
   66   -0.589450855537927    0.491289533050150    0.641234967559452
   67   -0.351804469341558   -0.253629297188175   -0.901058152928620
   68   -0.259068649921297    0.230212872818837    0.938022104119330
   69   -0.104103086252375   -0.863503712288616    0.493481394073283
   70   -0.449269168325278    0.422793963425480   -0.787021269651137
   71   -0.302506747414015    0.260213742681240   -0.916939734054978
   72   -0.566443094753208    0.823449258423541    0.032764908181306
   73   -0.328248387898040   -0.496537081165846   -0.803557043942519
   74   -0.212480205643948    0.495993920738195   -0.841927664826533
   75    0.519857901029439   -0.849162010631009    0.093121653971391
   76   -0.431590577179442    0.378213666343697    0.818952987833108
   77    0.107768806162921   -0.080469824308450   -0.990913967907399
   78   -0.509161701665415   -0.553185971495589   -0.659347891858054
   79   -0.081873576537070    0.674264904205256   -0.733937024833947
   80   -0.149823090508013   -0.654737127464059   -0.740859187343142
   81   -0.576361461033985    0.769794054807801    0.274270996310829
   82   -0.475201669673471   -0.751780146659392    0.457176097612647
   83   -0.283853664006679   -0.742125324803904    0.607187861962575
   84   -0.375633970021497    0.838079554522007    0.395628336773395
   85   -0.056323577426060    0.339025280814654   -0.939089726061613
   86   -0.154116633091990   -0.841680207324230   -0.517515692518624
   87   -0.129734343116538   -0.162167961951850   -0.978197603929034
   88   -0.022784911256846    0.321260549030369    0.946716698625161
   89   -0.323867428029586    0.892392640057376   -0.314237593284012
   90   -0.587709187808879   -0.809022928684615   -0.008933724172790
   91    0.078519016146701    0.522343545732560   -0.849112468601711
   92   -0.308349343237313   -0.301428484236047    0.902253595956413
   93   -0.100930607412365   -0.445499920506888    0.889574523756007
   94   -0.190619797695005    0.474151539773116    0.859560591265967
   95   -0.174737234907740   -0.944506185249808   -0.278163557572974
   96   -0.391691183383383   -0.908750106417212   -0.144052979651344
   97   -0.500443153644091    0.684296586754657    0.530372351585829
   98    0.098813539352423   -0.317083007425328   -0.943236052556706
   99   -0.306869100091226   -0.884619139094516    0.351112993432140
  100   -0.089850852557765   -0.201495960377266    0.975359524609406
  101   -0.364111797677431   -0.925808706227498    0.101493045404480
  102   -0.134915538210243   -0.402411438007882   -0.905462772348962
  103    0.049712418407928   -0.546263917673865   -0.836136596318829
  104    0.076384811883913   -0.934441598844581    0.347827915587926
  105   -0.544809620416887   -0.806837003573538    0.228465592958070
  106    0.107701555313401   -0.561828143311006    0.820213089609513
  107    0.046511580686328   -0.917045549350846   -0.396060769677918
  108    0.102061744218813    0.159394750219276   -0.981925004249076
  109   -0.128836551331532   -0.968019520434459    0.215265768525414
  110    0.035072279648349    0.814789585057859   -0.578694969117160
  111    0.103545466113096    0.990323393730220    0.092400824011913
  112    0.418149758520441   -0.687873639486210   -0.593279559355699
  113    0.092806136114778   -0.783464734423654    0.614467274160242
  114   -0.121374234877043    0.986668591871154   -0.108413029304633
  115   -0.354286358669909    0.596823249145291    0.719918874137964
  116   -0.156555219988031   -0.987060889598303   -0.034659245806950
  117   -0.088588500013305   -0.675239517115942    0.732259293003798
  118   -0.238368211700405    0.771067275615130    0.590453937344999
  119   -0.077399315061995    0.662264232498909    0.745261989088780
  120    0.300404114173481   -0.928583218697223    0.217923321701812
  121   -0.151614798139951    0.914472457609122    0.375170730813738
  122    0.307520263369519    0.918871499637006    0.247197198147512
  123    0.287619273208724   -0.652864958251430    0.700744247187406
  124   -0.093231880015590    0.932276205299529   -0.349526670772159
  125    0.303906209094674   -0.417394312337301   -0.856401193426408
  126    0.080158608590854    0.938602567964123    0.335558961853103
  127    0.046037250732121   -0.764131671297327   -0.643415387184191
  128    0.119347825391078    0.981440917743556   -0.150099372260872
  129    0.284801204777695   -0.918608268582352   -0.273947299036342
  130    0.240449960459090   -0.827043680998389   -0.508116685649917
  131    0.492688272780462   -0.488826125356297   -0.719935611727712
  132    0.066725822459509   -0.985382850687381   -0.156742789908543
  133    0.132920917889710   -0.338131160695399    0.931664825865042
  134    0.137076640126176    0.142721008368165    0.980224825487548
  135    0.237945327924469    0.340089858541945   -0.909791684417832
  136    0.138886571512325    0.912545833800633   -0.384669496407837
  137    0.334074279436472   -0.175778014374924   -0.926011050409989
  138    0.307344957133616   -0.951066856321847   -0.031794844403067
  139    0.007237005027342    0.825595226611334    0.564216401352188
  140    0.203397735411864    0.675346643338542   -0.708897928167863
  141    0.344599613054454   -0.433788251276357    0.832513579311065
  142    0.307451679849623    0.796172346767694   -0.521136314988763
  143    0.329356804045373    0.077012659188989   -0.941059586824160
  144    0.269545350009809   -0.844589175027042    0.462616936260693
  145    0.085836229197708   -0.992250335962013    0.089841040401322
  146    0.515343988294195   -0.844193613461201   -0.147504971849607
  147    0.334526439913306    0.942316289694643   -0.011492222372153
  148    0.469476301780369    0.632937933709354   -0.615614793631831
  149    0.364156728932412    0.498595631659033   -0.786633506064784
  150    0.532898683724898   -0.259157587283033   -0.805516193405140
  151    0.526093148998225   -0.507750128676043    0.682213900039126
  152    0.472319128023369    0.258344031937196   -0.842717629141385
  153    0.495905137330613   -0.803523572057583    0.329284017099112
  154    0.142976906689491   -0.100292247414997    0.984631438286405
  155    0.241483922719778   -0.633082167324594   -0.735453930904896
  156    0.516543816381425    0.845135005544869    0.137583822307666
  157    0.536078293544265   -0.007709911178382   -0.844133058504576
  158    0.364638385005378   -0.194955441972175    0.910511517678993
  159    0.249523080432425    0.831142100285317    0.496931626549192
  160    0.704515893694443   -0.709414307564593   -0.019715368486774
  161    0.260622693117264    0.332733384890508    0.906291512931468
  162    0.453504717113895   -0.705011058476981    0.545245705146416
  163    0.093994291524563    0.516453966267927    0.851140631086851
  164    0.622694409022067   -0.593698514615446   -0.509680043474405
  165    0.183812139090422    0.691484209173351    0.698614833786765
  166    0.359737097361497    0.061723272124993    0.931009913191105
  167    0.357188646941422    0.511352788804371    0.781623052294486
  168    0.562043929737749   -0.278890477290320    0.778669841923858
  169    0.427532003451403    0.666315384621036    0.610933870596606
  170    0.690190534968565   -0.684777694406785    0.233915657198770
  171    0.558039497660436   -0.028039457768934    0.829340525875175
  172    0.717023040137370   -0.369642820638988    0.590967126887965
  173    0.485522103084844    0.254180614689426    0.836457113384886
  174    0.731020497895834   -0.116399289781648    0.672354249629208
  175    0.576731778268593    0.429556029810351    0.694882776580852
  176    0.479027461354638   -0.791298451759344   -0.379972961553051
  177    0.653002065030890   -0.596987641212949    0.466040834374405
  178    0.470191727771703    0.787830745488606    0.397797003002697
  179    0.635157792899348    0.578938161720568    0.511277989965183
  180    0.522621164589520    0.755456320645825   -0.395161822446659
  181    0.593657868738413    0.414488022178044   -0.689760838520062
  182    0.681149877601030   -0.679230411002744   -0.273278050734312
  183    0.348527217561272    0.898171159643997   -0.267987586657956
  184    0.690042094716510   -0.363534860967341   -0.625846876145201
  185    0.536272741057609    0.832931427370718   -0.136516608867703
  186    0.835329633191513   -0.529720003705837   -0.147041224104058
  187    0.672983938395644    0.162741787567272   -0.721531516457111
  188    0.839052294523152   -0.530376232567627    0.121211793909689
  189    0.710972032395929   -0.107944617985213   -0.694886126353685
  190    0.672784450151459    0.554721535918496   -0.489535597503005
  191    0.857127639980418   -0.203592146339224    0.473162178043201
  192    0.701317979997096    0.665297059703458   -0.255993971184335
  193    0.659896355782978    0.693280161203883    0.289653962005464
  194    0.776489280242194    0.316929863835551   -0.544628184248794
  195    0.937024751409407   -0.349225512773877   -0.005114340031962
  196    0.804873912435228    0.462525188827816    0.371817744037320
  197    0.832125151936397    0.445969749050536   -0.329664548361861
  198    0.787729534074985   -0.466007381027164   -0.402888696756573
  199    0.908825503211690   -0.312664265708721   -0.276183384114333
  200    0.677338720386621    0.154971703140104    0.719163423076334
  201    0.809548031225502    0.567077104634315    0.151840516788093
  202    0.838409287386964   -0.211667927374351   -0.502261441227903
  203    0.829608616514205    0.062177860433570   -0.554872469201068
  204    0.812193197085114   -0.456063084872849    0.363797571768865
  205    0.911923696524408    0.210256030981508   -0.352402572568877
  206    0.689570170729890    0.724163893586764    0.008923836888309
  207    0.837612887278377    0.538354101338839   -0.092625658631026
  208    0.987289263069269    0.096939821332037   -0.125946742983901
  209    0.759961916425757    0.322812894685397    0.564136260674072
  210    0.939016907045155    0.324583921682149   -0.113545260001414
  211    0.934049896260560   -0.040155797340739   -0.354877870873300
  212    0.903877929526368    0.230514762693791    0.360371520372174
  213    0.836341681360324    0.067228840718643    0.544070652576496
  214    0.942399112796176   -0.020161459943589    0.333882356128506
  215    0.922155512408843    0.362031937990184    0.136242749565090
  216    0.926141740679509   -0.287816232031208    0.243768933111844
  217    0.982929248597639    0.137114368478715    0.122677390777451
  218    0.981189650271713   -0.139902100333316   -0.133019820034463
  219    0.989413423314776   -0.102374057139607    0.102862190280547
   
 U =    22191.7783274451     


 http://math-lab.ru/  - см. Задача Томсона
