    152
    1   -0.319511518351260    0.113030451054573    0.940816935846327
    2   -0.979616406314404   -0.140045421386611   -0.144010334449648
    3   -0.910369761294318   -0.077202949432882    0.406529952549366
    4   -0.900735374533758   -0.428741886518549   -0.069686295697550
    5   -0.858328484571865    0.265187184498562   -0.439258431621171
    6   -0.810357066447766   -0.553166884720977    0.193204095469692
    7   -0.953856226872243   -0.254874153376766    0.158737092065859
    8   -0.873955069604505   -0.313002170221993   -0.371795881834249
    9   -0.994466144359277    0.036208960466026    0.098620479136760
   10   -0.932018929380197    0.351498103881540    0.088259833699561
   11   -0.748043695440291   -0.222768842715858   -0.625143721416980
   12   -0.766412272461166   -0.570854155589719   -0.294512752978305
   13   -0.905212168914296   -0.023763936756897   -0.424294949957326
   14   -0.530820801356950   -0.093258100551094    0.842337345443242
   15   -0.710991442143564    0.697174865775771   -0.091860632096404
   16   -0.573798767947997    0.742619194760516   -0.345357359085634
   17   -0.871951584094725    0.459932703568375   -0.167816397241109
   18   -0.479003966190755   -0.871076944218267   -0.108536434550301
   19   -0.742274075018244    0.087039315669798   -0.664419562538268
   20   -0.645006984646305   -0.623606090792925    0.441680238728708
   21   -0.970227350296532    0.168135606586978   -0.174325289428124
   22   -0.711078943927951   -0.701488475830877   -0.047756190999531
   23   -0.659228633663238   -0.505064004402291   -0.557070875217528
   24   -0.833894720444831   -0.361087368392660    0.417415269966852
   25   -0.738683793566641    0.529104672890685   -0.417605673150207
   26   -0.429433219007811   -0.624723582273484    0.652156082670379
   27   -0.648016379688408    0.382875014913833   -0.658393115555032
   28   -0.784293399292196    0.597744402097437    0.166088812350109
   29   -0.782166144105114    0.182035749208922    0.595885147512240
   30   -0.581982867686886   -0.788283321320036    0.199763227465921
   31   -0.558117786814376    0.815344529151502    0.154005957106011
   32   -0.921075564058581    0.199992405150203    0.334100049650405
   33   -0.203551539942214   -0.532125365030234   -0.821832931001547
   34   -0.357773431434777    0.849030978570871    0.388773159035414
   35   -0.661001576082461   -0.389101732448187    0.641620415995565
   36    0.148130947144761    0.962026616781691   -0.229264064130359
   37   -0.550550287143372   -0.748749197952604   -0.369146339399002
   38   -0.447602041304390    0.885288392654124   -0.126162095940188
   39   -0.611308296586628    0.455029561873593    0.647495377856461
   40   -0.562432919955234   -0.107797674971907   -0.819785869493541
   41   -0.481059159950679    0.628907119843454   -0.610784675018749
   42   -0.209449721284456   -0.965494558519535   -0.154761337946635
   43   -0.749660904780887   -0.106601948170570    0.653180336882045
   44   -0.793899570666521    0.445681671715298    0.413631864334182
   45   -0.290037839134107   -0.860331430139776   -0.419175240423460
   46   -0.162367513209908    0.966438445499947   -0.199081696078962
   47   -0.383428027240989   -0.817410771249015    0.429909966123343
   48   -0.283147007718669   -0.263609872666597   -0.922137520683691
   49   -0.601847602162734    0.677761561488411    0.422396412792246
   50   -0.495867493170589   -0.400484459898541   -0.770537232453105
   51   -0.319183571647645    0.842048826284655   -0.434828266954769
   52   -0.401739204947307   -0.663952221655413   -0.630692522999240
   53   -0.039388933878065    0.877781343200256   -0.477439446859499
   54   -0.442817900248757   -0.369825710697670    0.816787151543317
   55   -0.506198880885470    0.209306457794215   -0.836632236837630
   56    0.030593964169904    0.998945610355668    0.034229766395829
   57    0.091444570067838   -0.985047811749694   -0.146009243447966
   58   -0.574728494654278    0.190962518205880    0.795751515281559
   59    0.003257156891568   -0.910646865617610   -0.413172696423428
   60   -0.078112205707938    0.948178711504825    0.307986386660987
   61   -0.325546930008666   -0.933649111612109    0.149393884573139
   62   -0.322430006936115    0.016754011995266   -0.946445029417578
   63   -0.192415034429772    0.700116712763349   -0.687614021842801
   64   -0.368596724612511    0.415463071805795    0.831580958518545
   65   -0.041709239034484   -0.001418258152483    0.999128784453224
   66   -0.385545511602414    0.660385026470771    0.644396054687202
   67    0.003049312715236   -0.317574702502526   -0.948228353310740
   68   -0.105056326303765    0.322989504870610    0.940553532791725
   69   -0.192264469732609   -0.515949876202743    0.834763498797602
   70   -0.348325970455242    0.463082879428078   -0.814998935635510
   71   -0.173282110139000    0.262151886613385   -0.949341718587579
   72   -0.280446534106457    0.954718473725969    0.099309503241290
   73    0.099709619945792   -0.579978513322807   -0.808506595999150
   74   -0.030376538365500    0.501650047272347   -0.864537157089608
   75    0.746455662193646   -0.591249145536945   -0.305333247912633
   76   -0.113776189785979    0.590996726293848    0.798609947438510
   77   -0.034903096937463   -0.026003264732940   -0.999052353006289
   78   -0.100796086685368   -0.754041958007086   -0.649046126614862
   79    0.114178690384357    0.703101776873651   -0.701862606226623
   80    0.208491685743841   -0.780592302362189   -0.589242627844073
   81   -0.126354762529275    0.800318365284913    0.586110047835605
   82   -0.100902796918590   -0.915727527770094    0.388923797752308
   83   -0.150522532060015   -0.753231062922521    0.640301439316554
   84    0.146147987871370    0.873324323526374    0.464699248523549
   85    0.129729206351361    0.241081189301756   -0.961795296923569
   86    0.314522711712740   -0.892952632147029   -0.322042016759549
   87    0.281661710312970   -0.336702862568013   -0.898497558862615
   88    0.162894043989275    0.205273576250160    0.965053516301707
   89    0.248916471711057    0.843286802841729   -0.476348568029645
   90   -0.040230150278532   -0.993294136738466    0.108389542528564
   91    0.279144458871013    0.480315593315871   -0.831489808656265
   92   -0.247774191412195   -0.197027417637926    0.948571635022344
   93    0.020144836291113   -0.334166836199877    0.942298631621085
   94    0.172431974483401    0.477241448052107    0.861688931364958
   95    0.563496937477915   -0.808422053502756   -0.170073469016768
   96    0.332345487702338   -0.943157343659436    0.000837797810321
   97    0.164931546968347    0.703041178267888    0.691759124605038
   98    0.249731503444920   -0.048157989424460   -0.967116841049588
   99    0.137176632214544   -0.822230436640986    0.552376393988238
  100    0.229715334097150   -0.127336820463307    0.964891807113591
  101    0.547601811760090   -0.824752031625314    0.141125270901365
  102    0.388341314412911   -0.583419917599870   -0.713310748038899
  103    0.538735968068704   -0.332007059718800   -0.774296370265258
  104    0.082739559606409   -0.609155355524143    0.788722966644431
  105    0.197557016994032   -0.943990737996198    0.264296635646035
  106    0.416732381554524    0.100622232805674    0.903443018916575
  107    0.507661727973056   -0.723730454538786   -0.467433202847736
  108    0.420789028472946    0.218501336675257   -0.880450884142847
  109    0.410628091331666   -0.818135629537807    0.402540261700726
  110    0.424848381070542    0.656609777007951   -0.623191346088269
  111    0.263046543229509    0.944199586081908    0.198226279130087
  112    0.854702934184594   -0.310356659866103   -0.416126949347193
  113    0.311089655332809   -0.403197976930647    0.860612931429657
  114    0.385068375568089    0.920432370537551   -0.067279992597932
  115    0.448103752992233    0.373819507131648    0.812072658474676
  116    0.589607701242482   -0.622044568584911    0.515192501235769
  117    0.520885350850510   -0.160640104064818    0.838375338518128
  118    0.446660923418060    0.610451674455301    0.654096913802568
  119    0.683921717632493    0.401607712738110    0.609066769098335
  120    0.350033980504466   -0.645802648051999    0.678538983597276
  121    0.420545443584034    0.797118278822017    0.433294333506144
  122    0.552654696133571    0.816558160713943    0.166749983547141
  123    0.580012405032056   -0.405330810739294    0.706606357086007
  124    0.483554502657442    0.811979332482427   -0.326901524286911
  125    0.518753833762768   -0.057324019599148   -0.852999658108623
  126    0.662054390803282    0.627199681259400    0.410249367392811
  127    0.664862268480842   -0.485670766339538   -0.567522749036261
  128    0.659108082760967    0.743709460794537   -0.111681570385899
  129    0.768786738656985   -0.639267564929090   -0.017433613933664
  130    0.745826122804679   -0.160835740590013   -0.646432718147064
  131    0.876221447561678    0.041291060190301   -0.480136463082401
  132    0.724149206782118   -0.634440359742391    0.270357830008261
  133    0.755872834321618   -0.139899931622960    0.639596957049120
  134    0.657733702860282    0.130033681338404    0.741941788713430
  135    0.569481577826182    0.419422940266185   -0.706947755987011
  136    0.778053539982343    0.614915890446384    0.128495667621424
  137    0.690722310434820    0.141100686378365   -0.709220195828587
  138    0.912176480290357   -0.390148434818513   -0.125372515384192
  139    0.844653376303827    0.137244879151182    0.517421024935519
  140    0.662457844788360    0.606565162449863   -0.439577419325120
  141    0.917291033840253   -0.138164793419413    0.373480453431836
  142    0.826802310316905    0.523640013565023   -0.205424136479261
  143    0.786482171140515    0.350805117454552   -0.508312466939185
  144    0.790657165836330   -0.389721841450114    0.472205603956998
  145    0.893545809461143   -0.409868787809917    0.183257914354766
  146    0.964752649496356   -0.105373719648770   -0.241140424850632
  147    0.849905020749611    0.397044163744488    0.346435257647143
  148    0.923660757847954    0.380907326630306    0.041957275067570
  149    0.927150509450445    0.254050022463633   -0.275409729152781
  150    0.960503544784482    0.131060289539709    0.245471263006919
  151    0.984412303363470   -0.158606436742662    0.076002731598431
  152    0.993296517986745    0.107087773513857   -0.043522822969705
   
 U =    10517.9718090909     


 http://math-lab.ru/  - см. Задача Томсона
