     66
    1   -0.176588450530186   -0.020732318681277    0.984066405331188
    2   -0.977029107931937   -0.065255194047656   -0.202869125062259
    3   -0.782264682103210    0.327750529541293    0.529756130232927
    4   -0.834623811295943   -0.172303202331842    0.523177503419276
    5   -0.443862003971985   -0.024152504557727   -0.895769600931826
    6   -0.580777388006804    0.029840233185812    0.813515326262149
    7   -0.976060910553152    0.101714280384687    0.192248027443655
    8   -0.815511594419282   -0.444761480720288   -0.370308067202454
    9   -0.855221354479011    0.511177779189937    0.085403237090461
   10   -0.556589490800262    0.696839743094218    0.452352198154369
   11   -0.512524087637318   -0.425988236065116   -0.745555552809893
   12   -0.916363040074856   -0.383053218220790    0.116400218193366
   13   -0.880426023868247    0.340408168778841   -0.330109519893299
   14    0.295646837696453   -0.009897493025410    0.955246034795172
   15   -0.233250321765950    0.693934329896793   -0.681211738879160
   16   -0.146425566580432    0.313037468988340   -0.938385366712937
   17   -0.617029673105349    0.678789300756188   -0.398145033482060
   18   -0.679999423827360   -0.732941429605495   -0.019941022097964
   19   -0.788768893744832   -0.038005280397364   -0.613513839226527
   20   -0.445552252858963   -0.396938876779758    0.802447953497999
   21   -0.565314674710150    0.824746744384734    0.014564552315115
   22   -0.668928952233291   -0.581556771692274    0.462953321797059
   23   -0.493382232957899   -0.746295691112029   -0.446784862802105
   24   -0.394775729635766    0.428206427431695    0.812890754527774
   25   -0.580518524102063    0.374221207793558   -0.723157473038821
   26   -0.174928662141882   -0.733240672317940    0.657083008165624
   27   -0.039575713503060   -0.153317556646331   -0.987384165218747
   28   -0.207621282543538    0.949208743721097    0.236423695678740
   29    0.039597968668456    0.365967115441608    0.929784959704490
   30   -0.388402198554710   -0.868940024093492    0.306735988573673
   31   -0.239462765745213    0.925191719477778   -0.294411049438376
   32   -0.134687354985056    0.751643037433831    0.645671790218818
   33    0.201969020705202   -0.964258047136135   -0.171507822587162
   34    0.127184471358486    0.989493185618238   -0.068755696930025
   35    0.015173716271511   -0.417314654953818    0.908635370814546
   36    0.192250585689401    0.567161062445399   -0.800854569536747
   37   -0.258477768959767   -0.960442912174116   -0.103627483845186
   38    0.203684938881906    0.853706423342411   -0.479267971407001
   39    0.301390420814842    0.632910160436804    0.713153940644593
   40   -0.092054071766810   -0.550768414471237   -0.829566273116254
   41    0.307085365024909    0.122525599260697   -0.943761652173537
   42    0.056948807401234   -0.962485395588615    0.265289835112852
   43    0.563637869409672    0.295928406067242    0.771193056665986
   44    0.235767204657316    0.899068515415441    0.368903279731625
   45    0.502094038326602   -0.844589539638796    0.185930326223589
   46    0.530600244858823    0.847570026467864    0.009403743351517
   47    0.274583592295104   -0.754345878134810    0.596293675115994
   48    0.365536923806094   -0.335348883304897   -0.868287903751133
   49    0.646535812217211    0.642386314046411    0.411498805644071
   50   -0.077651163171381   -0.854802714571990   -0.513110724910801
   51    0.581024689504695    0.395974933153486   -0.711065512101428
   52    0.317918511782983   -0.712235678398406   -0.625817991337781
   53    0.609517094155461    0.689211349444537   -0.391760931856565
   54    0.443139531147252   -0.403410300266277    0.800554486324114
   55    0.702876459651041   -0.042570334231949   -0.710036935033522
   56    0.875230002614147    0.272512361042747   -0.399636654478724
   57    0.698555577778212   -0.554920591055450    0.451755733087714
   58    0.732666791897836   -0.104431140998190    0.672527701169215
   59    0.585822791283714   -0.768934477055083   -0.256030129493747
   60    0.847269203934651    0.531157374838288   -0.002596000547125
   61    0.848741243939447   -0.528715662322907   -0.009901982153640
   62    0.697901874323925   -0.459553206074091   -0.549312137679641
   63    0.934143194526225   -0.194756238922706   -0.299076076477241
   64    0.870775362182313    0.259548171507628    0.417594319026622
   65    0.935555808388903   -0.211647614935657    0.282737716765618
   66    0.993810900296062    0.110918843079015    0.006074924093611
   
 U =    1882.44152659771     


 http://math-lab.ru/  - см. Задача Томсона
