    136
    1   -0.180528190433590    0.072087447204684    0.980924549807112
    2   -0.991055732140898   -0.110813180341163   -0.074357076686389
    3   -0.871034304732978   -0.036838518425421    0.489838915908646
    4   -0.908606900769523   -0.416748013059663   -0.027469865031052
    5   -0.852441444470921    0.351563950299410   -0.386970764526473
    6   -0.808382199347063   -0.526002078502219    0.264272649341831
    7   -0.942683726446858   -0.232781081790541    0.239082328608141
    8   -0.897299132463658   -0.295225987511788   -0.328170509305233
    9   -0.981309151901597    0.078404469332653    0.175741536304977
   10   -0.897476862634488    0.414500416726320    0.150747091412946
   11   -0.777911586346282   -0.174243661044853   -0.603732316853999
   12   -0.759875296817209   -0.591731997518930   -0.269151957821628
   13   -0.932080811560146    0.023040727801385   -0.361516922956260
   14   -0.388807572610709   -0.147160245229557    0.909490260368161
   15   -0.638704429095730    0.765652209686171   -0.076376344873150
   16   -0.426498473454417    0.836467145638647   -0.344124637897647
   17   -0.838932822932246    0.530201945344862   -0.122790943312023
   18   -0.481865452817919   -0.874868225369343   -0.049104720951024
   19   -0.779631825332340    0.137353570790947   -0.610989536342432
   20   -0.618536434287326   -0.603757468958081    0.502881296268267
   21   -0.968418521104194    0.223275902311902   -0.110965938148475
   22   -0.723522887819556   -0.690216582132497    0.010756419040891
   23   -0.701834683170812   -0.469911949876173   -0.535360473757728
   24   -0.786050359542695   -0.328751654885343    0.523495159168591
   25   -0.670597084160635    0.639536583519999   -0.375888958410355
   26   -0.378609729048386   -0.605696644775692    0.699847303043583
   27   -0.641334563425315    0.454249688867988   -0.618342298342428
   28   -0.715257172537531    0.667949765192496    0.205548749237027
   29   -0.707181401197351    0.231002151942969    0.668230852025158
   30   -0.557717757997414   -0.788544329713850    0.259130744008645
   31   -0.461097042931006    0.856269661660354    0.232791287466574
   32   -0.875663867509657    0.257090280484096    0.408799925169561
   33   -0.232471205589779   -0.506768418905283   -0.830146317327177
   34   -0.205220898199027    0.874082063357100    0.440300953280570
   35   -0.560392913346216   -0.360603990781249    0.745603476724712
   36    0.165878426730305    0.928566882954162   -0.332035979114118
   37   -0.524399284208151   -0.783046318222899   -0.334430641896853
   38   -0.376331573979467    0.924979550995525   -0.052795612187513
   39   -0.508495453407042    0.474105976599059    0.718787796792224
   40   -0.566227504416027   -0.082345088344203   -0.820125417035946
   41   -0.410916919004816    0.673302607865713   -0.614663228049978
   42   -0.198400230619718   -0.975631267604809   -0.093706873610615
   43   -0.669218029709051   -0.070715347695848    0.739693563790162
   44   -0.718257463821977    0.513074850319739    0.469957884957151
   45   -0.232068169561205   -0.895544908143491   -0.379662589906852
   46   -0.116945400691428    0.970597507218180   -0.210390713290716
   47   -0.325948569253551   -0.813482293610481    0.481668026947808
   48   -0.277848720441666   -0.211514746433141   -0.937049412032393
   49   -0.484894602808726    0.715440028882754    0.503013706810473
   50   -0.515712927924066   -0.377657718460701   -0.769034995080877
   51   -0.153893937723744    0.851844582186173   -0.500677005395639
   52   -0.459589140515838   -0.653671904232488   -0.601241102667628
   53    0.124428764504037    0.783649474628988   -0.608613985608046
   54   -0.229056712185170   -0.416988036172424    0.879576034400657
   55   -0.554368161517104    0.223751810079665   -0.801630257027653
   56    0.138175925278102    0.990326845730443   -0.012655129360494
   57    0.080137939272459   -0.972480683010539   -0.218767529264559
   58   -0.468273096617534    0.166731406108301    0.867710173503442
   59    0.091063043640667   -0.852943882516785   -0.513998302876664
   60    0.105189450735226    0.939539246708372    0.325885230332222
   61   -0.265825386385160   -0.941339764206279    0.207885334444849
   62   -0.307686128705627    0.103526965419609   -0.945838999847834
   63   -0.115737176015069    0.639958571767496   -0.759643292940420
   64   -0.250783544713309    0.403992831674834    0.879714388683269
   65    0.179719831335637    0.028443956041790    0.983306525753482
   66   -0.235819966698849    0.671861715031247    0.702133021002021
   67    0.026940478057917   -0.341735029184200   -0.939410123678942
   68    0.028073841923363    0.295695077851700    0.954869771400236
   69    0.076579419194954   -0.502835162773422    0.860983386386979
   70   -0.343474218844287    0.443074442608723   -0.828076384940590
   71   -0.078828725476096    0.315528422042506   -0.945636212781205
   72   -0.143853308464142    0.979284747855891    0.142504765747482
   73    0.073093301513021   -0.625102915667791   -0.777112420501405
   74    0.146607147587996    0.500281642624274   -0.853360780871297
   75    0.586601102077016   -0.688267188408155   -0.426834188418364
   76    0.054470501544484    0.569038287144112    0.820504961731242
   77   -0.018579155020022   -0.018718797411761   -0.999652150311397
   78   -0.175996365651549   -0.750752449755993   -0.636707184239994
   79    0.371774654096288    0.629703343232634   -0.682097724738346
   80    0.350311379538124   -0.693824120665790   -0.629197923509320
   81    0.055249525423519    0.790548444703755    0.609902161429971
   82   -0.018711239627134   -0.903133379509036    0.428952198185536
   83   -0.086218335448541   -0.711898355714651    0.696969963314962
   84    0.382331514046599    0.907641441948455    0.173232867044807
   85    0.222327397576031    0.189482680354643   -0.956382163223828
   86    0.354746922434867   -0.874369063345788   -0.331109290245381
   87    0.273689507012121   -0.137173644218574   -0.951986052987783
   88    0.326169370401993    0.329783570323950    0.885921180780749
   89    0.437607540955004    0.791049844640122   -0.427480740378036
   90    0.048427607909222   -0.991889836824088    0.117513056284291
   91    0.453772283107498    0.365559586470120   -0.812684996676574
   92   -0.030454964884480   -0.205776724644047    0.978124958637010
   93    0.292978322038919   -0.260063500107304    0.920071018306303
   94    0.356287007543439    0.590293132163188    0.724302137492852
   95    0.601975617744331   -0.788347973144599   -0.127015073436711
   96    0.338960566701275   -0.940762649880427   -0.008448124733180
   97    0.344778335027162    0.796022347358348    0.497469920901760
   98    0.515406760044857    0.066604382037008   -0.854353397601678
   99    0.205328911376052   -0.758955821376820    0.617920787278889
  100    0.476671486074472    0.040092743135602    0.878166764522216
  101    0.566981608687453   -0.801980914528771    0.188038475163417
  102    0.325498352098325   -0.449252708437391   -0.831999294917336
  103    0.544849556225743   -0.238765374373236   -0.803822155131979
  104    0.368277371494468   -0.530223404575790    0.763698185728618
  105    0.282275107890397   -0.905620997214243    0.316498614325788
  106    0.600936633093284    0.303948450654468    0.739249959317724
  107    0.621245298645851   -0.468282777696811   -0.628303683757295
  108    0.711281354435992    0.250374207259409   -0.656804073655853
  109    0.485653588763784   -0.727422083142000    0.484765618292191
  110    0.638066119736797    0.535352561121110   -0.553415993756139
  111    0.435437144488116    0.890174948203410   -0.134100912715358
  112    0.798585193117869   -0.534463174157001   -0.276786569043585
  113    0.578093643696413   -0.232770194589671    0.782065071223930
  114    0.687077675545807    0.675724386424995   -0.267059583908037
  115    0.623331124427614    0.546405995585752    0.559373575803996
  116    0.750923196019205   -0.565136888145809    0.341664530405447
  117    0.744149661387181    0.027878257341360    0.667430958395663
  118    0.592031200697204    0.737081798958932    0.325897958024427
  119    0.822014025125898    0.289836023658374    0.490191821521150
  120    0.628118621694005   -0.482466975146994    0.610485556728195
  121    0.669920352605886    0.741780496781917    0.031119379145099
  122    0.868067030070128    0.494332296018330   -0.045773490346192
  123    0.811755890269915   -0.250122025960206    0.527722793464201
  124    0.843485634572216    0.402992518298014   -0.355146469032330
  125    0.753110275279126   -0.075900318276528   -0.653501380988993
  126    0.810134830335200    0.521573182455178    0.267662048152769
  127    0.833170240234497   -0.299031978945304   -0.465195901052068
  128    0.970955287983220    0.198226700879761   -0.133985087960370
  129    0.795768062701691   -0.604030772091391    0.043589181578407
  130    0.961085871064841   -0.113435818597626   -0.251885417399703
  131    0.935088997349092   -0.347677251927648   -0.068768419559482
  132    0.917590849227226   -0.315433565242544    0.241927053743139
  133    0.996072114716909   -0.051003939399508    0.072380525344289
  134    0.924413616138923    0.003729413214632    0.381373252567658
  135    0.890367685684095    0.105418777793366   -0.442868225974839
  136    0.950037534291002    0.254560926981417    0.180630611726348
   
 U =    8372.87953169215     


 http://math-lab.ru/  - см. Задача Томсона
