    113
    1   -0.086044787117649    0.018058009752990    0.996127603720346
    2   -0.990032359739238    0.073521026816190   -0.120127371090231
    3   -0.869169104508404    0.003747825924698    0.494500780149937
    4   -0.865931657490847   -0.486531220634829    0.115972996437692
    5   -0.685776979557550    0.437273913424061   -0.581808782116367
    6   -0.840530894958514   -0.337331366171868    0.423928489272495
    7   -0.975261587179047   -0.151006196377141    0.161437186635282
    8   -0.949029187877734   -0.257435408347417   -0.181853268007828
    9   -0.957722016969127    0.190304046245544    0.215761229592253
   10   -0.830962415046167    0.505990583114144    0.231246609878825
   11   -0.878004907593623   -0.075807702354360   -0.472610383408221
   12   -0.801498454172593   -0.560769986961812   -0.207695088246673
   13   -0.884125695924625    0.254941319720602   -0.391569505075300
   14   -0.097807298496863   -0.321354384131019    0.941894416673397
   15   -0.470609452684288    0.856865843996146   -0.210493867931985
   16   -0.216214080308516    0.867358700464340   -0.448263712790979
   17   -0.725738121561635    0.622065794041666   -0.293833842154884
   18   -0.629186782559385   -0.777037254999635   -0.018360201393261
   19   -0.693498870845266    0.127404253765351   -0.709103287440437
   20   -0.612775463441821   -0.520751239382058    0.594410950509587
   21   -0.904111473826678    0.418577392857586   -0.085880201929771
   22   -0.657232615797527   -0.687611570952217    0.308602683437076
   23   -0.766341268448722   -0.404643041606818   -0.498984036970710
   24   -0.666967293151107   -0.201407329132222    0.717349090498141
   25   -0.469931355691262    0.688559956298929   -0.552313052099794
   26   -0.371785535729233   -0.755307787259181    0.539708867750167
   27   -0.431136080718168    0.402023087950722   -0.807774174294737
   28   -0.680200689039740    0.732189057411127    0.035017236288271
   29   -0.645907503777625    0.140261655058718    0.750419992193669
   30   -0.383459576242131   -0.900690532852902    0.204243279980909
   31   -0.412977425425198    0.893482238418381    0.176462845154594
   32   -0.777835464477161    0.350025509490060    0.521971390890174
   33   -0.182801859604892   -0.574827713477853   -0.797594245179099
   34   -0.065719724758155    0.960025699517790    0.272087438230966
   35   -0.378627330431540   -0.444076598483305    0.812057460608412
   36    0.377108932944954    0.861858089821498   -0.339100996315784
   37   -0.565166594357056   -0.725620039622402   -0.392507679824525
   38   -0.184028385352343    0.980901323034078   -0.062977359857374
   39   -0.514735048292323    0.508209159586437    0.690486263564995
   40   -0.640265566201516   -0.198999463450761   -0.741929389014184
   41   -0.175431174350862    0.637016893613972   -0.750621995625150
   42   -0.359886460531273   -0.917851196474548   -0.167424361000761
   43   -0.400409006881396   -0.097507945390725    0.911133814427899
   44   -0.603079036993384    0.685150614656455    0.408490281861165
   45   -0.056202200573014   -0.951995877447562   -0.300907231507647
   46    0.065368198285469    0.952328776398756   -0.297988087506464
   47   -0.096954843019070   -0.907201484755529    0.409371743617597
   48   -0.351641450176871   -0.266106287112281   -0.897516425742072
   49   -0.303658054806288    0.809653285702043    0.502248287904645
   50   -0.499035157611031   -0.535409410956118   -0.681396121303722
   51    0.098210066041300    0.786875891951707   -0.609246348855181
   52   -0.268816759628027   -0.803893146574016   -0.530559476999908
   53    0.412240466725207    0.663589951929375   -0.624264505872754
   54   -0.114434407860127   -0.661414082695901    0.741239622193284
   55   -0.408011897922876    0.074952890618680   -0.909894694643988
   56    0.506992069127897    0.861875639267927   -0.011376479152896
   57    0.247580239800315   -0.965425365562373   -0.081595884633832
   58   -0.369985123346998    0.261778897611783    0.891393749847432
   59    0.247391989393576   -0.876164808543761   -0.413681558512540
   60    0.295005019619289    0.902037270750464    0.315120295405544
   61   -0.078905951045437   -0.995247962938044    0.057055614599163
   62   -0.077403529753290    0.004996156886815   -0.996987327902463
   63    0.165893879081131    0.516470024662130   -0.840082099862218
   64   -0.200190481509511    0.616038626759274    0.761853123281343
   65    0.235344905578212    0.189994509260954    0.953160459665146
   66    0.041171463097416    0.817333758825144    0.574691601914609
   67   -0.017316591698209   -0.316564434226172   -0.948412934662440
   68   -0.058107024262132    0.357401860532604    0.932141343262508
   69    0.174897824900992   -0.496829608405310    0.850041817240028
   70   -0.115065401190646    0.335244829343344   -0.935077995595762
   71    0.223653729743951    0.180250697883820   -0.957856301897114
   72    0.183426640999943    0.982966540124153    0.011465093450599
   73    0.227240685265749   -0.507857653172960   -0.830928561955603
   74    0.482064500309500    0.344135195459419   -0.805720041197598
   75    0.541695151976160   -0.788093028579676   -0.292362344753285
   76    0.167639358746514    0.568384362649724    0.805503731645189
   77    0.287252702475648   -0.156786911302995   -0.944935844046834
   78    0.058536862322876   -0.755774625394302   -0.652210204887577
   79    0.661271335904830    0.691327315015720   -0.291181668076471
   80    0.439256919175529   -0.655984077449682   -0.613790069232888
   81    0.380184975083908    0.716383985651424    0.585024247209147
   82    0.435286366090533   -0.602342609525537    0.669110723457385
   83    0.165146019833698   -0.791790199804908    0.588043426649760
   84    0.613700229285225    0.737420528076928    0.282104578739881
   85    0.561012999926100    0.010841167639175   -0.827735998370336
   86    0.540211872474399   -0.839912491603818    0.052135777404491
   87    0.540579862095971   -0.344422243399459   -0.767558942979616
   88    0.465679573095102    0.389057562217299    0.794843851635965
   89    0.794402737276928    0.607320449111710    0.009282407967491
   90    0.221568691061674   -0.940092031357682    0.259102851622677
   91    0.679039400389464    0.477699111893410   -0.557412819385207
   92    0.229932803808173   -0.159380162990563    0.960067117121513
   93    0.532946533678411    0.043296478235914    0.845040476671108
   94    0.652280687403406    0.524412393163695    0.547285617147816
   95    0.756002152212886   -0.614690477724608    0.224980804612698
   96    0.493716712165797   -0.777600215539346    0.389334962367058
   97    0.853115960381387    0.425752357053434    0.301542847048289
   98    0.780417673027410    0.166185499110237   -0.602769139482077
   99    0.508040973961273   -0.299802587397056    0.807473081512017
  100    0.757313373803393    0.210731840325997    0.618116934998016
  101    0.709545110103928   -0.465958918783362    0.528609518202090
  102    0.716606446190524   -0.505229831437321   -0.480851347823840
  103    0.786613675190907   -0.171714689770662   -0.593087675912777
  104    0.906241092538720   -0.249558941515979    0.341243925812097
  105    0.765959251298440   -0.128095469994912    0.629998393582964
  106    0.935393610786738    0.089772933521436    0.342022825709490
  107    0.776011547655222   -0.614020575206845   -0.144169383464042
  108    0.946936802655897    0.056271825535068   -0.316455642115569
  109    0.924544080647497   -0.379126000183011    0.038493102302968
  110    0.872977126015148    0.393046478202916   -0.288834560651279
  111    0.960776205957001    0.277039229886992    0.012583607213076
  112    0.913670806149715   -0.284522203162622   -0.290263283756693
  113    0.998472380776630   -0.053141779972792    0.015127988880610
   
 U =    5721.84325407222     


 http://math-lab.ru/  - см. Задача Томсона
