    203
    1   -0.153113695289942    0.027769209073863    0.987818337216955
    2   -0.997311262941077   -0.041651585830817   -0.060294197139133
    3   -0.930145748490646    0.086078425609444    0.356958528696788
    4   -0.957567805187242   -0.287707436951751    0.016980258877384
    5   -0.809895539197762    0.095128519852231   -0.578808932462423
    6   -0.891869306357805   -0.345060360552677    0.292408084621653
    7   -0.973481484762607   -0.108376349790700    0.201465544524203
    8   -0.938762627692301   -0.239877506077644   -0.247353008726830
    9   -0.980250525324335    0.159976310313238    0.116260430671521
   10   -0.905526277295029    0.424218252064691   -0.007812537576543
   11   -0.842986580549436   -0.149397990423879   -0.516772547133529
   12   -0.866118977201376   -0.470845600230393   -0.167756782501703
   13   -0.946258406300240   -0.006585121317040   -0.323344498458486
   14   -0.613854146050136    0.028847990576394    0.788892185800292
   15   -0.857006888040031    0.441140552760851   -0.266334764087964
   16   -0.696180812523261    0.584802729384806   -0.416338857156685
   17   -0.896118180197070    0.226670827190191   -0.381565909406495
   18   -0.727912173260477   -0.680305450416389   -0.085605853497077
   19   -0.672740754186256   -0.044618110625181   -0.738531720280954
   20   -0.749122911213097   -0.386270898136950    0.538153934435202
   21   -0.968658432114751    0.208685250025792   -0.134726791376717
   22   -0.856362674835010   -0.507162063166568    0.097106183294664
   23   -0.817616851619652   -0.386101073450842   -0.427116664422820
   24   -0.872984051856005   -0.157798747034963    0.461517497652329
   25   -0.757277704975222    0.366805253004744   -0.540355793820688
   26   -0.490975344952398   -0.206581621358025    0.846325731834950
   27   -0.638239089729298    0.224792162323825   -0.736287544441230
   28   -0.776043139645061    0.622049415062433    0.103978702772831
   29   -0.835301102756915    0.287069011336955    0.468895991093019
   30   -0.745923454656497   -0.558314829238334    0.363156648356997
   31   -0.758398859218251    0.635476225355145   -0.144917691621254
   32   -0.897969608025837    0.370350901723150    0.237677917894729
   33   -0.481421524402900   -0.434478866583124   -0.761223640157235
   34   -0.596588652956634    0.802546476210519    0.001064276969614
   35   -0.705616252108234   -0.187834078190353    0.683245244279907
   36   -0.140141832494185    0.972563723768911   -0.185688098686808
   37   -0.713695007128661   -0.617701076906292   -0.330279906122713
   38   -0.580097122262343    0.771102321860407   -0.262466260621127
   39   -0.686408345754353    0.468320778793078    0.556344525478068
   40   -0.489901325698041   -0.190315585148650   -0.850750650384018
   41   -0.571953373375578    0.481193948338593   -0.664320497024299
   42   -0.538057043805502   -0.827623077930532   -0.159795677313487
   43   -0.802127746083739    0.050204308799527    0.595038323421763
   44   -0.755406095293580    0.560729005358918    0.339034826739828
   45   -0.516194151090617   -0.757471823465925   -0.399724949227646
   46   -0.370480885604970    0.858702931971061   -0.354080764834326
   47   -0.552867692948431   -0.421510165033534    0.718795168923166
   48   -0.261244319552891   -0.090909973523178   -0.960982196617274
   49   -0.592952320630853    0.762906411043471    0.257645790664736
   50   -0.685201746235010   -0.291004298651315   -0.667693840860427
   51   -0.495020321878626    0.691612101753458   -0.525953972924767
   52   -0.642912903464156   -0.523848977339479   -0.558789090354914
   53   -0.258434866118199    0.759873324686602   -0.596493043047610
   54   -0.318607801080780   -0.419242195518048    0.850132372391310
   55   -0.471019234409224    0.069012233364104   -0.879419235895285
   56    0.090512721095744    0.983613323094006    0.155923949256718
   57   -0.318409969750967   -0.911446267438852   -0.260539426450151
   58   -0.670374667886024    0.258248208166740    0.695633285313010
   59   -0.277522034527646   -0.816762136933887   -0.505846945254023
   60   -0.154525263940037    0.986370951673792    0.056518036929810
   61   -0.698814382200726   -0.696678277524177    0.162166078004508
   62   -0.008744780016274    0.000032634787975   -0.999961763147690
   63   -0.348604272322001    0.568057189031961   -0.745510624543980
   64   -0.459762542375627    0.271968930296973    0.845370513787546
   65   -0.395534317565189    0.031592004622061    0.917907701717444
   66   -0.545656192938956    0.673708253229034    0.498373864321203
   67   -0.277237210484199   -0.344129034080810   -0.897058937319922
   68   -0.216774666931855    0.266059623806048    0.939266213784339
   69   -0.121845218161469   -0.759836446062852    0.638594016606606
   70   -0.425453520321013    0.329249457304856   -0.842961503813143
   71   -0.238569248907071    0.166002586774575   -0.956832197754688
   72   -0.384471655079631    0.917481245745976   -0.102027987066008
   73   -0.249967442814311   -0.592226520856624   -0.766018293206457
   74   -0.182752206938722    0.420371446954985   -0.888757265761580
   75    0.576821404837234   -0.776162378461339    0.254654725428052
   76   -0.494016169072348    0.495243457404837    0.714620138670038
   77    0.225587279355970   -0.172861470498063   -0.958764460860966
   78   -0.435412307734116   -0.653711648417153   -0.618932308897653
   79   -0.090366856340728    0.646199808087940   -0.757799207773539
   80   -0.088877387446142   -0.754152966591427   -0.650656678273649
   81   -0.393714134805058    0.905810895334728    0.156511347664001
   82   -0.566136628923692   -0.611332677481065    0.552957208864077
   83   -0.348687027518652   -0.622638306723552    0.700527583925597
   84   -0.162450737303255    0.939616847058815    0.301214107692318
   85    0.008384921257098    0.248166900489301   -0.968681001463870
   86   -0.086299877227326   -0.923933110927243   -0.372692819521459
   87   -0.033232859674048   -0.246591218938966   -0.968549610386623
   88   -0.010450873328501    0.428693214401366    0.903389676259861
   89   -0.134827358132367    0.897884864631607   -0.419075593854531
   90   -0.517565853517441   -0.851070524270485    0.088343364157838
   91    0.073627009275877    0.488701259628296   -0.869338911094406
   92   -0.242059978790656   -0.203162902317279    0.948752761150073
   93   -0.031788863124038   -0.343880310288326    0.938475252938129
   94   -0.268913936864036    0.488974251838754    0.829812916023254
   95   -0.073208271929818   -0.989827448836640   -0.121992501616284
   96   -0.304086502370300   -0.952598916108830   -0.009311503878468
   97   -0.368986247953124    0.833428766629276    0.411394749329983
   98    0.186978497899529   -0.410852120904156   -0.892322574001013
   99   -0.339836309160551   -0.793061250549563    0.505534505106128
  100    0.053007014038526   -0.105922578526229    0.992960555017708
  101   -0.328129426717115   -0.909220547281585    0.256220755840099
  102   -0.057261140355900   -0.485936099836773   -0.872116545354214
  103    0.103819905222492   -0.642754695542922   -0.759004498430094
  104    0.091154363580527   -0.855874260414970    0.509087548815876
  105   -0.538858921187759   -0.765417525765705    0.351805449513038
  106    0.177821810433091   -0.461972038845868    0.868885055147624
  107    0.155561600760058   -0.953593041854742   -0.257800114226486
  108    0.249621914621194    0.067037960893378   -0.966020088579998
  109   -0.120058318980149   -0.909907238826418    0.397057699553787
  110    0.027993907590693    0.811358252734788   -0.583878520633321
  111    0.325634834732622    0.912915008148232    0.246065321218517
  112    0.517989741249425   -0.668692438961252   -0.533420144010710
  113    0.104996543204842   -0.670500019526748    0.734442271202894
  114    0.107441228639478    0.989875231826958   -0.092754556782756
  115   -0.326755685600052    0.689028809047300    0.646892589407932
  116   -0.087468689652073   -0.985928619187437    0.142456962615743
  117   -0.106119726487424   -0.560029496300580    0.821648079729730
  118   -0.134207128503471    0.825585034791311    0.548085574511392
  119   -0.083273091728799    0.646848326992792    0.758058595400482
  120    0.352058101120315   -0.861311823991889    0.366329135187638
  121    0.069116809047613    0.913319414537372    0.401335911346329
  122    0.553015309421616    0.820560438468377    0.144411337386990
  123    0.376221262886629   -0.566423868094176    0.733226815525198
  124    0.106860143775768    0.934040205540444   -0.340807576362656
  125    0.362518684455597   -0.539438379291151   -0.759991077821522
  126    0.292357041263664    0.828288772919900    0.477980197370564
  127    0.103267704215234   -0.853445833439999   -0.510848304930163
  128    0.346241851189752    0.938145040200965    0.000681198226352
  129    0.387487181820088   -0.911568756917417   -0.137463032620272
  130    0.357017319485435   -0.848675153981861   -0.390242381861964
  131    0.579980726588346   -0.454666224375301   -0.675944510443249
  132    0.157905029155996   -0.987436098896660    0.005996028935090
  133    0.258647688596940   -0.224617917208459    0.939493568073989
  134    0.050582088557331    0.181881597667717    0.982018603055470
  135    0.257481415770269    0.301757083933773   -0.917957506003804
  136    0.345521608384330    0.904624000977005   -0.249540046877975
  137    0.436317327141676   -0.297112793239623   -0.849323953582667
  138    0.381201683183585   -0.916565202327017    0.120803586955177
  139    0.106783473690344    0.761724099542617    0.639041223961814
  140    0.189513522276370    0.677126433616187   -0.711044596191144
  141    0.445308923909919   -0.345177434561771    0.826167356505656
  142    0.285938428432052    0.819698198553762   -0.496320540007691
  143    0.474398337443180   -0.041328509844886   -0.879339622503812
  144    0.298812810953009   -0.751123070881658    0.588663771944281
  145    0.134402248062010   -0.954510752511701    0.266167727298831
  146    0.591383862335533   -0.806334871856353   -0.009444670322784
  147    0.561783759182213    0.818542706957210   -0.119945174168302
  148    0.447829228306018    0.654251318409722   -0.609429400861147
  149    0.340894327357680    0.497666549091341   -0.797570726325178
  150    0.647376828792858   -0.187489558700338   -0.738749556291207
  151    0.604181440966068   -0.478327750405675    0.637312599580466
  152    0.487630485279629    0.215245267745291   -0.846100457711265
  153    0.526071939446695   -0.686414292383623    0.502079409793195
  154    0.273946350733818    0.050641698398632    0.960410753429451
  155    0.290440916608766   -0.733527091413957   -0.614477078597111
  156    0.735681002645374    0.677095772005282    0.017741980703071
  157    0.674492478250784    0.086959408103809   -0.733142522382484
  158    0.481919547078153   -0.077784384212561    0.872756059684870
  159    0.517846771524609    0.756009220456492    0.400355816501155
  160    0.752220073024393   -0.643676107536013   -0.140875939487421
  161    0.247268249316562    0.326615109054777    0.912239542783067
  162    0.719017147469504   -0.576426088678857    0.388261903790743
  163    0.180727960903319    0.567235782360083    0.803480535768026
  164    0.757163509623302   -0.348564620611335   -0.552454636104178
  165    0.374132829682182    0.663519075473105    0.647894329530147
  166    0.472044625793297    0.196487040668477    0.859399042418020
  167    0.428132053406430    0.455047579951963    0.780791037874959
  168    0.647113916882989   -0.226622677892721    0.727932510910927
  169    0.597315686209435    0.569561347879514    0.564636026135265
  170    0.757651114172103   -0.640234622589799    0.126745482093323
  171    0.663059585724115    0.064883995796798    0.745749323076331
  172    0.783583598579202   -0.349719104896204    0.513510751307376
  173    0.632908622657922    0.343263379110239    0.693971849520621
  174    0.800801321193463   -0.089181750336605    0.592253205463426
  175    0.794921186605077    0.213398428432721    0.567944907388755
  176    0.576210337950024   -0.767559624564508   -0.280773697446734
  177    0.869442011568380   -0.424910910497533    0.252034336272038
  178    0.708456298440275    0.643417475514307    0.290006250627638
  179    0.776964837728573    0.445549996946174    0.444759306990508
  180    0.527349213564222    0.760484986152344   -0.378900241211411
  181    0.557981772145032    0.422772476296746   -0.714086672078262
  182    0.708375946862417   -0.569848308074000   -0.416505010404405
  183    0.723723549405414    0.643033755429211   -0.250463197725004
  184    0.812035223203135   -0.061661255295092   -0.580341869825767
  185    0.870295963630926    0.480461720418659   -0.108358067997087
  186    0.856941027635866   -0.441378913313443   -0.266151704929033
  187    0.732869954652290    0.304494252558729   -0.608428204249812
  188    0.891760081755341   -0.452479898732258   -0.005088991152783
  189    0.866426024616149    0.164880582359753   -0.471296443258981
  190    0.662569137525773    0.557335207140350   -0.500379460889609
  191    0.914050574673061   -0.191845486740022    0.357360960594931
  192    0.828957586540098    0.419009026289720   -0.370487186830201
  193    0.857836557855817    0.489047934519857    0.157951124554228
  194    0.944331887395144    0.247702583133524   -0.216519552830003
  195    0.970753917687161   -0.214265077802080    0.108292694718978
  196    0.910152996455726    0.283851042229371    0.301745105789577
  197    0.961385619106517    0.271998383278015    0.041887598037183
  198    0.890732180061537   -0.223799959029022   -0.395613146573050
  199    0.963204761496686   -0.228226432662656   -0.141948169640154
  200    0.906840173007378    0.055872336816666    0.417754931267835
  201    0.982452670222412    0.038866320231073    0.182417542809203
  202    0.950728024468960   -0.001062884817067   -0.310024343826762
  203    0.997741115673435    0.023288668955007   -0.063010348301164
   
 U =    19008.3410799712     


 http://math-lab.ru/  - см. Задача Томсона
