     99
    1    0.047352432963817    0.004171095001524    0.998869535554517
    2   -0.949529820781962    0.213692907705604   -0.229626785550159
    3   -0.835359046707691    0.148922894098479    0.529147649240692
    4   -0.826631326791970   -0.468033590179007    0.312450328900926
    5   -0.530244958866958    0.421977487277710   -0.735374247459733
    6   -0.752091199783336   -0.238947958180562    0.614217144412139
    7   -0.942633751674483   -0.134676709440506    0.305456697648564
    8   -0.988804070821011   -0.139445001503351   -0.053118745123813
    9   -0.967292202388894    0.195755167543658    0.161324857283670
   10   -0.793151186837752    0.482190925129576    0.372025679947701
   11   -0.909660877664548   -0.101191688767066   -0.402836604308787
   12   -0.874346665880008   -0.483660552279840   -0.039879544040451
   13   -0.768189538599122    0.145355264373182   -0.623503552440458
   14    0.297222249664754   -0.273283052408456    0.914863545874760
   15   -0.669619562951584    0.711399430090749   -0.213355318141093
   16   -0.133109097146460    0.889887425697185   -0.436328245524961
   17   -0.771920244977169    0.458044478739792   -0.440833745181082
   18   -0.647911306180735   -0.745928185237029    0.154279233185051
   19   -0.504595058767673    0.044442886959628   -0.862211491726910
   20   -0.458881886546073   -0.372173857719590    0.806792435407048
   21   -0.868139970940559    0.496246906086969   -0.008485225656207
   22   -0.585626221980246   -0.596482400394687    0.548863074134647
   23   -0.810144053597357   -0.439649866443636   -0.387781649071918
   24   -0.602026945496735    0.034225707786902    0.797741911787488
   25   -0.463185519453943    0.720675014148824   -0.515835922120371
   26   -0.231466975838119   -0.657304073393579    0.717198992049323
   27   -0.231931312795394    0.312472607158919   -0.921177906769541
   28   -0.636333590900742    0.755486280604072    0.155948840683065
   29   -0.310079697893398    0.255136805206915    0.915836116116387
   30   -0.377063049556662   -0.837711322685048    0.395048347046658
   31   -0.320765639254435    0.923133324185157    0.211977051712103
   32   -0.594235406984445    0.402469099360100    0.696349700327573
   33   -0.209143698439417   -0.673763567186740   -0.708732367635965
   34   -0.042294259143256    0.996979050740514   -0.065145744512338
   35   -0.062344377351518   -0.385430553842037    0.920628300009115
   36    0.468362154202528    0.747364593728530   -0.471256890190220
   37   -0.637977939214462   -0.733748868312838   -0.233659468725958
   38   -0.384006923200858    0.909778055521197   -0.157615267743581
   39   -0.249288072241155    0.580028555563909    0.775514236986487
   40   -0.686554406011148   -0.236508395129209   -0.687536782012487
   41   -0.192160911751183    0.637124388280148   -0.746422600042095
   42   -0.387895110226043   -0.921054057770655   -0.034594885849464
   43   -0.289415375362818   -0.099719985970249    0.951995097099608
   44   -0.502721164779561    0.704286208559494    0.501250802408909
   45   -0.024300288099052   -0.987679178714781   -0.154594100571782
   46    0.230027660809876    0.931507809769037   -0.281745409193528
   47    0.004990596720426   -0.854972232917757    0.518649761287904
   48   -0.389227419446522   -0.361989560593633   -0.847033396019442
   49   -0.149611366843290    0.831128551291098    0.535576110501620
   50   -0.544819747495130   -0.600722910407121   -0.585067028340635
   51    0.145865535192880    0.758789475673213   -0.634792704156613
   52   -0.312492043525420   -0.861373212487096   -0.400480850407316
   53    0.483931546492601    0.495593014472389   -0.721247407146431
   54    0.168544603181454   -0.622011383713058    0.764653225501451
   55   -0.183794317374294   -0.077962379701313   -0.979868111662088
   56    0.614045749645049    0.776830727332155   -0.139577356385067
   57    0.239454294739054   -0.956925689675970    0.164179368890219
   58    0.040454079621663    0.366126648649945    0.929685293306463
   59    0.064320789783329   -0.874720612921247   -0.480340176679327
   60    0.339164999949755    0.824958996796044    0.452116972048547
   61   -0.113672190096483   -0.973566107308435    0.198110241782119
   62   -0.015227244123695   -0.392347190929477   -0.919691150770815
   63    0.140151241229526    0.478996821118880   -0.866556215683571
   64    0.129663531460212    0.687358444293287    0.714650780219247
   65    0.635688545995667   -0.128023482848910    0.761255581476517
   66    0.057791655922961    0.958322395165788    0.279782614594598
   67    0.155657078173710   -0.650475953253268   -0.743405614892487
   68    0.387468587522408    0.097548153917885    0.916707396801511
   69    0.510181652596926   -0.489895501606269    0.706906697421528
   70    0.094300942512904    0.145848770250067   -0.984802248402044
   71    0.445180216536037    0.174811347437969   -0.878211573376170
   72    0.356863708468923    0.931535779070633    0.069924143820838
   73    0.435087451230961   -0.439865267070037   -0.785631883649557
   74    0.741885640427767    0.225392108813470   -0.631509377453494
   75    0.342682057770061   -0.917091858411576   -0.203743786451705
   76    0.374685063592804    0.442444302848341    0.814772447986247
   77    0.267392907466904   -0.167486104801828   -0.948920142970264
   78    0.441083527611149   -0.734350249997202   -0.515921536669243
   79    0.749023994990399    0.525486655383257   -0.403518066439089
   80    0.707119467721603   -0.450990818128131   -0.544600165564826
   81    0.579064027263939    0.587019481708491    0.565767602840214
   82    0.665494671342138   -0.630381530760207    0.399669823844180
   83    0.361945131150313   -0.799173002775580    0.479914819182786
   84    0.647917097033795    0.727409257290190    0.226007096746616
   85    0.627581254781963   -0.124428663876019   -0.768543607254869
   86    0.671319567104762   -0.703985025453379   -0.231808375085284
   87    0.865755823127025   -0.099126829961418   -0.490551451229581
   88    0.680322991254907    0.240489730902725    0.692333241221531
   89    0.857813603918465    0.513590325273086   -0.019514064627867
   90    0.564936127414231   -0.819016158119370    0.100298079152090
   91    0.927867637318799    0.241921733853532   -0.283787812116255
   92    0.804406718429525   -0.317816371157754    0.501918903379381
   93    0.883234388301341    0.046946597208349    0.466575859140304
   94    0.833746007230241    0.416453324780406    0.362538582370174
   95    0.885654087641114   -0.402488528222650   -0.231559542437255
   96    0.837701060716435   -0.537294462574702    0.097834520293817
   97    0.975586368473020    0.184943231750713    0.118436644157231
   98    0.987452108228082   -0.078596260352866   -0.136970660414781
   99    0.958583193396308   -0.209288022150064    0.193175529305994
   
 U =    4357.13916321098     


 http://math-lab.ru/  - см. Задача Томсона
