     37
    1   -0.306369518698983    0.046705658023549    0.950766164480384
    2   -0.860604289924771    0.098119702185315   -0.499732708761539
    3   -0.800799754662629    0.262821406680695    0.538186455722043
    4   -0.983334950149599   -0.172882392228109    0.056249926860143
    5   -0.523839602338596   -0.185172750796444   -0.831446404396712
    6   -0.733983719510540   -0.303865062929549    0.607399311017302
    7   -0.904247947465003    0.426130512084099   -0.027357561592236
    8   -0.746409506160406   -0.547342771035900   -0.378534991920327
    9   -0.557052238758596    0.802498114345177    0.213751209976626
   10   -0.342151270435334    0.588206055354851    0.732766091316576
   11   -0.224164992768484   -0.684576662914515   -0.693617220525797
   12   -0.680940235386494   -0.707873680013596    0.187710545723447
   13   -0.574209375192436    0.647379792173782   -0.501181601942992
   14    0.305974546041265   -0.166648010233823    0.937340929363457
   15    0.071095184351923    0.747956248228870   -0.659929485246234
   16    0.057022240133953   -0.242277949058229   -0.968529741169699
   17   -0.178620097465865    0.966804166408802   -0.182714434558045
   18   -0.232997627802048   -0.954643825640736   -0.185384119073448
   19   -0.264799239711557    0.331163795781276   -0.905655510120663
   20   -0.241326859860271   -0.516357056391921    0.821667047546785
   21    0.039850925642862    0.906622444492520    0.420056718631917
   22   -0.166076493838737   -0.908060718480403    0.384505305226190
   23    0.307678035611393   -0.818495445418920   -0.485179793716512
   24    0.212564231992171    0.412831299797984    0.885656121293522
   25    0.376225825796691    0.238416986431468   -0.895327576133191
   26    0.312645551608277   -0.680793290069762    0.662399619003170
   27    0.572392984968277   -0.361287931704288   -0.736095986379455
   28    0.403930041251631    0.912341139000524   -0.066889220818320
   29    0.756777414381119    0.100111672458949    0.645960988079079
   30    0.388289587413901   -0.916773571205343    0.093581063497614
   31    0.630195885507866    0.590968042920198   -0.503596979871830
   32    0.573111802032555    0.651546363837990    0.497021325639546
   33    0.804093893210597   -0.560537458780347   -0.198067584943868
   34    0.872023504726103    0.488042069716936    0.037281971401906
   35    0.767518095625534   -0.479012525674268    0.425984709977380
   36    0.877499816982314    0.050597204462414   -0.476900402701228
   37    0.993260839950550   -0.061801905130755    0.098048091990294
   
 U =    560.627973478561     


 http://math-lab.ru/  - см. Задача Томсона
