     20
    1   -0.314236655388853   -0.000975167890295    0.949344180715094
    2   -0.754857895293958   -0.434894277955146   -0.490975075654811
    3   -0.806665114747278    0.384979266294610    0.448422074805672
    4   -0.883763654158628   -0.375765450073561    0.278858620306425
    5   -0.358062232778966    0.159394184972299   -0.919991810427874
    6   -0.277090509945132   -0.731948442588384    0.622472751765718
    7   -0.870844342777177    0.345621800669434   -0.349536409484055
    8   -0.252565654663643   -0.956385932994365   -0.146753321103216
    9   -0.405637561470452    0.912297840879167   -0.056310019104192
   10   -0.081729670712751    0.710721323581866    0.698709854754622
   11    0.000650774800476   -0.596819860209312   -0.802374993972205
   12    0.440044306606110   -0.869993051185511    0.222425491148097
   13    0.087710623330293    0.753189597734534   -0.651929656036218
   14    0.404575801532233   -0.314331557877025    0.858786406819038
   15    0.418838174084216    0.905954585082524    0.061813216206173
   16    0.471100269425715    0.086366827634034   -0.877841276787240
   17    0.645141459711485    0.406938525468140    0.646678848773601
   18    0.704941208968182   -0.549264713320821   -0.448738416673984
   19    0.883787762814527    0.375692204877002   -0.278880901988556
   20    0.948658486516972   -0.210789969872918    0.235827616195181
   
 U =    150.881568717589     


 http://math-lab.ru/  - см. Задача Томсона
