    131
    1   -0.160584930491178    0.065977982190848    0.984814391631828
    2   -0.995413596532185   -0.055115063197568   -0.078192721193140
    3   -0.872124021737464    0.008729065001108    0.489207005400248
    4   -0.919068025489239   -0.389490633541538    0.060091687501036
    5   -0.826612943189860    0.375015200829073   -0.419612489444877
    6   -0.843234453044401   -0.345821877848726    0.411537223103927
    7   -0.966376620636652   -0.126220448816611    0.224019252269570
    8   -0.915756989986338   -0.310526479018939   -0.254877306010682
    9   -0.965000113628350    0.187131570859243    0.183729572701355
   10   -0.857674051229946    0.489824047458733    0.156421304105150
   11   -0.820444657836244   -0.205299700937048   -0.533594036907392
   12   -0.788190128502436   -0.598586970914282   -0.143003355145881
   13   -0.929067476730523    0.048960122038917   -0.366655874262931
   14   -0.193552866174390   -0.243126726110387    0.950487602784236
   15   -0.596726660105914    0.780098344105648   -0.188052829392347
   16   -0.357040301782533    0.851811533554299   -0.383326667748164
   17   -0.814545418678984    0.559619693291100   -0.152779448192008
   18   -0.606355493625697   -0.794608153948206    0.030510605188369
   19   -0.766166535301378    0.140451666115737   -0.627106186917013
   20   -0.636277056295623   -0.550332453872938    0.540634532605869
   21   -0.953781312855130    0.274142268673895   -0.123074058089733
   22   -0.760405415020188   -0.606871357536094    0.231280695714697
   23   -0.726422048070055   -0.505730798149014   -0.465346503028946
   24   -0.710206610685871   -0.214060969248344    0.670659728612467
   25   -0.625319517776152    0.630726241299990   -0.459521391475726
   26   -0.356165115205792   -0.704255152020559    0.614142566154589
   27   -0.594475292770546    0.418363686845409   -0.686710238611957
   28   -0.654230327513948    0.747091735986946    0.117629148517719
   29   -0.684737426150012    0.117593483097026    0.719240175436944
   30   -0.503300732438201   -0.791873587583044    0.345867885204061
   31   -0.403889085919989    0.871286229406215    0.278808021265202
   32   -0.833726621256425    0.324829590378699    0.446526212245992
   33   -0.243556214774349   -0.502986954682422   -0.829267443991439
   34   -0.118791545582610    0.883613066625802    0.452897910335476
   35   -0.479262820392932   -0.403788723172786    0.779270053336777
   36    0.164745336483870    0.920682828007970   -0.353839093823821
   37   -0.572006910676679   -0.747634647120798   -0.337417439624393
   38   -0.370758384549840    0.928141526876071   -0.033038256221375
   39   -0.623155541152595    0.426568956060483    0.655527342874641
   40   -0.634745640996247   -0.124301109270006   -0.762657987220032
   41   -0.359335712512058    0.663999824871815   -0.655730187107205
   42   -0.383325299157192   -0.910686529939789   -0.153986230593109
   43   -0.470757696936407   -0.093833026876770    0.877258544468091
   44   -0.669085377281764    0.623481317564247    0.404469782006111
   45   -0.231972986021465   -0.872340875799515   -0.430360233020686
   46   -0.105799450095209    0.973048775355441   -0.204896454676085
   47   -0.160602521907856   -0.884818365418963    0.437382315799520
   48   -0.367068623122643   -0.198297216764367   -0.908811773549591
   49   -0.407219228537171    0.726666470354900    0.553288659536361
   50   -0.552463984070001   -0.422790869004734   -0.718353274783183
   51   -0.086555339911184    0.836819497114282   -0.540593472382214
   52   -0.413982056552425   -0.679412095118470   -0.605820156366025
   53    0.198354432955418    0.726197981010754   -0.658249201520852
   54   -0.198771131104981   -0.531054083813067    0.823693873659815
   55   -0.508643717373197    0.149778367471381   -0.847849048719395
   56    0.179702368641370    0.983475538484452   -0.021975529741031
   57   -0.080826754264763   -0.987045045242495   -0.138596949667963
   58   -0.420807722675623    0.221140984342570    0.879782658149474
   59    0.088261319817182   -0.901085819214386   -0.424563641677980
   60    0.175388032109739    0.936013943885169    0.305150675970422
   61   -0.301212142308803   -0.941682729526364    0.150016273242330
   62   -0.229057276308355    0.088186758673524   -0.969410057594234
   63   -0.061575294977362    0.610064982374763   -0.789955188810435
   64   -0.356736630902568    0.513349870090794    0.780519626306764
   65    0.145147110215971    0.194035928178893    0.970197080479893
   66   -0.105643320298958    0.689680227860410    0.716366297486575
   67   -0.065122872426010   -0.262665182862476   -0.962686871832585
   68   -0.103646479851355    0.385474227211547    0.916878960043300
   69    0.093278121825769   -0.436575858926907    0.894818814839569
   70   -0.306432478073578    0.406276611696012   -0.860835902579867
   71    0.008793200316052    0.336047070873149   -0.941804144069126
   72   -0.105304992394302    0.984439969527196    0.140672687377932
   73    0.105209934935568   -0.509816115647498   -0.853825742067403
   74    0.281758660805372    0.475131866874317   -0.833583688744981
   75    0.401390939392540   -0.834768612264884   -0.376890803484158
   76    0.164180909870075    0.537521382149774    0.827112684321811
   77    0.070585866288055    0.020408939855119   -0.997296901957664
   78   -0.075115409095810   -0.731928133924356   -0.677228825498722
   79    0.534310980294388    0.544170043826954   -0.646831307017697
   80    0.250077675316546   -0.714946346024811   -0.652926396015694
   81    0.174758581970350    0.779764301139443    0.601188051025824
   82    0.174854731779996   -0.865388591085936    0.469604524246140
   83   -0.001620659116468   -0.728057895512676    0.685513730165693
   84    0.464609037070560    0.873500814303689    0.145378024760135
   85    0.326379416773491    0.173942754800035   -0.929096547383086
   86    0.226159822432951   -0.966897247834486   -0.118158566541713
   87    0.271305017525852   -0.215071060018821   -0.938156717509222
   88    0.404504140236873    0.330535692886707    0.852714815315843
   89    0.429524204345844    0.774957103081402   -0.463627486528518
   90    0.016714561067233   -0.984350565594648    0.175426872120055
   91    0.585085105894367    0.259983357429703   -0.768169299516816
   92    0.123060841126075   -0.130333934334708    0.983803382257948
   93    0.394081125028557   -0.319069912135184    0.861913254374402
   94    0.464839148450639    0.577322909442145    0.671284458557579
   95    0.521493184015254   -0.850320358439809   -0.070711717900404
   96    0.323399329409517   -0.925192854022104    0.198572547457872
   97    0.444331501835801    0.779739308753942    0.441107840397635
   98    0.530542995897472   -0.060638902294105   -0.845486281989661
   99    0.298482077657158   -0.615508852237149    0.729422581317012
  100    0.417290420460679    0.000391843004045    0.908773102292761
  101    0.596076216043135   -0.770462261080478    0.226011169897539
  102    0.426760309859861   -0.437001370442799   -0.791773604106269
  103    0.681372453871335   -0.268167602550095   -0.681041640465463
  104    0.600380637519597   -0.463072901518158    0.652001976968718
  105    0.467276925901566   -0.728948010074282    0.500286990765027
  106    0.647062806189368    0.187099150889521    0.739123557047643
  107    0.547064703700983   -0.615275984288677   -0.567587590704867
  108    0.780736863959559    0.046628711198189   -0.623117735702161
  109    0.752682608704689   -0.539416673359106    0.377489791988737
  110    0.778590673102018    0.361037547690396   -0.513272298995622
  111    0.452049337750225    0.875552185421061   -0.170469254834961
  112    0.689783235276115   -0.674621590007628   -0.262839872598500
  113    0.656773423875529   -0.151365930800052    0.738740160464996
  114    0.685745126576552    0.640998616305045   -0.344781663189223
  115    0.713538358767892    0.432921680552729    0.550855542836981
  116    0.926252246836154   -0.336335237409929    0.170104036716897
  117    0.839967655883982    0.057305489475200    0.539602092235359
  118    0.692464386944907    0.647676166394233    0.317818590233301
  119    0.895343156398468    0.288778100051756    0.339069080308019
  120    0.836714066257696   -0.256326452242317    0.483948676212033
  121    0.696231694724085    0.717282680094206   -0.027694477761829
  122    0.875159193533056    0.440167072864387   -0.200871436348148
  123    0.967873895048787   -0.030847135486516    0.249536725784737
  124    0.936550241843380    0.146823969745530   -0.318302319204983
  125    0.901939957239523   -0.151157475708277   -0.404543855561136
  126    0.863473995141758    0.491784080996055    0.112076212430637
  127    0.779761851355663   -0.437684886959981   -0.447664377516480
  128    0.979456489428459    0.201132340702969    0.014517811123707
  129    0.790598620126988   -0.611019067253382    0.040118839790158
  130    0.991690637472680   -0.100369332447311   -0.080471589105167
  131    0.905307504062593   -0.394329458570933   -0.157868936751706
   
 U =    7753.23160695071     


 http://math-lab.ru/  - см. Задача Томсона
