    225
    1   -0.097019733256495    0.024848132439647    0.994972231609054
    2   -0.996776746411943    0.026971044231461   -0.075555811063649
    3   -0.922009848545818   -0.092923925608816    0.375849681699965
    4   -0.974397652548443   -0.223658891368081   -0.022932837157350
    5   -0.825383568190158    0.196110862814439   -0.529417127459869
    6   -0.814466275029988   -0.510991178501171    0.274832134825535
    7   -0.933904431059016   -0.286891668392871    0.213344051370296
    8   -0.954272565924111   -0.147989940189031   -0.259736111327361
    9   -0.987154716339749   -0.034927828068601    0.155902574817095
   10   -0.969363159299330    0.213108440857794    0.122146869908249
   11   -0.864341046440737   -0.047496815758584   -0.500658174736543
   12   -0.897242554360240   -0.390460596129807   -0.206146359451402
   13   -0.945524582194414    0.090954118189753   -0.312586968459026
   14   -0.499546188282276   -0.208562354019858    0.840806369063855
   15   -0.844749727917831    0.500372860113292   -0.189802260378518
   16   -0.694034748683671    0.650181734633160   -0.309159310985466
   17   -0.880641011048137    0.326760455320443   -0.343072899685901
   18   -0.778071318396045   -0.610481560490388   -0.148044884378558
   19   -0.708732387325138    0.080958506081686   -0.700816754543891
   20   -0.678690448694527   -0.507726078569971    0.530653845732584
   21   -0.956399141348778    0.268365766049534   -0.115241043209294
   22   -0.888586227752501   -0.457548280982541    0.032620337498292
   23   -0.854544430202515   -0.283544887295392   -0.435150679303736
   24   -0.831533667168630   -0.340709601455516    0.438712579989580
   25   -0.743961414295174    0.476084806533852   -0.468897292621261
   26   -0.492001628412440   -0.455060094712682    0.742195868918436
   27   -0.673257049459017    0.341125337616599   -0.656017110592171
   28   -0.873898146468976    0.390306891134159    0.289762938160277
   29   -0.818382908312027    0.088200758586046    0.567864457038469
   30   -0.648719242643712   -0.671236662828724    0.358614956043842
   31   -0.892088545222252    0.449338677153531    0.047673689779174
   32   -0.923079133858987    0.153087475901873    0.352830182036821
   33   -0.548957583755255   -0.264032500678360   -0.793052589569647
   34   -0.771795898908844    0.606323891797879    0.191578779259509
   35   -0.667312552028540   -0.311627071722643    0.676448465202433
   36   -0.385877891962817    0.922541519101816   -0.003924032064851
   37   -0.764846394734324   -0.522100829339858   -0.377386693544616
   38   -0.745428625565458    0.664900768038168   -0.047361723467862
   39   -0.657728142170445    0.194889031379803    0.727607006868995
   40   -0.543072205619895   -0.031085552571350   -0.839110402691134
   41   -0.563063459380568    0.598574648558100   -0.569796394174212
   42   -0.611573663913759   -0.728141337528809   -0.309496116597377
   43   -0.804212437345248   -0.147938947951092    0.575635668889915
   44   -0.792226351655535    0.318944425399689    0.520242117911481
   45   -0.583855920363200   -0.623181925334846   -0.520342725703738
   46   -0.565924908408911    0.809189334846134   -0.157929156312685
   47   -0.483625122334583   -0.642238671352043    0.594673212837792
   48   -0.337010709168168    0.064230309005494   -0.939307324208125
   49   -0.722983616299509    0.534853687732374    0.437294206777959
   50   -0.729329292825269   -0.160381124440830   -0.665098998307837
   51   -0.506037442281178    0.761930200647828   -0.404213404466358
   52   -0.708640094987982   -0.391189551981691   -0.587196687827672
   53   -0.290922194668480    0.835545192626486   -0.466077791498419
   54   -0.277685417280131   -0.585825145881555    0.761380133364941
   55   -0.526687294019652    0.216354170296141   -0.822065305990787
   56   -0.181560817401195    0.969496062999231    0.164660418478763
   57   -0.397954904961125   -0.782545822404384   -0.478804688213084
   58   -0.662692374298362   -0.050605963700756    0.747179933807592
   59   -0.352755563621856   -0.645317754665005   -0.677590221186775
   60   -0.405210327623605    0.884631662326860    0.230719336848881
   61   -0.747965360875994   -0.657103048448299    0.093613047432480
   62   -0.115010818434199    0.174095130511196   -0.977989466801860
   63   -0.339882187517459    0.688218716930951   -0.640964192661542
   64   -0.484826379313014    0.060428705089931    0.872520345621457
   65   -0.307873883977409   -0.096296823317093    0.946541384929207
   66   -0.615185431193817    0.422829520792012    0.665403698211601
   67   -0.344747605012539   -0.184443591532968   -0.920396463694064
   68   -0.276513533481869    0.174650617430643    0.945006575444037
   69   -0.198845345537078   -0.898446759317091    0.391476626672471
   70   -0.483458753132428    0.456898925720057   -0.746666596075850
   71   -0.312424959508030    0.308170617741332   -0.898566366517984
   72   -0.595812950552113    0.797904431421257    0.091408130233073
   73   -0.334360508885460   -0.422966558663091   -0.842200890732466
   74   -0.267686612189387    0.531078404067404   -0.803927612654142
   75    0.399467258756144   -0.916481612248170    0.022076312935975
   76   -0.455749538401618    0.309731598350689    0.834481093392678
   77    0.093106046032215    0.030520506888691   -0.995188305222436
   78   -0.522611432480048   -0.481605336286508   -0.703515167357116
   79   -0.082950318886907    0.663185723091394   -0.743844030213529
   80   -0.148803142518501   -0.579684004087715   -0.801139238947546
   81   -0.608229316603569    0.724008993662326    0.325373747435192
   82   -0.442682118991603   -0.793365096212696    0.417856872190135
   83   -0.256443719996573   -0.761421801744897    0.595376736446658
   84   -0.413925105203829    0.791483301606469    0.449688993149846
   85   -0.077002193988865    0.423078375941544   -0.902815235766193
   86   -0.162499266965420   -0.774377512243528   -0.611500986726290
   87   -0.127274347211420   -0.082469429006521   -0.988433120560640
   88   -0.019908088147092    0.259063002793414    0.965655232787555
   89   -0.349576007121710    0.905773575539678   -0.239522118183081
   90   -0.606513602607924   -0.791183384991450   -0.078549991502414
   91    0.118144643444725    0.546923443955594   -0.828804313259210
   92   -0.308568589967895   -0.363039167940947    0.879197354310151
   93   -0.073480300839296   -0.483937302324110    0.872012232028788
   94   -0.210611384882556    0.404023788747942    0.890172804956212
   95   -0.195700869911161   -0.899547492574331   -0.390532300993464
   96   -0.413552360242213   -0.874090151408362   -0.254834951584358
   97   -0.532432981916026    0.623798734495784    0.572180267581351
   98    0.085912116698454   -0.229899239776258   -0.969415002852076
   99   -0.363741442560363   -0.905182123812261    0.219857876126443
  100   -0.114874711216718   -0.252259070652419    0.960816924287064
  101   -0.400624954384895   -0.916058098524667   -0.018363171062543
  102   -0.131479885681824   -0.333186807954254   -0.933648537012912
  103    0.059681894729479   -0.478602029534698   -0.876001237879701
  104    0.005589686597268   -0.959704008796647    0.280957240346979
  105   -0.571635112222343   -0.803083940519752    0.168194776832746
  106    0.173873376596399   -0.562286619331647    0.808456434590977
  107    0.033711979766847   -0.862916129529142   -0.504221435302630
  108    0.109899109876035    0.282404769669855   -0.952979397319885
  109   -0.169475115394755   -0.979447703798364    0.109363525848645
  110   -0.082003197577103    0.821991833594112   -0.563564460458358
  111    0.049989417997613    0.995925343789521    0.075058428480652
  112    0.445590235468000   -0.628971130517126   -0.637059384226919
  113   -0.020429686510905   -0.839458790683256    0.543039194399144
  114   -0.151886582611782    0.984977416075253   -0.082158114901889
  115   -0.386423994043102    0.528730529075720    0.755725164627383
  116   -0.193545042460324   -0.970127855096432   -0.146260935676712
  117   -0.042024260762523   -0.681768271333876    0.730360175331174
  118   -0.283545427316591    0.720661483475675    0.632652366535122
  119   -0.134674505542680    0.609668402761899    0.781132009477648
  120    0.207828719599416   -0.965379163128787    0.157639762453611
  121   -0.200616739603036    0.890282250102152    0.408840358751551
  122    0.234803736556479    0.942698748310307    0.237036442838009
  123    0.194659425888054   -0.739243810192981    0.644690853823984
  124   -0.110813622679541    0.940148467080986   -0.322244008282400
  125    0.283574726350078   -0.367889438755981   -0.885574805099652
  126    0.015067461526238    0.943571602087430    0.330825638875398
  127    0.052268507941266   -0.693867818686435   -0.718202933208242
  128    0.090253722986123    0.980911707175433   -0.172239624399620
  129    0.248458988861826   -0.893474629265082   -0.374127274752032
  130    0.246414175660707   -0.768267615407020   -0.590800241325497
  131    0.540297992201733   -0.434339463528580   -0.720713056662970
  132    0.018845018134642   -0.962001702529989   -0.272392345011581
  133    0.135487495043549   -0.356878931072612    0.924272993894820
  134    0.168927969828617    0.094206452170697    0.981115938805905
  135    0.304950431536444    0.391595508947458   -0.868134892558707
  136    0.109421224907394    0.902167164664780   -0.417278567075375
  137    0.296723779448305   -0.106124431037956   -0.949048262127266
  138    0.228009977894562   -0.964067979458136   -0.136324542779459
  139   -0.060219483392848    0.806466969307979    0.588204591307398
  140    0.134641014753297    0.751256570862897   -0.646131071750557
  141    0.371577076650553   -0.374888939790312    0.849346077244561
  142    0.317503964091077    0.812104606722868   -0.489568524852189
  143    0.318260817256750    0.142373060587746   -0.937251281043640
  144    0.185198870945234   -0.882195826626197    0.432934061588981
  145    0.029966920248572   -0.999502336581262   -0.009852048488182
  146    0.452001072043831   -0.864664014122737   -0.219205779012285
  147    0.287795663723732    0.957622553340654   -0.011519603949026
  148    0.497594724204459    0.675090481715840   -0.544657995388448
  149    0.322711742114406    0.623694255412444   -0.711942839887446
  150    0.474357911898358   -0.247666965524326   -0.844775500122608
  151    0.403478627630000   -0.574728823842429    0.711963324961693
  152    0.519751632823507    0.228753632147177   -0.823122114850994
  153    0.380276225407488   -0.870517934224190    0.312391610937109
  154    0.085440513319113   -0.128669882752415    0.987999989856400
  155    0.270062517418314   -0.571796841489878   -0.774670645337670
  156    0.461590810693804    0.873034436784123    0.157304785915961
  157    0.517652626919617   -0.009617255451559   -0.855536829272007
  158    0.313975778241435   -0.148934866401148    0.937676712010999
  159    0.157804191573720    0.849531517688091    0.503382595623183
  160    0.622497392539605   -0.780001871869995   -0.063984968240177
  161    0.242703202388817    0.310770875702204    0.918975852982818
  162    0.406512563173837   -0.743793380181731    0.530583587740586
  163    0.050747397400294    0.474591401049458    0.878742114449404
  164    0.641869133750438   -0.573020990144761   -0.509559574526845
  165    0.092933853910422    0.678539707569068    0.728661213493239
  166    0.404264531080916    0.081913889856449    0.910966686305549
  167    0.289421216141020    0.519300721403024    0.804090865759431
  168    0.582034921422778   -0.362253787952905    0.728016169709268
  169    0.308751411361588    0.705487708259812    0.637933898986835
  170    0.553631391700571   -0.815622394422876    0.168084478282748
  171    0.526653414855548   -0.143578219993733    0.837867218218031
  172    0.604277312536904   -0.553060950830030    0.573561255856913
  173    0.471867332895605    0.301073229830103    0.828671304212749
  174    0.758067254273452   -0.347382379848282    0.551959708827785
  175    0.507507105996125    0.501499957703368    0.700667060583668
  176    0.463677687637327   -0.768693640868253   -0.440582669286947
  177    0.594612810003519   -0.706728422082830    0.383367374198734
  178    0.376068049816045    0.835196979377901    0.401271513498762
  179    0.513764626150027    0.673227609623780    0.531799299131895
  180    0.522897910655282    0.789879128801318   -0.320419626297160
  181    0.494136271875613    0.456797033570993   -0.739706573539543
  182    0.653162044597894   -0.697940495989317   -0.293697816734965
  183    0.316675219411393    0.913348883378643   -0.255950430047955
  184    0.669895262325068   -0.200119423220290   -0.714977310104598
  185    0.509567613381530    0.856253687597050   -0.084678626991140
  186    0.801587355203543   -0.497080437224143   -0.332217926829429
  187    0.697113475305995    0.278939120874029   -0.660473897586287
  188    0.791605894252042   -0.603755387844499   -0.094018827019716
  189    0.705336274359205    0.043707594837483   -0.707524124130478
  190    0.696861317794778    0.617660911692419   -0.364526133395968
  191    0.764514719744727   -0.527698195716631    0.370205156002795
  192    0.702519413164096    0.697768275827272   -0.139949660151820
  193    0.598578000626488    0.734288751549545    0.320194326173664
  194    0.651103142449048    0.499194232836566   -0.571725297494948
  195    0.909249671465245   -0.395311939921545   -0.130359138904065
  196    0.689712547111854    0.515385326609013    0.508600597200396
  197    0.846613332697380    0.492039401780952   -0.202837600050084
  198    0.747229226996027   -0.363207552235754   -0.556532798963216
  199    0.889627639285430   -0.269646312353753   -0.368583138048197
  200    0.617611459933133    0.090409940758228    0.781269561144780
  201    0.770541174882137    0.569790257923326    0.285666518491272
  202    0.830613884433679   -0.109925695289052   -0.545890938284574
  203    0.846228493742817    0.145188846877093   -0.512657327188702
  204    0.731848091306368   -0.663895253078036    0.153757810181061
  205    0.810950168725793    0.388135316906459   -0.437847918361536
  206    0.669483664314901    0.737158842919802    0.091588555620400
  207    0.831848687907027    0.553409185046548    0.042024211277237
  208    0.939835197908874    0.340489909884338   -0.027864350675066
  209    0.673949222428262    0.312912969424634    0.669236818438883
  210    0.896653186702654    0.378310955988696    0.229986702561026
  211    0.938788086649803   -0.004190919022774   -0.344469685984335
  212    0.791084042585280    0.103588109562147    0.602872740405695
  213    0.712349864102213   -0.133166779991174    0.689074944995348
  214    0.886327185323541   -0.320796582353450    0.333936630675334
  215    0.824249313664662    0.329970088755868    0.460144335453321
  216    0.867593790143098   -0.481119323470559    0.125718780969135
  217    0.858120047175970   -0.117238155735907    0.499885186292166
  218    0.957922709197529   -0.273625400530306    0.086678852024561
  219    0.955250804386372   -0.089078908217642    0.282065327238111
  220    0.913539736722272    0.124982070501652    0.387071868627160
  221    0.923680526253981    0.256946197325906   -0.284240984199896
  222    0.973410575379143    0.169605297981103    0.153967186883399
  223    0.973234108685062   -0.161924212201369   -0.163082553312607
  224    0.997651508235284   -0.044387984035055    0.052164882719762
  225    0.986734661672623    0.110007483766216   -0.119386184163999
   
 U =    23449.7518435755     


 http://math-lab.ru/  - см. Задача Томсона
