    118
    1   -0.156916092539823    0.079379492955889    0.984416698354970
    2   -0.995518291241415    0.042722586543423   -0.084368906611454
    3   -0.857678142679552   -0.026593305571768    0.513498782538499
    4   -0.875591062148361   -0.474014793469150    0.093006814042323
    5   -0.729457241581905    0.405452506696696   -0.550908701616778
    6   -0.822744431037361   -0.370595167887402    0.430988193266959
    7   -0.966760017974616   -0.170217222175909    0.190790893180041
    8   -0.947652019527164   -0.262665596435506   -0.181555595714558
    9   -0.956524105376606    0.158669350419608    0.244715494137381
   10   -0.848561308228776    0.470089437620828    0.242816034920272
   11   -0.880565246512793   -0.099173286026261   -0.463432310022314
   12   -0.798462255911186   -0.561562532261070   -0.217038126249179
   13   -0.908052861714887    0.212055547509088   -0.361209696854923
   14   -0.087034570401043   -0.237556553575295    0.967466726770763
   15   -0.519911594133565    0.829665734505760   -0.203338887752722
   16   -0.274769128133373    0.851682422166775   -0.446249905318714
   17   -0.764797515932097    0.584126342242796   -0.271810919431407
   18   -0.627053719822599   -0.777320589528451   -0.050757596000818
   19   -0.715641719513715    0.112254926504139   -0.689387960996566
   20   -0.584232261356201   -0.542806491180619    0.603352117691488
   21   -0.923272516431989    0.378775783250121   -0.064005987412118
   22   -0.691694724337856   -0.669657306499064    0.270402478123991
   23   -0.758464186992352   -0.414963155217466   -0.502531249637269
   24   -0.666213727296486   -0.226311780626287    0.710592884506651
   25   -0.527579204209255    0.664529511618373   -0.529207626054440
   26   -0.436918876941767   -0.793932742367534    0.422815202622508
   27   -0.481845792346121    0.395339781151771   -0.782004533130857
   28   -0.713833616592248    0.699077846370050    0.041614090611762
   29   -0.641084240318885    0.133722715391133    0.755730925795140
   30   -0.389111249298256   -0.913646651383546    0.117653015622986
   31   -0.457264796579183    0.871428552427609    0.177542062124219
   32   -0.783343428907966    0.321847990563573    0.531777155730575
   33   -0.171595732657506   -0.574718327106062   -0.800158577422090
   34   -0.136421297054812    0.954342618407296    0.265743102264930
   35   -0.367736694071267   -0.409750604499006    0.834789893294255
   36    0.315127055653033    0.892823810304675   -0.321808300931613
   37   -0.563182915892653   -0.716153084730638   -0.412249636115595
   38   -0.246326286616778    0.966609188106501   -0.070640200945915
   39   -0.534134089885381    0.508036233503810    0.675721806270582
   40   -0.648173965886365   -0.204033892929999   -0.733648880925318
   41   -0.240680909282985    0.640585618140853   -0.729193229355441
   42   -0.343358746298968   -0.908868966558074   -0.236774096910241
   43   -0.427921418637625   -0.083039445186401    0.899993172204266
   44   -0.633828887624595    0.663020936601727    0.398326723733592
   45   -0.013796152169716   -0.929577385571225   -0.368368769604423
   46   -0.002203715813715    0.950018709378165   -0.312185194184570
   47   -0.132816945809330   -0.922849294501445    0.361536773432616
   48   -0.369009342307195   -0.262765500692917   -0.891507934308838
   49   -0.347674083633202    0.786632168403996    0.510227952195723
   50   -0.489376826445054   -0.530656084639207   -0.692036445264232
   51    0.054798533375048    0.794640352386214   -0.604602208976660
   52   -0.259468273614201   -0.789339148521857   -0.556435012915665
   53    0.376261628110270    0.706288110552367   -0.599653476688143
   54   -0.254309819323713   -0.696256635117767    0.671232607856639
   55   -0.441140081948023    0.074059841797806   -0.894377195556649
   56    0.432321832958513    0.901664152766607    0.009979396929084
   57    0.218755975018231   -0.968141653299336   -0.121850574642268
   58   -0.372053501859228    0.306474837391483    0.876156016814442
   59    0.318388078808410   -0.831982568423504   -0.454350126127548
   60    0.211285252762316    0.932634656157699    0.292491264995684
   61   -0.095530269868640   -0.995329970028851   -0.013864281488496
   62   -0.120689077199793    0.016694640265687   -0.992549966314574
   63    0.076460051180131    0.550801546935290   -0.831126654889147
   64   -0.206878621209594    0.601871994558201    0.771330887656491
   65    0.177062669147025    0.045248135544122    0.983158897342801
   66   -0.021751884663312    0.824244832497129    0.565815616270331
   67   -0.052628139369691   -0.309221663745267   -0.949532643786981
   68   -0.005913210425018    0.363020551446035    0.931762369475333
   69   -0.023859516878307   -0.533286892192223    0.845597903302920
   70   -0.180475246924156    0.341588839902464   -0.922358796619707
   71    0.154003568530963    0.225479254360329   -0.961998963997799
   72    0.101855316486075    0.994774830591753   -0.006966414046777
   73    0.209168700856085   -0.485137029527014   -0.849052717541074
   74    0.382236240541034    0.443919831510247   -0.810450886611256
   75    0.658270233126413   -0.636193387183745   -0.402415549256451
   76    0.155424970765782    0.600976849193377    0.784008868059576
   77    0.218476480804408   -0.129745655380532   -0.967178418000111
   78    0.085213397159098   -0.743602868584517   -0.663169247460619
   79    0.603242915111436    0.751042643002230   -0.268389518722473
   80    0.454113554948884   -0.595804346525294   -0.662418342041685
   81    0.315382176867607    0.770205647086918    0.554362105225161
   82    0.356663812723177   -0.817032546786260    0.453043863423536
   83    0.063053100094364   -0.797796325142535    0.599620988756696
   84    0.545302288734761    0.774963242183641    0.319495519788387
   85    0.457793828473222    0.071862970980952   -0.886149267343612
   86    0.514064420158789   -0.837094340029852   -0.187111832380519
   87    0.498154855959785   -0.282255140916990   -0.819862046267307
   88    0.349330526889906    0.326810686229848    0.878158845738512
   89    0.716026191246416    0.696373403159332    0.048688569720627
   90    0.157917628686706   -0.961741604964966    0.223864038714079
   91    0.657784849065257    0.545030516361346   -0.519866164099071
   92    0.252092591887283   -0.281415364640772    0.925880509385338
   93    0.555467383536950   -0.314525093524780    0.769759671176558
   94    0.517839257501137    0.543637631361812    0.660530566407029
   95    0.755284761098519   -0.653598995761189   -0.048510642052213
   96    0.477829123307343   -0.867514975136299    0.138192245924300
   97    0.745001030183901    0.523915183655268    0.412899921724857
   98    0.641892461192195    0.280110903939843   -0.713801057549392
   99    0.287547943796330   -0.581917469887724    0.760715609316630
  100    0.492287211308134    0.000583579084841    0.870432628649634
  101    0.694318872354000   -0.661446006274003    0.283567424569962
  102    0.733423699770008   -0.363380067737152   -0.574495085259235
  103    0.728297704848211   -0.049021775290708   -0.683505170909611
  104    0.787176527989522   -0.379685910115275    0.485995600229361
  105    0.556603868130435   -0.595082884136163    0.579714149379177
  106    0.657753666903077    0.254779328999976    0.708835387935647
  107    0.877840104165523   -0.409986577478025   -0.247604034309861
  108    0.851509747684109    0.233432933699573   -0.469510612301103
  109    0.900133282826096   -0.412495735910194    0.140026215419195
  110    0.840309428919508    0.494596680937193   -0.221932843164057
  111    0.893307102418808    0.432980201923265    0.120542795349210
  112    0.912920609321556   -0.102392237938209   -0.395084536126085
  113    0.763719733810835   -0.066692295984699    0.642093689304136
  114    0.968675101579539    0.179752088446912   -0.171340988321076
  115    0.865969911072724    0.215588550915473    0.451240168680565
  116    0.986599978229649   -0.154424788030734   -0.052663723747188
  117    0.932603542090991   -0.129927797752310    0.336703728299185
  118    0.981024960288701    0.123868061147693    0.149153379841238
   
 U =    6254.94060275109     


 http://math-lab.ru/  - см. Задача Томсона
