     32
    1   -0.329157646330127   -0.073048870803798    0.941445222164679
    2   -0.769340604644856    0.196735090801390   -0.607791360659278
    3   -0.783003025775204    0.305802401431185    0.541655935909315
    4   -0.994404780808745   -0.105621296773362   -0.001809301695355
    5   -0.307035439981743   -0.249414130327351   -0.918434445231814
    6   -0.764579992672766   -0.334713606222072    0.550803264890768
    7   -0.853931478069315    0.517003765322878   -0.059229531522045
    8   -0.752119477581225   -0.434038137656093   -0.495910462183422
    9   -0.427287400136617    0.862363432383490    0.271578327876613
   10   -0.248146118359474    0.546671195131405    0.799733773425086
   11   -0.246380773205200   -0.827525543172921   -0.504477938061884
   12   -0.671221358469529   -0.738653545469222    0.062071150304053
   13   -0.418807977646460    0.795032210205442   -0.438775184571248
   14    0.227962593282673   -0.386178504434367    0.893811623764579
   15    0.260050360763857    0.718583305465464   -0.644989800673558
   16    0.248187000656428   -0.546601285098360   -0.799768871508505
   17    0.083506301418960    0.992156872906636   -0.093013102127874
   18   -0.083448456168087   -0.992160578755531    0.093025486435994
   19   -0.228047306825258    0.386097346219744   -0.893825075219877
   20   -0.260119777161209   -0.718578147503471    0.644967555354595
   21    0.246434045203287    0.827497647629967    0.504497675447188
   22    0.418848221378010   -0.795028234409996    0.438743973108921
   23    0.427299547972443   -0.862339508195930   -0.271635176122215
   24    0.307023286687168    0.249313869128218    0.918465729405364
   25    0.329133633837581    0.073144015989171   -0.941446230010958
   26    0.769310496857566   -0.196824347693325    0.607800572210871
   27    0.783014707117706   -0.305707722098469   -0.541692493105395
   28    0.671245780039326    0.738635980739753   -0.062016052244723
   29    0.752115934158564    0.433966174815672    0.495978810737560
   30    0.853941000359294   -0.516997707199689    0.059145064507807
   31    0.764565973485897    0.334798534669511   -0.550771107966559
   32    0.994403948021975    0.105628492618303    0.001846538787565
   
 U =    412.261274719355     


 http://math-lab.ru/  - см. Задача Томсона
