    287
    1   -0.057772365954407    0.007740925866602    0.998299770509218
    2   -0.962592643860599   -0.163539807707728   -0.216032713449566
    3   -0.979987022308144   -0.098566148546187    0.172945513004497
    4   -0.919267978834114   -0.381428410438544   -0.097256109322594
    5   -0.802208218120658   -0.075307536777681   -0.592275906722667
    6   -0.837670588141147   -0.462989439871626    0.289739131514233
    7   -0.929434678554059   -0.342510579940888    0.137250431437099
    8   -0.885511913786890   -0.346535434978596   -0.309486417869468
    9   -0.980016463783056   -0.198633033846793   -0.010613603486702
   10   -0.998901656617203    0.009575493523031   -0.045867094209221
   11   -0.809195215630436   -0.299155006177855   -0.505677155188506
   12   -0.819465287388740   -0.545050402339108   -0.177191144459498
   13   -0.903307091682123   -0.122427288829689   -0.411154298368140
   14   -0.599252132479562   -0.117243458896007    0.791928565632531
   15   -0.920454698477832    0.265780982292051   -0.286572185499492
   16   -0.829589592601418    0.465453602118619   -0.308438084746705
   17   -0.885429105580510    0.096245881369291   -0.454699933264066
   18   -0.728234034211746   -0.684966258214660   -0.022280406708435
   19   -0.691252261234077   -0.241435989372927   -0.681086612975392
   20   -0.799617646918658   -0.358443325668732    0.481798714215602
   21   -0.964690753719831    0.054496283182125   -0.257685670549991
   22   -0.846964976362693   -0.528299056576234    0.059585532099697
   23   -0.767361397668563   -0.507750233598102   -0.391594414731903
   24   -0.913598541915133   -0.241896084647121    0.326839392428353
   25   -0.822997051452337    0.304765879737789   -0.479367929515953
   26   -0.544845924190717   -0.319755120635087    0.775177129255246
   27   -0.761545199938629    0.140299998808666   -0.632743880874972
   28   -0.935906938699640    0.334620308889774    0.110033862844036
   29   -0.937929865337996    0.007016742034600    0.346753994985304
   30   -0.705233137293214   -0.561842314798196    0.432411187836041
   31   -0.973236488351840    0.216515916855516   -0.077016851979252
   32   -0.982208785320898    0.122343810311518    0.142470678095200
   33   -0.537155945569262   -0.388862249060308   -0.748498257443096
   34   -0.842827076345343    0.532581502511223    0.077456197699406
   35   -0.720596265688241   -0.241782902473826    0.649832324486475
   36   -0.628404627433748    0.760298908361524   -0.164478552292168
   37   -0.683230339463270   -0.683695776938513   -0.256430083713568
   38   -0.902799641159702    0.417176152896996   -0.104483804371658
   39   -0.854857849425178    0.119616550820363    0.504886064420479
   40   -0.535852572745012   -0.179740579851410   -0.824957783306049
   41   -0.714226949531718    0.498220882191842   -0.491585004969232
   42   -0.575999891029722   -0.810438363226695   -0.106835316933039
   43   -0.857142074314512   -0.132893509424246    0.497641215729489
   44   -0.918605511091050    0.232573883127317    0.319489129518099
   45   -0.510360348459619   -0.793131477879828   -0.332377456390074
   46   -0.786389323993541    0.602483473397106   -0.136401962567776
   47   -0.644680419417951   -0.450835346448588    0.617361034737111
   48   -0.479539417643190    0.042563794700438   -0.876487461580101
   49   -0.850298970921545    0.441090114666819    0.287108291055786
   50   -0.673584491501494   -0.452716075711566   -0.584236328552918
   51   -0.685421760477342    0.645616275605611   -0.336714470935362
   52   -0.609697743694698   -0.641943798891463   -0.464948191090568
   53   -0.542757180840954    0.668251066898556   -0.508778099208802
   54   -0.353146945973118   -0.339066999143021    0.871963763376670
   55   -0.659603749684745   -0.016273681539082   -0.751437329849262
   56   -0.538282298051243    0.842745670237918    0.005648265213006
   57   -0.391164241327978   -0.899646091495683   -0.193977953290700
   58   -0.763030720183779   -0.020271506609849    0.646044260152190
   59   -0.408490819593984   -0.753206860664100   -0.515572182488511
   60   -0.595768849761716    0.770612135992296    0.226310436160141
   61   -0.735998794207514   -0.642116451320620    0.214458009569472
   62   -0.476700927355874    0.392448952272216   -0.786600308745483
   63   -0.373142970639262    0.601020639971711   -0.706780385827523
   64   -0.633263496141406    0.090356305087663    0.768643664246098
   65   -0.460175243413701    0.074994629150533    0.884655046302069
   66   -0.806482554758443    0.347069540581169    0.478673816780354
   67   -0.349565342686145   -0.120607513948194   -0.929116730433778
   68   -0.356979548937283    0.269751265211368    0.894315300415575
   69   -0.337735052661556   -0.678965123729415    0.651875290958935
   70   -0.679341142780697    0.340488904868308   -0.650048396188312
   71   -0.589266861958015    0.199066859651325   -0.783030619316201
   72   -0.709583028823780    0.703113396839941    0.046081193446681
   73   -0.357401379097193   -0.320244647402358   -0.877329823971329
   74   -0.557742031666559    0.520502797453845   -0.646529708486146
   75    0.191820482104413   -0.935072411811446    0.298067923994440
   76   -0.730531753640822    0.230683950654076    0.642734993471721
   77   -0.162685281383688    0.278377490700153   -0.946593614965047
   78   -0.499396715227535   -0.582975624481481   -0.640891833370012
   79   -0.135690802697972    0.600668820263308   -0.787899088987077
   80   -0.347201662667772   -0.505559543819693   -0.789848436786171
   81   -0.738948413644063    0.620659993637310    0.262176303793949
   82   -0.534668673377127   -0.637627275094771    0.554581705219673
   83   -0.457844535289359   -0.510410951724593    0.727914172045899
   84   -0.568234373719558    0.702208151700846    0.428967840529362
   85   -0.275411746831986    0.448852512740182   -0.850105753135325
   86   -0.284893880806697   -0.879496855733310   -0.381209597772828
   87   -0.377746150384412    0.241371391534120   -0.893894679041463
   88   -0.148871534169726    0.241508502541436    0.958911314728398
   89   -0.500207516277751    0.797425791670497   -0.337497477676390
   90   -0.601802038166712   -0.787953022028644    0.130247233883559
   91    0.088476279950770    0.612774341873256   -0.785289471359365
   92   -0.413470326443958   -0.136124743667906    0.900284590177836
   93   -0.209426049050404   -0.153428989619006    0.965712314886596
   94   -0.548043154727296    0.284088429125034    0.786728965396485
   95   -0.250604907450939   -0.966347631694475   -0.058046835227982
   96   -0.438557389517761   -0.897818141546576    0.039874814221747
   97   -0.704966770051597    0.538745160035940    0.461275953915731
   98   -0.047886071409322    0.086361554846921   -0.995112358484912
   99   -0.391638226179467   -0.790773223414492    0.470422372900837
  100   -0.265742800357182    0.058729946050236    0.962253374894190
  101   -0.434484992728115   -0.860185326261553    0.267028080130826
  102   -0.259336544384664    0.073874280989040   -0.962957500284916
  103   -0.147542334750375   -0.133236049260262   -0.980040516832812
  104   -0.174890096584346   -0.811547997941421    0.557497355288785
  105   -0.584210422792634   -0.729757048978575    0.355179998545150
  106   -0.036465223263511   -0.512177519684204    0.858105165945573
  107   -0.142688039171620   -0.960201481292122   -0.240110888553130
  108   -0.038144353983537    0.445877144487055   -0.894281040995083
  109   -0.221261659162164   -0.901079445736869    0.372959931702244
  110   -0.217963766806070    0.729340816375958   -0.648501171878479
  111   -0.187174791241168    0.969709586364968   -0.156936024021601
  112   -0.141384253340538   -0.527060180890987   -0.837984521710574
  113   -0.257246426750660   -0.524497307298852    0.811619892905706
  114   -0.415377849021286    0.894238280450478   -0.166730741974664
  115   -0.640632345901768    0.428321740998952    0.637283832818647
  116   -0.262095234302346   -0.949878720935713    0.170401008417003
  117   -0.141416915576078   -0.349757313343328    0.926105327569065
  118   -0.514851877115612    0.602517364792132    0.609836346698420
  119   -0.444598568700131    0.464011514192739    0.766175846269220
  120    0.009961082648140   -0.897310391578849    0.441287704334813
  121   -0.425777252783706    0.887142819208242    0.178020643014265
  122   -0.101454203193571    0.992537880553007    0.067643183852491
  123    0.084170490988275   -0.647036639577005    0.757798730199312
  124   -0.364784743813974    0.776168230429605   -0.514290743405274
  125    0.056480076058984   -0.107585008390539   -0.992590281525050
  126   -0.309707991141297    0.950721176834778    0.014498418572953
  127   -0.293694509058559   -0.674546335476466   -0.677296668118280
  128   -0.284370558384120    0.895449560238437   -0.342495942447634
  129    0.030940603121778   -0.992496208070942   -0.118296052526120
  130   -0.175219648360627   -0.815878611493362   -0.551035539812127
  131    0.057324836477934   -0.315506728362040   -0.947190248831279
  132   -0.078915380601324   -0.995386955767524    0.054563458398543
  133    0.125260679020454   -0.386475255916295    0.913754145739306
  134    0.056378731747306    0.186378828444257    0.980858996448680
  135    0.182605388535989    0.438112368052771   -0.880177723551791
  136   -0.135242032753522    0.858752773318659   -0.494219856839248
  137    0.184188413818669    0.062008436301345   -0.980933016083374
  138    0.137614845847956   -0.985907182089740    0.095127191202683
  139   -0.401575008079562    0.834192053732243    0.377969747963885
  140   -0.002914849549270    0.757560715537859   -0.652758198666147
  141    0.154512029755267   -0.050704786963540    0.986688936413037
  142    0.089387833646887    0.872491743764495   -0.480383151514192
  143    0.071231919508246    0.263203818822830   -0.962106939690308
  144   -0.129983402602859   -0.679477415248545    0.722090546410171
  145   -0.035411595207054   -0.966098711686331    0.255732864925303
  146    0.137431119210873   -0.948672781955096   -0.284837919262913
  147    0.030227094518639    0.993738903211837   -0.107560750277678
  148    0.302790793862776    0.845096216111727   -0.440601998027234
  149    0.211174909388656    0.749153149451097   -0.627833350748584
  150    0.251099168835454   -0.181382998575503   -0.950815131998804
  151    0.245425668216316   -0.532789196534524    0.809877715113011
  152    0.388702945523979    0.401836259733451   -0.829118592545369
  153    0.049811098122528   -0.790657580857073    0.610229009747217
  154    0.016972714279169   -0.211572133071895    0.977215001664120
  155   -0.151928927937213   -0.339525884657160   -0.928245535676645
  156    0.107722311803255    0.987237560348724    0.117294087559696
  157    0.379260913453734   -0.011661264438281   -0.925216285220888
  158    0.261961803159739    0.122766232297183    0.957237935882637
  159   -0.230046991995906    0.942591208837707    0.242074770464633
  160    0.256366252394170   -0.962822041169925   -0.085147293971960
  161   -0.042441013894978    0.422432957833819    0.905399998053533
  162    0.268376903973204   -0.709067091513080    0.652071849681413
  163   -0.245414858691966    0.449256001633217    0.859034686220374
  164   -0.086833890682535   -0.691770082862359   -0.716877972799792
  165   -0.356833890226513    0.747219161313741    0.560654171260146
  166    0.154424485728030    0.365286096923003    0.917997355988780
  167   -0.301574673040043    0.621771863888810    0.722808733937980
  168    0.382305497966421   -0.386706161004681    0.839226340903137
  169   -0.191856912967255    0.873612770259313    0.447204262710592
  170    0.439550050990059   -0.734275453214243    0.517334815648101
  171    0.267318255715145   -0.230767023774242    0.935568025800257
  172    0.434394766363016   -0.574734640069072    0.693528139631763
  173   -0.093501522241366    0.611004440079227    0.786085898322834
  174    0.504520850190042   -0.219159462969163    0.835121453151927
  175   -0.142166777979598    0.763486370514752    0.629981880118080
  176   -0.032987455171458   -0.910927714862227   -0.411245092490102
  177    0.598113942949411   -0.584219094395606    0.548587058718201
  178   -0.026876727162343    0.955279157771774    0.294481531278096
  179    0.020592639063789    0.867123679379494    0.497667025103891
  180    0.171201572394649    0.944527221337093   -0.280282624796525
  181    0.304175409980709    0.590775470026744   -0.747302926514909
  182    0.054217524417403   -0.812346128184127   -0.580649832575801
  183   -0.046886960053172    0.947242254086722   -0.317070536394788
  184    0.261298390583381   -0.395326017950511   -0.880590989398556
  185    0.240096142463069    0.968660515584418   -0.063644700659860
  186    0.118238993749143   -0.668041563581098   -0.734670000534466
  187    0.506862619969682    0.532314501845247   -0.678035069596490
  188    0.221525030871622   -0.863930785404241   -0.452272328059255
  189    0.292085897841903    0.235222298622216   -0.927014723999986
  190    0.379209157939402    0.895018192118887   -0.234825148378805
  191    0.568375545867074   -0.408510467765340    0.714190756441476
  192    0.439903978489691    0.897770789701693   -0.022183301542844
  193    0.178449110471568    0.924595039686970    0.336570835869890
  194    0.418052524200985    0.703592950343340   -0.574620785593716
  195    0.284927561167766   -0.738093807103549   -0.611583041624257
  196    0.231346663827109    0.815881235369149    0.529921249723558
  197    0.505586043383191    0.775217332410130   -0.378709440425046
  198    0.068775926588916   -0.506861644150068   -0.859279433951102
  199    0.432008675573536   -0.258489054311196   -0.864032356471968
  200    0.115645857855740    0.569012956843068    0.814156183115696
  201    0.379983063424574    0.848407697429434    0.368533920355998
  202    0.553882620071467   -0.089652000948212   -0.827753925939798
  203    0.481755389758791    0.162181784484689   -0.861167122700186
  204    0.722387718777910   -0.402830065068177    0.562035517059211
  205    0.611395788735486    0.622128391422346   -0.489031138172977
  206    0.312444393953353    0.936584794287114    0.158705462405322
  207    0.736563532648439    0.658004628241934    0.156537764084727
  208    0.507365649051667    0.840057673493899    0.192050002255657
  209    0.070611968516041    0.735731572846360    0.673582216673890
  210    0.619307914070473    0.580644930164747    0.528497088585789
  211    0.473006695596088   -0.450237107676969   -0.757331639898894
  212    0.284127552157737    0.671447757108303    0.684419055534752
  213    0.390106702114631   -0.055576486186678    0.919090863379888
  214    0.842343568428708   -0.369902218367129    0.391956198539923
  215    0.443609985810423    0.719610814919638    0.534200763327769
  216    0.236472919803547   -0.842205739672877    0.484530752648011
  217    0.350048397981431    0.296528177939060    0.888559035044253
  218    0.733119277189078   -0.563528983224607    0.380750850924335
  219    0.318113732791477    0.493982692050446    0.809187711822212
  220    0.481554619742834    0.549012214936490    0.683147667825093
  221    0.577328872581007    0.797417890294850   -0.175545097117676
  222    0.519787489391197    0.351328248373468    0.778710105088682
  223    0.302063857443651   -0.569633851134947   -0.764378637631528
  224    0.486706682961805    0.130933354013433    0.863697320574234
  225    0.783851764777410    0.411625613477017    0.464909416107063
  226    0.403232822046297   -0.853206937971715    0.330819002207414
  227    0.358453078143757   -0.894362441246020   -0.267632610975802
  228    0.587770030948628   -0.726430887730874    0.356124354782404
  229    0.552654856888936   -0.794608290910914   -0.251336971360576
  230    0.433699633271951   -0.783316479689986   -0.445331248337530
  231    0.665961456800961    0.388807707321402    0.636650535838161
  232    0.684339956762179   -0.220300175752731    0.695087516894136
  233    0.697124787052287    0.655960596604159   -0.289366077797692
  234    0.568563168569202    0.328195532953821   -0.754336539944676
  235    0.605216809906679   -0.034859003674625    0.795297090947273
  236    0.348189657060582   -0.928673187209016    0.127789178239327
  237    0.540462149913572   -0.827390483696835    0.152727378026067
  238    0.460336603592159   -0.885656618244808   -0.060848713646274
  239    0.614951543805650   -0.292711532111684   -0.732225755993244
  240    0.638237159188186   -0.768727298000754   -0.041372333024062
  241    0.684159163718448    0.442862568380141   -0.579481651329720
  242    0.473290586432429   -0.631431207102179   -0.614239897346251
  243    0.581822035843088    0.733854246281675    0.350629525028568
  244    0.784841475915011   -0.619282889308031   -0.022639803308432
  245    0.633108630728226   -0.489824259058809   -0.599371051131867
  246    0.650337592277597    0.080386544391943   -0.755380049744035
  247    0.796244122232808    0.206383406244242    0.568683732347541
  248    0.658775635181416    0.176845039105625    0.731259526184139
  249    0.824630716620865   -0.193128070145935    0.531681981758895
  250    0.730218740938785    0.587855032243581    0.348148030940393
  251    0.611301353377562   -0.660822021795184   -0.435459425055064
  252    0.716083727284335   -0.657015657890592   -0.235700065348245
  253    0.705084696777797   -0.687487506856394    0.173828933972859
  254    0.863673880672264    0.502085325768507    0.044471940506847
  255    0.622730392394970    0.781608377420131    0.035988925161453
  256    0.763688630921824   -0.009178289729356    0.645519507062640
  257    0.724502651513404    0.242381787759744   -0.645249546231873
  258    0.751442059819871    0.655299776404219   -0.076922258015799
  259    0.759568412472470   -0.317455373606989   -0.567695263801010
  260    0.883492701329946    0.029870321817967    0.467491615508991
  261    0.944639591373700    0.322661401318275   -0.059545465895028
  262    0.756951926717497   -0.504532877533957   -0.415295504581948
  263    0.926213274051723   -0.146758011068759    0.347262231112930
  264    0.727611966015145   -0.116568901103965   -0.676012217498316
  265    0.813924946169495    0.061616886592721   -0.577693293443506
  266    0.861055077139276   -0.128917851513618   -0.491898710807203
  267    0.856827441194351    0.451174513228638    0.249576230096626
  268    0.892790481315540    0.251587631124686    0.373669399787345
  269    0.783516069850359    0.484392605047014   -0.389186809208657
  270    0.834827946831088    0.283989409923172   -0.471606100725255
  271    0.848923221665939    0.496779789565606   -0.180386264431289
  272    0.846484033076063   -0.487848996211093   -0.213232592825562
  273    0.833768719901364   -0.516297433698369    0.195618715031359
  274    0.960011505124874    0.083385296336994    0.267254190580177
  275    0.908520436187484    0.312391850545506   -0.277492249878188
  276    0.939071182202469   -0.287982598047864   -0.187646843774309
  277    0.945131889253252    0.287843854554450    0.154504457255497
  278    0.896147796516949   -0.443751509979371   -0.001929815754371
  279    0.915905421917992    0.094519436331225   -0.390106824160836
  280    0.974265163747988    0.128997252003346   -0.184843446415317
  281    0.867850177768588   -0.319219985987085   -0.380702862470766
  282    0.925358637970775   -0.317053709381615    0.207818036994459
  283    0.992590022655154    0.115530642402020    0.037652590768986
  284    0.949077109151912   -0.097941254910813   -0.299433050063524
  285    0.993627203135911   -0.063672542512473   -0.093009615192755
  286    0.969049737859596   -0.246430840919845    0.014643981623384
  287    0.985783319644501   -0.083506352860920    0.145801014202698
   
 U =    38500.6244465784     


 http://math-lab.ru/  - см. Задача Томсона
