     30
    1   -0.301232270710168    0.029158165536411    0.953104884294141
    2   -0.776625783905129    0.117558686391818   -0.618896071265260
    3   -0.721573310207162    0.379223365002958    0.579242261435154
    4   -0.981566077042951   -0.188239273288070    0.033075858121753
    5   -0.293190730786914   -0.256502201748617   -0.921002614479865
    6   -0.733364780855634   -0.310078989259045    0.605001750923629
    7   -0.898978565879315    0.437035998365379   -0.028932235004358
    8   -0.708484850495122   -0.529259094385182   -0.466834047204659
    9   -0.426610348511345    0.894269428448226    0.135224997267192
   10   -0.132944600327444    0.703901619085134    0.697745113843947
   11   -0.121278527299855   -0.811376981836929   -0.571803211044826
   12   -0.597118408325711   -0.795916626892196    0.099831505423479
   13   -0.498342939330835    0.711804964531442   -0.494962632213277
   14    0.225662493995495   -0.364829596134162    0.903313790766153
   15    0.117927652435122    0.868500688709367   -0.481455732650985
   16    0.338519933577894   -0.321409657541998   -0.884364227345925
   17    0.219651345420115    0.961685228970898    0.164057327889750
   18    0.027164251646198   -0.999082808480343    0.033100532194085
   19   -0.136048056017701    0.357490769320722   -0.923954152706877
   20   -0.226236671597791   -0.730388417968248    0.644476320218357
   21    0.655224344014115    0.602604199719017    0.455575720920547
   22    0.463147352793919   -0.771897052154630    0.435510585950535
   23    0.514673866864100   -0.761906721277704   -0.393203457308064
   24    0.317044026704302    0.301981775574794    0.899049549441974
   25    0.487163923762477    0.347303893969388   -0.801281047210058
   26    0.776776173455473   -0.117339014936422    0.618749005595664
   27    0.848583468427863   -0.112548900406914   -0.516951489143935
   28    0.705909681125761    0.658071512763967   -0.261979782008976
   29    0.981521404846158    0.182353141724588    0.057991926438052
   30    0.874602708839179   -0.482190071760775    0.050624464308362
   
 U =    359.603946312678     


 http://math-lab.ru/  - см. Задача Томсона
