    241
    1   -0.078685909804132   -0.005616501195723    0.996883635392123
    2   -0.997367069857660    0.051181734269735   -0.051374682876769
    3   -0.916908151715617   -0.035463760585625    0.397519512731861
    4   -0.984096315270588   -0.177424638881206    0.008656777040239
    5   -0.832765186031454    0.208941209159417   -0.512684811603581
    6   -0.838061956567771   -0.445202290756721    0.315352306569601
    7   -0.941870818388553   -0.227518747162237    0.247213634651902
    8   -0.966193680432659   -0.103157474331420   -0.236280145974129
    9   -0.983532323749158    0.007758837428189    0.180565690490590
   10   -0.959598125523220    0.237564688950960    0.150779494812644
   11   -0.888729200164867   -0.017262031682360   -0.458107444860388
   12   -0.928122555973553   -0.331056792059000   -0.170264269665492
   13   -0.948687722757541    0.134144493533695   -0.286350937738466
   14   -0.513927983543185   -0.160252162939201    0.842732028585922
   15   -0.868699579924478    0.476594391213291   -0.134977131778198
   16   -0.754412191617646    0.582094793149261   -0.303361000999105
   17   -0.874475695207036    0.353064369966850   -0.332622622730449
   18   -0.836322463346695   -0.538719480645743   -0.101715576361227
   19   -0.740503055244147    0.055808868292344   -0.669731733900979
   20   -0.703195217219864   -0.442690196384249    0.556364877130453
   21   -0.958121580214632    0.273190603099852   -0.085848307525285
   22   -0.914830532602199   -0.396282817927416    0.077749757776371
   23   -0.878678346598926   -0.262263033012498   -0.398926640791592
   24   -0.840827723961685   -0.272702313260902    0.467591902153541
   25   -0.737357472938609    0.445332210852307   -0.507920445620164
   26   -0.527318987717459   -0.409833653829663    0.744292322532795
   27   -0.672545793285628    0.287905484690446   -0.681756985896708
   28   -0.849998039679867    0.416088167029111    0.323069605191726
   29   -0.799041779479646    0.145307065172080    0.583453589805631
   30   -0.687092210843956   -0.610875779808062    0.393363795285556
   31   -0.884451862958591    0.456499862739182    0.096709758701927
   32   -0.905383696840654    0.195951595418433    0.376674041776336
   33   -0.634778399263502   -0.308620678157605   -0.708385248887923
   34   -0.752991567267887    0.623360183220226    0.210774243206084
   35   -0.679450728209441   -0.246355826883535    0.691126265233922
   36   -0.466605823654386    0.880198838234570   -0.086769870936431
   37   -0.807134673023894   -0.490604888767183   -0.328390716556287
   38   -0.759585042885080    0.649583200222638   -0.032744902103793
   39   -0.630953723654921    0.245135800020990    0.736074614529029
   40   -0.600906456217886   -0.099179056276183   -0.793142449798161
   41   -0.559672398308848    0.510364103298197   -0.652912925768704
   42   -0.675620924114475   -0.680130093784411   -0.284533692956583
   43   -0.801838867965536   -0.081524921698424    0.591952799606365
   44   -0.758727094409224    0.362852233371974    0.540991176403374
   45   -0.613426837489254   -0.614030793365924   -0.496662561349602
   46   -0.627251893145978    0.752878458604449   -0.199321572124484
   47   -0.530518533139961   -0.606315606880741    0.592394691778938
   48   -0.395269751858401   -0.091806342009696   -0.913965764584537
   49   -0.696123956861701    0.565538513881863    0.442241592344618
   50   -0.782180245133202   -0.166837388944221   -0.600299383452656
   51   -0.601959997587251    0.656041668688361   -0.455251018943778
   52   -0.737391344115997   -0.415623984494113   -0.532457236908318
   53   -0.412785832230051    0.698996647409274   -0.583961936791037
   54   -0.349291478251550   -0.559866709437684    0.751361917376884
   55   -0.550009755617798    0.121218986843296   -0.826314241650194
   56   -0.275404201249794    0.960892223170635    0.028959650967474
   57   -0.457501222643905   -0.778171353115990   -0.430281275991603
   58   -0.656622342694909    0.010073686817600    0.754152252471443
   59   -0.378998280935130   -0.679171393537318   -0.628559083339659
   60   -0.431634112693596    0.882931089021541    0.184728678873768
   61   -0.791562422129475   -0.594510422581021    0.141372873335213
   62   -0.105609420658042    0.152692448382666   -0.982614709067180
   63   -0.345988794646931    0.545884482198122   -0.763087076337984
   64   -0.471946907427125    0.087849303163693    0.877239201417508
   65   -0.307801675419635   -0.084728440651209    0.947670417367599
   66   -0.582233181878619    0.465351165947615    0.666672944006801
   67   -0.442789836326448   -0.312507112550549   -0.840402561544952
   68   -0.258059321305124    0.155025269503217    0.953610272859408
   69   -0.260455380497402   -0.884209624661049    0.387732297373742
   70   -0.475782289468595    0.341510120080229   -0.810556630292301
   71   -0.338152819361084    0.132714722812049   -0.931686359837403
   72   -0.612582279151112    0.786802209232427    0.075400496132326
   73   -0.309066629822278   -0.510687564827710   -0.802294228734473
   74   -0.261737128936759    0.352819837908727   -0.898338375732665
   75    0.414516102479216   -0.888667903287774    0.196075899721386
   76   -0.432929885240797    0.321026741880255    0.842326270196495
   77    0.070574933606008   -0.012802376341560   -0.997424321894406
   78   -0.522812746545009   -0.507455983326402   -0.684949090835442
   79   -0.112897218602084    0.550131249521875   -0.827411521754087
   80   -0.154301946879082   -0.679546186077396   -0.717222343612488
   81   -0.581508770968629    0.746641910822364    0.323068733074068
   82   -0.494161202589370   -0.766173814713145    0.410831341919448
   83   -0.328785438863922   -0.747665701070144    0.576971519777492
   84   -0.376457399992713    0.827567593217747    0.416427310159303
   85   -0.029706868776057    0.368672834592695   -0.929084411117154
   86   -0.225665330981437   -0.825064142534779   -0.518019612656112
   87   -0.169117496019363   -0.073329823376282   -0.982864186723549
   88   -0.023264702423812    0.233172287830186    0.972157105518017
   89   -0.459272686233022    0.816202758482374   -0.350544799884504
   90   -0.698672593201864   -0.713556697129171   -0.051898434376107
   91    0.172027676960683    0.459982231754548   -0.871104370801580
   92   -0.348992838065041   -0.321663918864245    0.880191071461307
   93   -0.167180946521323   -0.461986476510618    0.870987386040428
   94   -0.208784893052636    0.378662884062546    0.901678040470341
   95   -0.293769256041720   -0.909040484480888   -0.295541912052161
   96   -0.510520537038658   -0.833257770232960   -0.212250487886730
   97   -0.512379110925017    0.659611991866213    0.549890595367820
   98    0.000065288245084   -0.255204948299106   -0.966886978969670
   99   -0.414861776047963   -0.884096458318181    0.215088723934052
  100   -0.122695792476176   -0.240519261730787    0.962858363023929
  101   -0.531326124734518   -0.846918386621022    0.020537662424067
  102   -0.227760969510164   -0.299937101772670   -0.926370701041436
  103   -0.084040107341527   -0.487534514713599   -0.869049686336173
  104   -0.034570099990621   -0.946805415004833    0.319944392518707
  105   -0.630686986190905   -0.747159196770391    0.209730923163126
  106    0.023776388886943   -0.578411088343486    0.815398857132386
  107   -0.066733148095277   -0.927466413280890   -0.367903165494911
  108    0.144987289243335    0.223608656675347   -0.963834972709393
  109   -0.207493645452642   -0.967265229574211    0.146097100428181
  110   -0.186024464494745    0.716129697829692   -0.672720710619048
  111   -0.094241394759876    0.990180843179202   -0.103249490626527
  112    0.239968358400397   -0.754418655906649   -0.610956363897311
  113   -0.084967300694585   -0.839237496598133    0.537085637600164
  114   -0.286776424557978    0.928918924016638   -0.234241146943730
  115   -0.377807466941340    0.533553356001051    0.756691703551310
  116   -0.336697041705319   -0.940160769877394   -0.052276465932886
  117   -0.151276580030687   -0.685723479759818    0.711968191452614
  118   -0.305490105310106    0.718231705715991    0.625155190702212
  119   -0.149363190595756    0.577045289632920    0.802937962116324
  120    0.193879429165609   -0.947909376639202    0.252742122777144
  121   -0.206622903181309    0.943214912523518    0.260101143162002
  122    0.179779508549237    0.983706902553006    0.000241195698993
  123    0.097551900764812   -0.741536054952660    0.663783026193362
  124   -0.255604487875112    0.841360271699106   -0.476213438475341
  125    0.140341564953590   -0.434465712785392   -0.889687467350338
  126   -0.020635301385309    0.992354881664681    0.121679797719317
  127    0.003581514261926   -0.809071666505670   -0.587699082195412
  128   -0.077623592085830    0.929809878316536   -0.359761265475706
  129    0.089957667079176   -0.978217036621486   -0.187080323383168
  130    0.160500353077696   -0.891431105675604   -0.423780863767943
  131    0.306639745604394   -0.574622406528527   -0.758802448817238
  132   -0.127128348091608   -0.984256642656794   -0.122789431538205
  133    0.075611294670740   -0.379805446737199    0.921971124681772
  134    0.154415605108744    0.067418892955625    0.985703055575835
  135    0.364406299070505    0.308077783604595   -0.878803805434989
  136   -0.006821987748454    0.824724703422777   -0.565493257296117
  137    0.226210731785695   -0.185251811138456   -0.956300408498764
  138    0.224686966892652   -0.974316120950274    0.014962064195553
  139   -0.148244524647101    0.868762074684548    0.472520918586632
  140    0.060050914004569    0.667224049695682   -0.742432458365682
  141    0.306990825962985   -0.348069125264445    0.885779045141738
  142    0.236982363217815    0.769914083986082   -0.592513006442535
  143    0.305279398564752    0.068518736437259   -0.949794541766263
  144    0.151742034520812   -0.868403463221910    0.472069677085573
  145    0.008270368580691   -0.997018529008982    0.076718014939808
  146    0.308708998289107   -0.921821852774234   -0.234399714426477
  147    0.101585951634638    0.971904000090674   -0.212327362905095
  148    0.462590162197749    0.668830533863477   -0.581958811953008
  149    0.286521163731506    0.602432024545710   -0.744970656157476
  150    0.356038517283579   -0.359124456912140   -0.862708640653420
  151    0.247801745113880   -0.556436056289335    0.793078312892042
  152    0.523106901635638    0.132421377426837   -0.841916711000288
  153    0.377256519111924   -0.827247276058994    0.416340561368370
  154    0.117094798120598   -0.162509481091149    0.979734390949191
  155    0.077318266380373   -0.642909512368129   -0.762029687473203
  156    0.414160233085634    0.909871901874470    0.024585026129501
  157    0.441551313415562   -0.099784960491297   -0.891670005820955
  158    0.344808905834793   -0.124685964490924    0.930354893960354
  159    0.044406426349530    0.939105407928962    0.340747857069478
  160    0.433675241670399   -0.900393594631302   -0.034887813188046
  161    0.216070186470808    0.298182667887363    0.929731558617887
  162    0.323845249229702   -0.715689468083991    0.618799515049104
  163    0.038712534219906    0.452117315820194    0.891117990184137
  164    0.469452566700330   -0.663287520102896   -0.582806960574616
  165   -0.081722169365921    0.745578429917143    0.661388155228392
  166    0.374711804793544    0.107860506560291    0.920845901588818
  167    0.101300781021984    0.644881701114629    0.757539268508134
  168    0.517676714765829   -0.315629554283722    0.795228774285688
  169    0.097091851343892    0.831347540862825    0.547206029484278
  170    0.588167502214227   -0.752032631707831    0.297499428882933
  171    0.551762848413013   -0.089418184991230    0.829193672976363
  172    0.458194413280287   -0.527106572499222    0.715693049335297
  173    0.278957327853282    0.511102729767125    0.812992502340304
  174    0.730003321195671   -0.019662077571750    0.683160708580969
  175    0.288249071656065    0.719373184128052    0.631992638127126
  176    0.396776083164993   -0.813984593068727   -0.424261501994920
  177    0.536961381092765   -0.665714629682638    0.518166485833904
  178    0.244278898159156    0.946090678449316    0.212697550680448
  179    0.290968522792460    0.858904947496280    0.421449415600955
  180    0.408786940329552    0.818676111517887   -0.403314594139556
  181    0.465058706795791    0.472995088421723   -0.748328835180332
  182    0.617470370499025   -0.684487221559165   -0.387566233149912
  183    0.175605629625620    0.893531606346814   -0.413235926926825
  184    0.555739028420962   -0.268411062444021   -0.786835201199970
  185    0.331269451476125    0.921770521452337   -0.201493563917544
  186    0.682749940970444   -0.509134804718368   -0.524055596983034
  187    0.614567667977056    0.314595298302464   -0.723419919385157
  188    0.540168611026482   -0.812835719373821   -0.217981570257130
  189    0.651951756947425   -0.059790802235069   -0.755899442109367
  190    0.611823768940881    0.692030353949740   -0.383100071745194
  191    0.703843526467119   -0.248361030653511    0.665523169170732
  192    0.540193775695129    0.821619392819703   -0.182022685517005
  193    0.470098001751962    0.846796222531280    0.248885568596429
  194    0.639688653456051    0.518329292782638   -0.567567767656898
  195    0.787624652194424   -0.539544633821618   -0.297555029145718
  196    0.484882806797564    0.736360269561627    0.471870975037928
  197    0.773467182331915    0.523618654150968   -0.357172259394059
  198    0.525216596394420   -0.479091916425436   -0.703291164801368
  199    0.717616205753283   -0.298016947792515   -0.629454430494134
  200    0.435294011201878    0.341799061533743    0.832882059685783
  201    0.653543748523055    0.702584647252627    0.281523324453474
  202    0.814277320534026   -0.096425831637877   -0.572411132191601
  203    0.734150665325658    0.130057299383871   -0.666414210141762
  204    0.648802748003310   -0.466634247622272    0.601088573447666
  205    0.778453101056058    0.335625211503171   -0.530439899385085
  206    0.616574328435034    0.785676814905625    0.050478114412478
  207    0.718889389834181    0.676938308514057   -0.157963830195289
  208    0.858979052897755    0.495700086914430   -0.128204565113349
  209    0.461654318247334    0.579036857379564    0.672005660868707
  210    0.781187895760884    0.619612462501216    0.076327372743084
  211    0.922026814148220   -0.127414533281089   -0.365557233139280
  212    0.604134090404947    0.406997824004099    0.685109313953996
  213    0.569618289680315    0.146553266243702    0.808737994788779
  214    0.810245944521868   -0.360357793364264    0.462216150894259
  215    0.648033692752924    0.576611092931966    0.497566056483772
  216    0.611598367722089   -0.789197200925932    0.055814107986695
  217    0.723638008197330    0.213603020848948    0.656293975727650
  218    0.723301465632649   -0.572774197365165    0.385700283440851
  219    0.776954773378847    0.381654707112715    0.500680501580132
  220    0.800258058839949    0.518799883371155    0.300721998323689
  221    0.953566581808414    0.286972655780452   -0.091419193239340
  222    0.899378575949418    0.288465015693700    0.328490657163992
  223    0.837506009714376   -0.335052642051957   -0.431651955568727
  224    0.858692086269132    0.120141429310186    0.498210736478120
  225    0.903414893090124    0.414795620518370    0.108563917310222
  226    0.756201254104554   -0.637879842541303    0.145838848631569
  227    0.716422881350827   -0.685805589918054   -0.128097415719950
  228    0.864138769229876   -0.449289298492411    0.226722989072726
  229    0.909799027312803   -0.359996889896928   -0.206562264620662
  230    0.978305150644516   -0.153751767798246   -0.138850373140751
  231    0.973139520707497    0.179872444918727    0.143684991547982
  232    0.854283862169626   -0.125233435513666    0.504495460302660
  233    0.891733640892074    0.320599310259585   -0.319416962546519
  234    0.871555729141084    0.115760888498787   -0.476434704545466
  235    0.948541546409776    0.016712021478423    0.316211389852826
  236    0.852787723237450   -0.521009515802967   -0.036085780277606
  237    0.926103528170879   -0.232573986272002    0.297054870384245
  238    0.946188219281919   -0.320572747476243    0.044282810069415
  239    0.958695835673682    0.089562172320119   -0.269964649447369
  240    0.988379439291325   -0.099598759982253    0.114831054145487
  241    0.996981584632880    0.060017976699237   -0.049249998739507
   
 U =    26975.4916392491     


 http://math-lab.ru/  - см. Задача Томсона
