     19
    1   -0.103868552791908    0.029843358661412    0.994143197776216
    2   -0.704691861460497   -0.374010479500194   -0.602930793387910
    3   -0.744122747612535    0.361836387304975    0.561565459503748
    4   -0.923426829227031   -0.304607791015516    0.233445892481232
    5   -0.161012052025715    0.032993204128068   -0.986400814873869
    6   -0.310395279634054   -0.644241910350397    0.699004385772341
    7   -0.853247369396564    0.363568066038469   -0.373881248493275
    8   -0.418462246713784   -0.901456075853390   -0.110753290615944
    9   -0.415988750457368    0.908967025960502   -0.027061138361815
   10   -0.003124027525339    0.788804068407997    0.614636788774487
   11    0.167401236573675   -0.669265939865420   -0.723919835154184
   12    0.303925156046239   -0.939065476441731    0.160578736069048
   13   -0.022681412384770    0.726814311929952   -0.686459401207400
   14    0.605851591701272   -0.430214551419215    0.669222899025578
   15    0.515344355469590    0.852007626781581   -0.092212792993439
   16    0.632606335633101    0.169769851523579   -0.755637096515597
   17    0.636977934765987    0.355619406361905    0.683954639168465
   18    0.816545504046140   -0.513892923913366   -0.262997153166734
   19    0.982385496271671    0.186780135960413    0.005649559776926
   
 U =    135.089483879497     


 http://math-lab.ru/  - см. Задача Томсона
