    221
    1   -0.051279094739637    0.015940965175732    0.998557129097755
    2   -0.996773513277658    0.032331892476907   -0.073465719604298
    3   -0.921544897911356   -0.065496105193541    0.382707801511840
    4   -0.975732133490408   -0.218303932657329   -0.017035159541420
    5   -0.822468413084391    0.200721720676130   -0.532218470486751
    6   -0.819906975414079   -0.494372904558412    0.288700507283613
    7   -0.937174061016160   -0.269244694459691    0.221837945049504
    8   -0.954116632482767   -0.154020371252527   -0.256786247410135
    9   -0.986921413165673   -0.017584216692030    0.160240193329882
   10   -0.964440336613763    0.230627278122747    0.129096458890337
   11   -0.864065302123225   -0.049420691245257   -0.500947850522928
   12   -0.896595001870102   -0.395863646182105   -0.198517949447806
   13   -0.946165585277336    0.084506148033188   -0.312457030936078
   14   -0.493314310592073   -0.186046057693575    0.849722222483175
   15   -0.832078273052262    0.513795568979963   -0.208949421657303
   16   -0.669739401688494    0.660364719087641   -0.339658021560272
   17   -0.887138651226394    0.318617581301957   -0.333868013420731
   18   -0.776694298799221   -0.615702558138990   -0.132877109066569
   19   -0.711069010262776    0.075131582589556   -0.699096637054925
   20   -0.686798357067702   -0.485516632054454    0.540908140748136
   21   -0.955319650729561    0.275094657484070   -0.108107790439314
   22   -0.890856635301033   -0.452140980318734    0.044079351816192
   23   -0.853429055874979   -0.291380939297830   -0.432152744758444
   24   -0.836307307486517   -0.313901369284041    0.449506415756501
   25   -0.750397222051208    0.463764596323687   -0.470984509654572
   26   -0.497766599229144   -0.438945882856191    0.748034039743816
   27   -0.660505548223708    0.340447321893142   -0.669199553034434
   28   -0.863726810640925    0.417021258229995    0.282965133478184
   29   -0.808205644213015    0.120855389703297    0.576365865958325
   30   -0.653850551121970   -0.660254118097075    0.369518546670327
   31   -0.883888285237933    0.466555976011296    0.032665279231825
   32   -0.914821135435213    0.181211519111222    0.360921979799556
   33   -0.548505683023234   -0.290624913504530   -0.784014461181489
   34   -0.761169084245315    0.625784810467381    0.170337888261687
   35   -0.668143442054664   -0.285518016358140    0.687068994478909
   36   -0.366085276045339    0.929728693012272   -0.039826223176456
   37   -0.762467254226551   -0.533458957332599   -0.366149186908616
   38   -0.730428465159843    0.679022943298725   -0.073498977939644
   39   -0.642221543379458    0.224210937026070    0.732994505393593
   40   -0.553165077128152   -0.054303141202770   -0.831299925599250
   41   -0.569584622807298    0.581489489524058   -0.580898727003699
   42   -0.606336739064202   -0.740118646291245   -0.290826663621140
   43   -0.802594842786383   -0.117121886485789    0.584913653489737
   44   -0.778040435251351    0.352244798224816    0.520169859985608
   45   -0.576631540777506   -0.643248253788132   -0.503713956704674
   46   -0.545769545511413    0.815604959751571   -0.192156584120615
   47   -0.496452957849277   -0.635335662248373    0.591509135109615
   48   -0.351566870970138    0.038213305367085   -0.935382530587988
   49   -0.708138642953598    0.562963723132389    0.426159018199493
   50   -0.731183259200237   -0.175048817186719   -0.659339785745445
   51   -0.465434032123835    0.766161154787880   -0.443134569442569
   52   -0.704953067030372   -0.409775126172487   -0.578900267105479
   53   -0.225663172807871    0.826412814981078   -0.515866253667882
   54   -0.302464786029224   -0.593305177773629    0.745991969956311
   55   -0.524777731912837    0.202790157400446   -0.826731204291892
   56   -0.159323618123274    0.975615730274971    0.150963345048207
   57   -0.383955311071264   -0.799229072379489   -0.462397241518146
   58   -0.653705968681148   -0.023204517167478    0.756392792729853
   59   -0.337287811129956   -0.667431171953624   -0.663907044071513
   60   -0.388229145217540    0.899364952215422    0.201049281347161
   61   -0.749750383018863   -0.652431986366411    0.110484688210847
   62   -0.131923288450727    0.123172352820516   -0.983577560472485
   63   -0.349338763427996    0.667020043793766   -0.658062831000172
   64   -0.469500262030825    0.087397525503263    0.878596139582284
   65   -0.296131712361185   -0.071942443611649    0.952433878933975
   66   -0.595407225235667    0.448830491077958    0.666364334591733
   67   -0.346603128129371   -0.211479689124808   -0.913861374968113
   68   -0.243731243449161    0.180955711297063    0.952811687331605
   69   -0.177474120370419   -0.906007122078508    0.384257766794330
   70   -0.457003467036169    0.450623619802827   -0.766867775038643
   71   -0.306502462119801    0.294937205630853   -0.905023914296834
   72   -0.578919125202695    0.813068559564976    0.061417944621111
   73   -0.326561544672608   -0.449041313513431   -0.831696733370507
   74   -0.221220668521128    0.525616708848617   -0.821455106015060
   75    0.479654786897674   -0.875939115772527    0.051594097199095
   76   -0.431446655850630    0.330676855974062    0.839348914384487
   77    0.107505806974375   -0.036150072780004   -0.993547016353423
   78   -0.515032218608742   -0.508203321453057   -0.690268931547000
   79   -0.092235399844405    0.698641852123512   -0.709501369608947
   80   -0.131375536970896   -0.604522293039188   -0.785680129253789
   81   -0.596465654780289    0.744455057040885    0.300025650093078
   82   -0.440320747458195   -0.793181246348537    0.420691276114490
   83   -0.252397190129501   -0.773581003719742    0.581264216255129
   84   -0.405349069825249    0.808198807501289    0.427208168397212
   85   -0.062889050046016    0.375907571707374   -0.924520667652906
   86   -0.145771598899642   -0.797200368133763   -0.585851699666080
   87   -0.125944812601656   -0.124144505067969   -0.984238815552487
   88    0.002283867918679    0.255384188020519    0.966836956501162
   89   -0.328359056947618    0.901356894777099   -0.282375774382748
   90   -0.601574986575280   -0.796578246196923   -0.059754775648354
   91    0.070827943518482    0.554919052625277   -0.828883735785911
   92   -0.310854284697825   -0.347289048488406    0.884737209845398
   93   -0.114692020414470   -0.496946119759924    0.860168759319241
   94   -0.194849143283893    0.416876706005051    0.887833105573289
   95   -0.173631045386104   -0.915664649325089   -0.362505875889606
   96   -0.401317238145421   -0.883865792982474   -0.240261803794931
   97   -0.516475831043263    0.645699449218149    0.562427717335792
   98    0.109295365199564   -0.272599037143162   -0.955899727008286
   99   -0.355753583461051   -0.906971686769710    0.225481146113657
  100   -0.111907914259115   -0.227344843464846    0.967362879624869
  101   -0.388050981202769   -0.921597602239407   -0.008619485723876
  102   -0.120791896599092   -0.365379698829178   -0.922988078687636
  103    0.081192156920259   -0.503796850874484   -0.859998003895119
  104    0.048311348747469   -0.958472514900017    0.281063074350648
  105   -0.569257224784209   -0.801566804342998    0.182857513398640
  106    0.142137495088166   -0.574722236038896    0.805910220739576
  107    0.056394712141603   -0.882105687813709   -0.467663545691953
  108    0.096317576785113    0.201432058666648   -0.974755379643303
  109   -0.147979148087742   -0.981400280732188    0.122293338780201
  110    0.027715722838485    0.832614552212455   -0.553158970054354
  111    0.083425672364375    0.991076429613717    0.103959933891280
  112    0.458860312965749   -0.645214129338561   -0.610856726644520
  113    0.009209164899165   -0.851537880289135    0.524212199127935
  114   -0.131839251110882    0.987038239453911   -0.091509156494014
  115   -0.364794013253365    0.552156216750270    0.749699166465144
  116   -0.168633698484176   -0.977693386677694   -0.125213087903176
  117   -0.056647383338884   -0.698161843703264    0.713695392977786
  118   -0.266386704759007    0.742080688051374    0.615105174704974
  119   -0.113511355796792    0.631304315595858    0.767183181003872
  120    0.270391706222884   -0.947746710203146    0.169305931688737
  121   -0.188421523830010    0.900257447858306    0.392471472763597
  122    0.282962707728105    0.923477164122434    0.259079202908236
  123    0.198254365355064   -0.742901974227850    0.639368331485087
  124   -0.095755383737240    0.938941745992153   -0.330483440006518
  125    0.321310579934168   -0.371251628282307   -0.871166883966616
  126    0.040819028387046    0.939642732666161    0.339713617432694
  127    0.067137060750172   -0.720257317108446   -0.690450586374993
  128    0.112623816557877    0.984875174375863   -0.131669156760617
  129    0.283774865672080   -0.898766232650808   -0.334202161362650
  130    0.265260010118762   -0.786728886937506   -0.557400022864969
  131    0.514806262944626   -0.442223035667406   -0.734447614441012
  132    0.057693334688129   -0.970443530159319   -0.234330608125536
  133    0.077321902688065   -0.370525015953857    0.925598474456982
  134    0.204427161941681    0.081346563528211    0.975495910838493
  135    0.232277621167546    0.377515406309662   -0.896397916498916
  136    0.140983578620682    0.922130332603149   -0.360276671812804
  137    0.336996511145129   -0.128095118992921   -0.932751302312787
  138    0.284109644583229   -0.954235820832231   -0.093357956786925
  139   -0.033931394126383    0.818440194988782    0.573588971057990
  140    0.195145667528155    0.702441228011317   -0.684466573058862
  141    0.310715758329303   -0.372302461909256    0.874555083675210
  142    0.307046563526971    0.813872417266997   -0.493289059516073
  143    0.325591835915122    0.121887274156406   -0.937621164855050
  144    0.242389083857944   -0.874591225963810    0.419925849994529
  145    0.068223663997810   -0.997541512415113    0.016014452200538
  146    0.500381896649029   -0.844986459019183   -0.188721598075427
  147    0.325152544420075    0.945599508082474    0.010834812934935
  148    0.459984125608576    0.658493667058336   -0.595651487559780
  149    0.356554219811698    0.530020051299028   -0.769381461666088
  150    0.538793587912461   -0.212450423000703   -0.815209351879159
  151    0.383629661274471   -0.564263335455566    0.731050730969468
  152    0.470143454414930    0.295652700981294   -0.831597626664039
  153    0.459411910020835   -0.833451691066106    0.307081382682272
  154    0.148589097958862   -0.148112857440966    0.977744271999813
  155    0.277146090539546   -0.592759008307142   -0.756192305283107
  156    0.507625262457154    0.847200904803170    0.156739337168420
  157    0.535461848130559    0.037222191237117   -0.843738773363008
  158    0.386882437235112   -0.141463313036664    0.911213537445373
  159    0.205515632401064    0.844325147272920    0.494851867250546
  160    0.684989827878732   -0.723891752157168   -0.082277985278503
  161    0.251255889248013    0.307663736356586    0.917721909648721
  162    0.421673467784918   -0.725877242657581    0.543409344010635
  163    0.050034358593395    0.480974149761742    0.875305906652707
  164    0.656539710967658   -0.539958173178179   -0.526688502950831
  165    0.123336891387994    0.692341738921774    0.710950721055630
  166    0.441304501154384    0.091025725600841    0.892728768742064
  167    0.279481322546533    0.523974323537539    0.804575104400465
  168    0.529459645131530   -0.332103916993717    0.780627614483772
  169    0.358739708366384    0.703302934752825    0.613735124959673
  170    0.649024325475052   -0.743163623840910    0.162712178835206
  171    0.606146663543926   -0.088463461650269    0.790417888352369
  172    0.594577225492033   -0.512672938430956    0.619390330185067
  173    0.480246849635534    0.313173071769751    0.819320200247402
  174    0.720430776990099   -0.263293135340659    0.641604411181786
  175    0.493914027843091    0.518838990212045    0.697749980534260
  176    0.494290302790597   -0.766256721954373   -0.410521293755780
  177    0.617415721980668   -0.664041109500735    0.421719374874007
  178    0.451242752762931    0.798425614702501    0.398618258319743
  179    0.598703829142566    0.619574968962953    0.507622480594177
  180    0.522275606117808    0.771557281252225   -0.363218326906768
  181    0.587944822307526    0.444770878007368   -0.675647653735529
  182    0.690379516645202   -0.652059448230831   -0.313360174511122
  183    0.351457528342555    0.905738554384992   -0.236886632953249
  184    0.706984570379099   -0.310512826876996   -0.635416872289946
  185    0.540112475128316    0.835649449930153   -0.099842431071146
  186    0.842835481249178   -0.502007462015731   -0.193950662870718
  187    0.674999008865942    0.196112699257359   -0.711277827026815
  188    0.826343525620705   -0.561860386802364    0.038331232787907
  189    0.714020857694587   -0.067500002920841   -0.696862945192792
  190    0.659369677680671    0.584078015036153   -0.473375644184105
  191    0.771724118110698   -0.428521123853483    0.469905875615121
  192    0.700357103050997    0.678608353852265   -0.221338271177704
  193    0.665592408793490    0.688138147754405    0.288881697173111
  194    0.770894962085251    0.344723874360553   -0.535617781517221
  195    0.939269119114660   -0.343142429886141   -0.005176358701489
  196    0.775989848390874    0.464167190546630    0.427069753570018
  197    0.815507279549667    0.478362583608010   -0.325756221130726
  198    0.816173878828073   -0.401612882265624   -0.415412195676818
  199    0.932945009168308   -0.260553799654339   -0.248445823779817
  200    0.656814139027350    0.145851762766555    0.739812442495833
  201    0.828830073879089    0.524169085886097    0.195671863166163
  202    0.855519618602103   -0.163810579719475   -0.491174384672981
  203    0.834244729777011    0.082048402488531   -0.545255711101096
  204    0.777270847002981   -0.567618496153473    0.271402419340245
  205    0.906000104214441    0.218935080327103   -0.362258528906618
  206    0.697943889486547    0.714632684601323    0.046631032884724
  207    0.835940608036105    0.545894644567700   -0.056589193920139
  208    0.925123817174410    0.345185275986877   -0.158091897763651
  209    0.675760766563467    0.374464718712970    0.634920121600167
  210    0.939665599949256    0.332156531169787    0.081857187059294
  211    0.949815313669916   -0.021043909413371   -0.312102585370134
  212    0.818678249997164    0.207390006755765    0.535495385675195
  213    0.792990288089732   -0.028341296721082    0.608574706914058
  214    0.876716841369706   -0.201146806605593    0.436929676551157
  215    0.905473025318482    0.282693503943557    0.316548548012325
  216    0.900133757951436   -0.364331941520981    0.238791654342814
  217    0.923290735724838    0.034475005790336    0.382551553781244
  218    0.992616878223137   -0.109246490905428   -0.052696653512383
  219    0.970742262510485   -0.140975506661595    0.194384583487302
  220    0.985257801034480    0.095976585104156    0.141617656429012
  221    0.986705847325417    0.121416196792202   -0.108026283886602
   
 U =    22606.9030310428     


 http://math-lab.ru/  - см. Задача Томсона
