     61
    1   -0.321635873722609   -0.062205068196107    0.944817915910474
    2   -0.992647761317614   -0.056135628660394   -0.107234384159338
    3   -0.692856641144841    0.473092213109013    0.544181433638732
    4   -0.897406138909613   -0.245543348292220    0.366566073112046
    5   -0.541857246016605   -0.131430059706605   -0.830130630891800
    6   -0.714484627400606    0.040803843844141    0.698460280571315
    7   -0.942555776715815    0.220646877988795    0.250805827311578
    8   -0.791286680097063   -0.389364828426210   -0.471445034214589
    9   -0.741222164397507    0.660817938506360    0.117937929242803
   10   -0.375160712726302    0.796653104139475    0.473918000598872
   11   -0.439501176077664   -0.590829330395213   -0.676579203472213
   12   -0.870156466738243   -0.492020000315781   -0.027277145797827
   13   -0.882882038740706    0.407775558538926   -0.232891389981082
   14    0.229456977462557   -0.219354077916786    0.948279117135363
   15   -0.218394641701351    0.682961990891863   -0.697041390071753
   16   -0.224151867148500    0.213577440460629   -0.950863090765504
   17   -0.572260677365559    0.730799842521505   -0.372087768290836
   18   -0.573091849650176   -0.783531821227013   -0.240090851531709
   19   -0.841601338687961    0.065869521976622   -0.536067526337123
   20   -0.596150361819699   -0.420816397812896    0.683753102686943
   21   -0.379166107256178    0.925194381786128    0.015761314018206
   22   -0.641320647946931   -0.711843764978847    0.286332465462210
   23   -0.147769181018741   -0.919371613687200   -0.364582096498503
   24   -0.355652748027153    0.398716798533170    0.845302334900475
   25   -0.586302955391776    0.391826629036722   -0.709028022913472
   26   -0.280900276846235   -0.777774543726922    0.562282663433692
   27   -0.120264432060074   -0.253101901229869   -0.959935359269099
   28    0.015945856350484    0.968287168692828    0.249330480707989
   29    0.063176493025158    0.212569675022434    0.975101463433369
   30   -0.270014990058844   -0.958740022116789    0.088935229999261
   31   -0.095996891594709    0.938555537234272   -0.331508823911282
   32   -0.012265763223620    0.687679113551131    0.725911143211118
   33    0.672197280789328   -0.730924315509621   -0.117900214996519
   34    0.308580960082846    0.945210184734666   -0.106562177850336
   35   -0.151365170266222   -0.469428998087268    0.869899420039502
   36    0.149859254961681    0.479958917771414   -0.864396691892110
   37    0.237874061434705   -0.970362948728217   -0.042563818344191
   38    0.299445369922526    0.778942061436676   -0.550982518195218
   39    0.397348706539321    0.464005800815234    0.791714987998422
   40   -0.008459768301983   -0.666581997002958   -0.745383708965943
   41    0.272691194094290    0.053763183705892   -0.960598268133582
   42    0.105501050489490   -0.917819864074171    0.382722125642723
   43    0.571102718166210    0.047787499493974    0.819486449061411
   44    0.372172242696145    0.800530939733233    0.469721232537287
   45    0.546212449404575   -0.768233801767238    0.333869414498707
   46    0.642812124307425    0.756135118269611    0.122687634922092
   47    0.257688193464992   -0.642878831697028    0.721320734974819
   48    0.336346349717729   -0.387496097913436   -0.858322729008979
   49    0.754142036771151    0.435855770730761    0.491222490828092
   50    0.319120387205573   -0.826159083318515   -0.464352611191190
   51    0.585268730169577    0.379548547055071   -0.716521746993122
   52    0.641653058029582   -0.528344434217377   -0.555997762542985
   53    0.692887922625519    0.638286983897484   -0.335404312534506
   54    0.644895938034442   -0.398590613536243    0.652100262158725
   55    0.694641498040659   -0.078227900063261   -0.715089913823096
   56    0.900235174341381    0.190227908219379   -0.391650320838658
   57    0.868235653249581   -0.446952184219838    0.215407974428502
   58    0.877815995897906   -0.012059178645863    0.478846168989745
   59    0.908154007915504   -0.305401823764503   -0.286332016980851
   60    0.914024763776856    0.403119175068587    0.045317346509753
   61    0.998525947761154   -0.028259894808679    0.046339076308135
   
 U =    1597.94183033720     


 http://math-lab.ru/  - см. Задача Томсона
