     60
    1   -0.311487160192469   -0.032764844938460    0.949685323657995
    2   -0.990356092422944   -0.063698984473471   -0.123033530298885
    3   -0.694048175699489    0.443750040952393    0.566906545175623
    4   -0.899406912489504   -0.254866180780749    0.355120311528829
    5   -0.528378140759509   -0.144172946271932   -0.836678374245920
    6   -0.705260591238498    0.015485415090097    0.708779020827656
    7   -0.945535570951873    0.207073318228006    0.251163542224503
    8   -0.782703112515813   -0.396508768088094   -0.479746427279370
    9   -0.750586554464874    0.646071096018681    0.138607226167212
   10   -0.378761454621575    0.785082378388210    0.490087155144122
   11   -0.417637166402663   -0.596843218204801   -0.685096613713781
   12   -0.861882715948146   -0.505848200198006   -0.035718094941989
   13   -0.883738075791975    0.404832505327580   -0.234771497472951
   14    0.207212172602798   -0.219640153330189    0.953321204301215
   15   -0.224358869675672    0.720847852745535   -0.655775472848754
   16   -0.244249875165396    0.218647387829031   -0.944740873614151
   17   -0.570661154796312    0.746580068633161   -0.342000069482807
   18   -0.551101757359629   -0.794303000207875   -0.255674787368440
   19   -0.830365395887009    0.066254541776690   -0.553266341834899
   20   -0.602330048049810   -0.444284182993510    0.663181783493865
   21   -0.383384058311573    0.922402942850688    0.046791824637844
   22   -0.623366895516956   -0.734305202882363    0.268718407619284
   23   -0.107581781381002   -0.914343125799040   -0.390388023149956
   24   -0.321722353717432    0.428594061510209    0.844275936857553
   25   -0.583876866758811    0.415772722316481   -0.697295380625353
   26   -0.257562541791037   -0.795871197085043    0.547951252135225
   27   -0.089265026108241   -0.241090147376535   -0.966388791300818
   28    0.041911897419209    0.964651475752362    0.260174793520649
   29    0.089271075063038    0.241021776853093    0.966405286740334
   30   -0.241944223678044   -0.968038633951735    0.066062060259177
   31   -0.060311147970406    0.963013448158839   -0.262616953176514
   32    0.036595828630953    0.724343498585451    0.688467313228307
   33    0.692839056664126   -0.712891743755864   -0.108440782206179
   34    0.388200273613222    0.919109705315212   -0.067363915874929
   35   -0.186057966201718   -0.458683957775039    0.868902445670805
   36    0.113417417238753    0.483002520043563   -0.868242509382291
   37    0.270294691648788   -0.959451558062204   -0.079959285880359
   38    0.264375962071326    0.793606200345982   -0.547991377168723
   39    0.418168806957111    0.498261863853364    0.759519561247397
   40    0.021979891119698   -0.645544186411757   -0.763406567810593
   41    0.282286705746666    0.055878774408962   -0.957701299116404
   42    0.140779314400040   -0.926532602415585    0.348881815659772
   43    0.558452284951297    0.056331463984193    0.827621780524216
   44    0.470475845120780    0.792937124191940    0.387173341329312
   45    0.570591184618711   -0.746610315057366    0.342050782027108
   46    0.794406207962815    0.603286231082491    0.070459209024965
   47    0.223103663172064   -0.655039619881571    0.721905708430549
   48    0.398763293362893   -0.376560186751307   -0.836175975270876
   49    0.778933041155114    0.396481663146671    0.485865833523305
   50    0.375730664285718   -0.782724502135259   -0.496154030188735
   51    0.560660011112033    0.392857455847507   -0.728919317431551
   52    0.726713140941332   -0.468718963025668   -0.502185766906357
   53    0.664310295736473    0.657191663197420   -0.356077166920779
   54    0.614015006922938   -0.409419526662612    0.674804580942355
   55    0.725811196978348   -0.038769380555645   -0.686800583482709
   56    0.899382333760596    0.254845979888709   -0.355197049894714
   57    0.890138679980462   -0.410567213249919    0.197706079337072
   58    0.870434351588013   -0.065512578959562    0.487905873682233
   59    0.954705138092330   -0.206573865891614   -0.214161941601908
   60    0.983953491304593    0.151992001103588    0.093455650177128
   
 U =    1543.83040104106     


 http://math-lab.ru/  - см. Задача Томсона
