    238
    1   -0.067713174678109   -0.005422963667366    0.997690090879966
    2   -0.997952620166157    0.049894159281385   -0.040014257122994
    3   -0.911089777934617   -0.039305102874014    0.410329776437336
    4   -0.983217887892368   -0.181159705141969    0.021534766340638
    5   -0.836966341918055    0.209939744636463   -0.505383662298542
    6   -0.829779027755530   -0.453978080432424    0.324608483536673
    7   -0.937044161947408   -0.233049366040679    0.260069666720896
    8   -0.968668519804790   -0.105435159495301   -0.224866017622490
    9   -0.981144158706218    0.004674298341771    0.193220834207080
   10   -0.958514173653783    0.237138773897077    0.158163778468384
   11   -0.892989346190600   -0.019267102992265   -0.449665215835481
   12   -0.928679105982826   -0.335319968795734   -0.158479136285402
   13   -0.951279515801447    0.133614782231250   -0.277874742979386
   14   -0.512306577738383   -0.157798236682778    0.844181074714301
   15   -0.868000613124368    0.479415024569786   -0.129368349423156
   16   -0.752327320851795    0.587285193017880   -0.298495735919143
   17   -0.875687261453468    0.355530561949462   -0.326756544919952
   18   -0.833489643414873   -0.544746634758514   -0.092445217504324
   19   -0.746930317728026    0.055659516144011   -0.662568576617790
   20   -0.693327064565221   -0.457370816772677    0.556874777222014
   21   -0.958428985245174    0.274158962117082   -0.079061645143458
   22   -0.910976445773917   -0.402596048879642    0.089656771476689
   23   -0.882306425587423   -0.265103632142280   -0.388915717851716
   24   -0.832442045590167   -0.279268320221304    0.478591105281355
   25   -0.738075025928342    0.450114516908320   -0.502635233314644
   26   -0.520288702388165   -0.423979632502891    0.741310284152293
   27   -0.677470385944644    0.290758486087872   -0.675642937457281
   28   -0.846988261803673    0.417448869240462    0.329161549906201
   29   -0.794104497815980    0.145469265736869    0.590115869363302
   30   -0.674546658489771   -0.627537264869443    0.388823593317667
   31   -0.882667013463315    0.458565394476630    0.103037480230475
   32   -0.902437511317265    0.195000229454013    0.384163309909188
   33   -0.637990179380173   -0.314417508547147   -0.702929698713506
   34   -0.748525203497686    0.628099200488914    0.212606241850833
   35   -0.670774998178182   -0.256562780106181    0.695870995000688
   36   -0.451512591724945    0.887635316132760   -0.090774033003489
   37   -0.808108277925381   -0.494794607741549   -0.319592408073725
   38   -0.756045720692753    0.653840030902276   -0.029800708244725
   39   -0.623166780135052    0.252029382145549    0.740367715848986
   40   -0.608844519012096   -0.101379259050417   -0.786784975392463
   41   -0.559129005477402    0.515025993773668   -0.649709920634815
   42   -0.671551685727186   -0.683342984564219   -0.286462386438150
   43   -0.792577285274621   -0.085601995792587    0.603733008194050
   44   -0.753416766142181    0.365788474902734    0.546408243096853
   45   -0.611371933846052   -0.613078015250549   -0.500359576426580
   46   -0.620453971604627    0.759158294704521   -0.196762681170409
   47   -0.519673399100785   -0.625714032364716    0.581740069076322
   48   -0.404195081822495   -0.086730354206662   -0.910551580905603
   49   -0.691614312590248    0.570632483798503    0.442773317911400
   50   -0.786681138033897   -0.170094426669339   -0.593464972073097
   51   -0.598117568654737    0.661845826943023   -0.451902063974764
   52   -0.740965300581457   -0.418466867804450   -0.525219862423503
   53   -0.407033837519706    0.701826101617908   -0.584605489370218
   54   -0.344690630381385   -0.574450001480080    0.742425460990408
   55   -0.557915430622720    0.122727927066545   -0.820772945576920
   56   -0.251548442882751    0.967726464174165    0.015128496958778
   57   -0.454098862967223   -0.777224665401893   -0.435564050562935
   58   -0.649827052274902    0.014894897112941    0.759936144798829
   59   -0.370336039910366   -0.678532720472220   -0.634385186453842
   60   -0.417752802713816    0.891860398781166    0.173400187170176
   61   -0.783222823717434   -0.604071091723794    0.147173790301510
   62   -0.110562319462257    0.149273884877330   -0.982595176463204
   63   -0.340278434805843    0.552879005473341   -0.760615140601931
   64   -0.463241371762171    0.093866853753122    0.881247096593454
   65   -0.303061360200502   -0.082057314254891    0.949431624252477
   66   -0.574678556706543    0.473358089256659    0.667590200495012
   67   -0.445467309964383   -0.310925050513797   -0.839573992400961
   68   -0.246174522454120    0.157663701146706    0.956315984303937
   69   -0.235149574628196   -0.901358462249002    0.363672380150450
   70   -0.480312670676697    0.346131900599396   -0.805910941590241
   71   -0.345129731745145    0.140373909258036   -0.927998186347980
   72   -0.604207126054666    0.793556086839431    0.072128259821309
   73   -0.299042645259135   -0.507459480459674   -0.808120270756783
   74   -0.265290212776895    0.361218108800325   -0.893947750642903
   75    0.456793579114262   -0.876008101071424    0.154756043297896
   76   -0.422522505536980    0.327818903660338    0.844990827593819
   77    0.074802485596632   -0.011826256836411   -0.997128240397295
   78   -0.516430312523314   -0.508919221199091   -0.688695112949978
   79   -0.103267314404982    0.557019530229289   -0.824054066623498
   80   -0.145685281687018   -0.674825550831094   -0.723454403984995
   81   -0.574024604231707    0.754829855721474    0.317376184752622
   82   -0.477604914543613   -0.787194338836950    0.390152045370578
   83   -0.319447705367400   -0.766911765040182    0.556596360191526
   84   -0.368665988689322    0.835222884101291    0.408029561009059
   85   -0.036669836586195    0.361434956268473   -0.931675960552782
   86   -0.223826265483397   -0.826577793231134   -0.516401931267598
   87   -0.177470828758334   -0.070388766825422   -0.981605585988908
   88   -0.008690501139856    0.233232011365131    0.972382282882876
   89   -0.450494768032258    0.821487688417889   -0.349588961143505
   90   -0.691237119025086   -0.720622281294811   -0.053803094551905
   91    0.156452554337012    0.467680860556077   -0.869940923805147
   92   -0.353419282145821   -0.320877450258314    0.878710687839437
   93   -0.176966682266738   -0.463138907196965    0.868438337481657
   94   -0.196530055592103    0.381702939890583    0.903149380184613
   95   -0.280421726094616   -0.912746155555790   -0.297082667034348
   96   -0.500348935985404   -0.837552058747224   -0.219448151385609
   97   -0.506944978749556    0.667559834185060    0.545317023669192
   98    0.002949161482025   -0.240374015489346   -0.970675865118774
   99   -0.385380890275137   -0.902304591410819    0.193204538584625
  100   -0.123049703930259   -0.240304908737968    0.962866720371575
  101   -0.516520318566367   -0.856222576628859    0.009468884788370
  102   -0.229237143258819   -0.296105223420259   -0.927238927576800
  103   -0.069643291241684   -0.473285388250411   -0.878151896458513
  104    0.000463803375251   -0.954668071571429    0.297672064541700
  105   -0.615987754194977   -0.762087835239261    0.199452295204056
  106    0.009476561543564   -0.583723405003174    0.811897272586140
  107   -0.050165151611152   -0.929395454209903   -0.365660426157656
  108    0.145878932545239    0.217578278618627   -0.965079804841453
  109   -0.161796384869825   -0.978968338982878    0.124269550221124
  110   -0.168946514600469    0.720739009735737   -0.672303766945793
  111   -0.065246018194393    0.990026599608367   -0.124861079515078
  112    0.217573007969037   -0.749115567527132   -0.625689901382313
  113   -0.072829752345381   -0.851269224596012    0.519650396352216
  114   -0.267648689557030    0.932622253499770   -0.242032872262046
  115   -0.368848404950399    0.540418015723216    0.756240188331279
  116   -0.313735385635510   -0.947575560261040   -0.060586016506403
  117   -0.151088478311181   -0.700094523018140    0.697882461852721
  118   -0.300019510292172    0.724727187392029    0.620289285171753
  119   -0.139941596095782    0.581408705084031    0.801486286429578
  120    0.235585944148029   -0.944069207299607    0.230721899152580
  121   -0.193907178700042    0.948552047642173    0.250297860483127
  122    0.188347436449928    0.981490463199092   -0.034665744359112
  123    0.097542605252665   -0.747065715066725    0.657554756299706
  124   -0.247408877858656    0.840641590862191   -0.481778541312713
  125    0.161011846776756   -0.399899469816804   -0.902305712736973
  126   -0.004816710354691    0.994139590133289    0.107996641757860
  127   -0.001957460021020   -0.809931980524857   -0.586520549745146
  128   -0.060983352809994    0.921899326445775   -0.382599872685393
  129    0.130706692894534   -0.972634089124158   -0.192090314972393
  130    0.176166573622822   -0.888025193358227   -0.424707657452839
  131    0.303066164369837   -0.538280200611982   -0.786387516205134
  132   -0.094662091382316   -0.987210524100966   -0.128274976357126
  133    0.068396734080501   -0.384898136825761    0.920421268243612
  134    0.170222958935399    0.066261010314041    0.983175275707968
  135    0.349561465286853    0.315333890681123   -0.882253545968739
  136    0.023340443458366    0.816491612956390   -0.576885317607442
  137    0.249716418191583   -0.174164903983681   -0.952527320713648
  138    0.299410601136968   -0.954060639188684   -0.011026725609997
  139   -0.139863821494690    0.873999253075083    0.465363747042137
  140    0.092902908608130    0.662276052682710   -0.743477961754858
  141    0.300123898090156   -0.350968355604121    0.886987519167947
  142    0.283237204647698    0.730434176174491   -0.621484191415720
  143    0.318310956430801    0.060351429415374   -0.946063338251531
  144    0.163897984889343   -0.872747750559209    0.459835638509081
  145    0.069895341311708   -0.996007357665709    0.055533636101840
  146    0.352961394297864   -0.902179254412612   -0.247973480523242
  147    0.124447155818454    0.958243376085987   -0.257453952379891
  148    0.503474889456098    0.621666489665913   -0.600036508317312
  149    0.342932928852727    0.547135524626732   -0.763570379205428
  150    0.406435267399628   -0.326020486197764   -0.853534425780921
  151    0.235355312603154   -0.564781789645227    0.790967386757890
  152    0.518363626866122    0.152468311733530   -0.841458593312426
  153    0.385225738624755   -0.832356725848767    0.398476362203999
  154    0.122224291755313   -0.165740989352189    0.978565862348299
  155    0.080247730616026   -0.626037181400535   -0.775653111406801
  156    0.417813643531210    0.908532665069915   -0.000394689918173
  157    0.482018824829146   -0.096354422529517   -0.870846529400751
  158    0.352463789039179   -0.121289571206974    0.927932172808214
  159    0.055278680913633    0.941839396295303    0.331485774992756
  160    0.516752781286790   -0.851149401970865   -0.092256482466040
  161    0.229874468415210    0.299948643071951    0.925844771163136
  162    0.323429965552491   -0.721897952841674    0.611764990062127
  163    0.049876723882448    0.454681815692875    0.889256295391258
  164    0.427660108187122   -0.650092546670168   -0.628081613032315
  165   -0.075888221629957    0.750782029234572    0.656176289114641
  166    0.392460089572667    0.115109938855119    0.912537549950349
  167    0.109125276119132    0.650721635002457    0.751433981033365
  168    0.513931583369407   -0.298057305011438    0.804385585739037
  169    0.106389066821758    0.834782455796949    0.540203311684046
  170    0.585038376190201   -0.747232072363614    0.315236940119511
  171    0.563249735723221   -0.068885153890291    0.823410329532751
  172    0.446198316614133   -0.520494032956435    0.728006197712258
  173    0.286383374358373    0.517146589636653    0.806563058736446
  174    0.746198357943495   -0.004018665685990    0.665711544836452
  175    0.298252417603229    0.724095918795587    0.621876672482096
  176    0.404283613143179   -0.796732147310335   -0.449191101410257
  177    0.531568517127279   -0.657061998750053    0.534513275230551
  178    0.249099327204091    0.950067229248047    0.187940908520226
  179    0.297864967147951    0.864475466309239    0.404918052814854
  180    0.450633809490225    0.782647338951826   -0.429409260002569
  181    0.531269939749043    0.400813785478537   -0.746391693743582
  182    0.583655348758819   -0.754528199951846   -0.300056043669592
  183    0.217455861113136    0.866444305404044   -0.449429876733232
  184    0.626282945856017   -0.245314592239073   -0.739993528731493
  185    0.350244638570578    0.906926549577598   -0.234121606913667
  186    0.611538480172179   -0.617575133447402   -0.494592399674847
  187    0.686513399805773    0.231678209480818   -0.689220254446198
  188    0.731752633123784   -0.665815040682735   -0.145699744395989
  189    0.673558450978711   -0.010004074131843   -0.739066256580507
  190    0.653356672423096    0.644997851303898   -0.396361994158841
  191    0.708945544303838   -0.225541028830752    0.668227101759350
  192    0.553323939900064    0.807054189881463   -0.206145948609830
  193    0.472611115430000    0.850235721551733    0.231814476186055
  194    0.677946284941395    0.470712292789957   -0.564640391887245
  195    0.766798705651514   -0.541367872704482   -0.344877618024984
  196    0.491721896940275    0.738553752405852    0.461246063264168
  197    0.818320672126284    0.461576690036423   -0.342488301677308
  198    0.541854486800893   -0.460353082037041   -0.703184723236177
  199    0.724120215302959   -0.406545447721186   -0.557109246671402
  200    0.447325763660371    0.352709846886584    0.821885287053436
  201    0.655465468139115    0.704207166447666    0.272868625534194
  202    0.795324448064210   -0.175168968561036   -0.580323060686564
  203    0.824659550408616    0.059886024040609   -0.562450255617745
  204    0.640129911918210   -0.442290726349241    0.628181987367551
  205    0.814423905642321    0.295824242805452   -0.499201081015345
  206    0.617027884831482    0.786190388663850    0.034369493929517
  207    0.725797345019692    0.665817303543740   -0.172932160872727
  208    0.861896214068181    0.492405058170710   -0.121128753245615
  209    0.472231350463218    0.581595820635806    0.662377424931322
  210    0.780326130691467    0.621363754042586    0.070698054585597
  211    0.921489928371168   -0.075738632875845   -0.380946152888565
  212    0.621849382057907    0.411864770130585    0.666086148451894
  213    0.588191308296774    0.165507199648967    0.791604921478187
  214    0.817417507319288   -0.330301054992712    0.471942614942350
  215    0.660521307447036    0.574704449216180    0.483142213493693
  216    0.653610793748441   -0.754411806665982    0.060462850234678
  217    0.745104403809229    0.222722205878533    0.628660676703016
  218    0.718418025875799   -0.545622685778817    0.431475868224667
  219    0.799374661463829    0.379343674377593    0.465938329952899
  220    0.810954203416542    0.514718846577758    0.278240523538008
  221    0.944637894060324    0.285793335483188   -0.161187525877997
  222    0.919883028050061    0.275881763943747    0.278755209868330
  223    0.868093345086800   -0.310807160528319   -0.387056653708902
  224    0.877712240025317    0.125805226246651    0.462378923350503
  225    0.913989821701236    0.397206342480221    0.082763079449885
  226    0.754819724006840   -0.619505096517336    0.215547256162737
  227    0.841904753197473   -0.539259718802866    0.019883214532741
  228    0.872133377434099   -0.418805224616228    0.252953663344774
  229    0.885607086402156   -0.429285847574335   -0.177239243923769
  230    0.963666288034436   -0.201468273282783   -0.175379075623023
  231    0.984626695988295    0.166650448971420    0.052324921450478
  232    0.870438877883223   -0.105601318580139    0.480816515298228
  233    0.921270265809776    0.166405498176404   -0.351525685422057
  234    0.986630921151458    0.037439037217522   -0.158611928681451
  235    0.965032236371870    0.035118202347242    0.259768155529129
  236    0.947261247962855   -0.317569995722775    0.042958420879857
  237    0.942236031294175   -0.198182625222382    0.270027606720067
  238    0.995226470811596   -0.084112221160504    0.049491474491484
   
 U =    26295.2714978818     


 http://math-lab.ru/  - см. Задача Томсона
