    100
    1   -0.014306501676822    0.000148157435987    0.999897645791381
    2   -0.938547008986624    0.242804765279123   -0.245306660896135
    3   -0.868118767865148    0.107662080649982    0.484539659130617
    4   -0.837032739716642   -0.464080963044127    0.289836250980596
    5   -0.512765666312157    0.472913310112952   -0.716536372119002
    6   -0.780082012464916   -0.249771473438202    0.573660409027149
    7   -0.965363532316361   -0.141937320334027    0.218922469312937
    8   -0.981519362761976   -0.119823213901365   -0.149205019800516
    9   -0.973218712250821    0.200801607894004    0.111910912747757
   10   -0.826687405445790    0.444794008260801    0.344595739806223
   11   -0.865546775173319   -0.060421333030532   -0.497170033793149
   12   -0.883178706925047   -0.465330313602106   -0.058847862129124
   13   -0.777679226429651    0.278153422090969   -0.563778054343075
   14    0.265054960242678   -0.261986245546358    0.927959630153853
   15   -0.557680929771374    0.814355712962328   -0.160675926432536
   16   -0.019639435367073    0.859204386973134   -0.511255429295947
   17   -0.716082833111282    0.581871974050702   -0.385552048286168
   18   -0.651553342399824   -0.742057404942839    0.157572363621028
   19   -0.588422006188615    0.092408851302276   -0.803255965949809
   20   -0.480632515880340   -0.394206249378614    0.783322294862964
   21   -0.843550392032314    0.535548948993103   -0.040125544663128
   22   -0.597005078901739   -0.602649731860874    0.529526426586574
   23   -0.817805786163530   -0.408735825226137   -0.405128030743565
   24   -0.632197597234202    0.002212004107388    0.774804043025803
   25   -0.397582188682725    0.764140121276164   -0.507954996331666
   26   -0.226187945866305   -0.663167517490083    0.713475897904633
   27   -0.265141976744544    0.273036844397128   -0.924743539458186
   28   -0.644658919855467    0.741768739610397    0.184916235056809
   29   -0.339046018452348    0.242834039497018    0.908889116797627
   30   -0.367753170273564   -0.835489984280084    0.408306370170009
   31   -0.338752969176973    0.929261914652589    0.147372724240241
   32   -0.637378482304409    0.349333431405185    0.686814985274788
   33   -0.199217396316663   -0.718756281918308   -0.666109477644463
   34    0.003043496189171    0.998476753606777    0.055090013957322
   35   -0.083840050857785   -0.391110137139343    0.916517161049922
   36    0.411038829788037    0.771680607853530   -0.485341240643414
   37   -0.656670494940618   -0.721706287152624   -0.218915271643660
   38   -0.219890803134948    0.948872001788459   -0.226472865744729
   39   -0.296193285670495    0.568895984868609    0.767220239516719
   40   -0.647694293172149   -0.259838689184372   -0.716223399642303
   41   -0.177131806491521    0.606772469816088   -0.774888051916104
   42   -0.395789888071077   -0.918212249919486   -0.015382737028229
   43   -0.333397894364708   -0.119765823615259    0.935148112080080
   44   -0.558560776349451    0.650198595660658    0.515025868597691
   45   -0.024732515066723   -0.989851700064629   -0.139935394299080
   46    0.207069143421138    0.949376541476292   -0.236234104941158
   47    0.031118732081111   -0.848337390187267    0.528540723997612
   48   -0.357781380503857   -0.443377805017616   -0.821832468196843
   49   -0.260567032506656    0.836249185113963    0.482485359329076
   50   -0.554815881707795   -0.619764378362839   -0.555041847717201
   51    0.178906803265412    0.658897231951373   -0.730648200895732
   52   -0.321159658806029   -0.873932358105264   -0.364826954887064
   53    0.483288453308112    0.469595979196735   -0.738858502841587
   54    0.175053152185219   -0.609804148191976    0.772978198112908
   55   -0.320446708627510   -0.103236016841567   -0.941624251894822
   56    0.558274191492570    0.814873874243190   -0.155918235589075
   57    0.226391594652174   -0.954299325592907    0.195088808094595
   58    0.008201915572358    0.381021400794898    0.924529837656545
   59    0.072852537279011   -0.881568251231853   -0.466401035839354
   60    0.384698998816100    0.774554024991187    0.502068464135960
   61   -0.119749912294804   -0.970277360178559    0.210289806767503
   62   -0.024343460563172   -0.361120987547264   -0.932201173717722
   63    0.110319315397440    0.366126278271577   -0.924002812230160
   64    0.036542400011287    0.710383112311537    0.702865909504786
   65    0.584775659995145   -0.115522529118098    0.802927127915978
   66    0.072625850999571    0.916952728813796    0.392330446036911
   67    0.131047570626281   -0.633452137877856   -0.762604040935349
   68    0.300918001482909    0.129077739520637    0.944874221017684
   69    0.514461467463501   -0.469283438012118    0.717706383769037
   70    0.021037743476805    0.025471207166139   -0.999454166510353
   71    0.408095945378324    0.145828197047806   -0.901216864196159
   72    0.361580854804456    0.922178131632145    0.137283571407234
   73    0.444688441588145   -0.471917383211319   -0.761279300481031
   74    0.715754810797488    0.202061602072198   -0.668480485719866
   75    0.339131069128179   -0.924572036425768   -0.173656751701415
   76    0.325611259509106    0.519022972515900    0.790311623147258
   77    0.298496508529069   -0.200156672573650   -0.933186551992794
   78    0.412444631631236   -0.750832195324167   -0.515888011397111
   79    0.706563456822098    0.550071788989763   -0.445184353320295
   80    0.711442600897402   -0.465226663585104   -0.526700652285349
   81    0.644012669114885    0.529787505993550    0.551881219568718
   82    0.701756958650606   -0.575900400171489    0.419375607382894
   83    0.395096536685394   -0.771141227631730    0.499239355165272
   84    0.656563382911503    0.721890015071239    0.218630579654927
   85    0.635159146289129   -0.145088612716838   -0.758631763996979
   86    0.645801005855190   -0.722888863315600   -0.245708673291572
   87    0.870792160913198   -0.111878415527089   -0.478752788640725
   88    0.576097188245680    0.256111613559407    0.776220890658979
   89    0.813685919138563    0.574072718377942   -0.091409731482987
   90    0.542970509250264   -0.827479933714269    0.143038405278925
   91    0.898869913766334    0.245958656108219   -0.362680599992806
   92    0.805822310197602   -0.243912047552758    0.539589953062898
   93    0.816504508713688    0.133241574319412    0.561753567076440
   94    0.860956142867840    0.414382218416355    0.295028637793809
   95    0.888118934532880   -0.402707270405314   -0.221521133273742
   96    0.795232712055468   -0.602989471876086    0.063313746402367
   97    0.964033585653121    0.265337658037494   -0.015335350011148
   98    0.989608146134769   -0.078122570788318   -0.120716945940201
   99    0.931153720021943   -0.310821111538868    0.190638365265338
  100    0.964105022723964    0.028194943901471    0.264019980866633
   
 U =    4448.44720786292     


 http://math-lab.ru/  - см. Задача Томсона
