     62
    1   -0.298253998584912   -0.052993564236218    0.953014288705921
    2   -0.993267059516114   -0.057624342962491   -0.100498674510428
    3   -0.699816862250961    0.451175963801581    0.553801958281960
    4   -0.886706744906346   -0.236118208337911    0.397491308368983
    5   -0.541916338183109   -0.118449346987768   -0.832043529274990
    6   -0.691376242123369    0.033408716130346    0.721722072209164
    7   -0.943900090854207    0.205246607516313    0.258701466150591
    8   -0.805732529156015   -0.388906626581654   -0.446706533711709
    9   -0.763469049489578    0.634248970640316    0.121832892574953
   10   -0.408567805545341    0.787477778812899    0.461466245946297
   11   -0.467149003928505   -0.555448227998719   -0.687931009725313
   12   -0.876120891980008   -0.481938238952842    0.012153866511877
   13   -0.887357349116763    0.395833086210668   -0.236459516258934
   14    0.205518958701045   -0.196772921109765    0.958666978221514
   15   -0.222694042171802    0.685005850979623   -0.693667317743071
   16   -0.229675308387216    0.226319980227713   -0.946587829663452
   17   -0.582811673304320    0.718496919428867   -0.379595482364380
   18   -0.604727579906875   -0.766184266959394   -0.217407964812402
   19   -0.843001221796150    0.055231645579192   -0.535068598757966
   20   -0.569964459082947   -0.424780001279675    0.703350883908681
   21   -0.420157886975205    0.907443788325071    0.003622297996323
   22   -0.639454471522970   -0.693727469336792    0.331421449421806
   23   -0.222536270078305   -0.878952242024340   -0.421806311877884
   24   -0.347918351051080    0.410561225182506    0.842847733210772
   25   -0.592349967713525    0.387992036491402   -0.706104592372150
   26   -0.234219740892699   -0.798433877725301    0.554657061504400
   27   -0.111914290751578   -0.232744505421825   -0.966077215713900
   28   -0.028145707185540    0.973922890814116    0.225126679705676
   29    0.068995529166691    0.246845316436655    0.966595575568343
   30   -0.318205395483481   -0.942132084731630    0.105510479121429
   31   -0.111060966836837    0.940120020202897   -0.322241849018670
   32   -0.031923453974997    0.719288737958588    0.693977380418302
   33    0.516914290356291   -0.852614160400815   -0.076476858653224
   34    0.299792038880581    0.948184471766134   -0.105218538886457
   35   -0.145580371522732   -0.475994895466590    0.867314945632239
   36    0.145775266813927    0.476001231497026   -0.867278732126323
   37    0.084246845377575   -0.990808473483811   -0.105834956024020
   38    0.272363797461177    0.785952584987138   -0.555064407059723
   39    0.369527773367867    0.519039640264407    0.770744494981301
   40   -0.026922680364553   -0.631509133021233   -0.774900886689878
   41    0.261013337483059    0.043705964390473   -0.964345283771665
   42    0.153102091098727   -0.929698111984535    0.334994283941664
   43    0.553714482675419    0.104256674425267    0.826154233489895
   44    0.350943057388421    0.836796188425350    0.420251245694375
   45    0.572070458110980   -0.731801621086072    0.370407584064489
   46    0.657349371163514    0.747333722544097    0.096871623189224
   47    0.245088046898996   -0.657535428262313    0.712445794322019
   48    0.365911320231474   -0.406104333227683   -0.837369796601333
   49    0.723631197262710    0.488418642476959    0.487652663305658
   50    0.282503065166987   -0.818748727564925   -0.499842514480384
   51    0.571336983288884    0.389602976911125   -0.722345881076612
   52    0.651805058300773   -0.565436280845934   -0.505402788156777
   53    0.666858535178603    0.660555209637826   -0.344915220133550
   54    0.591021083365494   -0.348342849195444    0.727565349939013
   55    0.666293167360760   -0.064338200969730   -0.742909153951104
   56    0.886155130952749    0.253120694847594   -0.388148164656213
   57    0.854256133153519   -0.372153055189707    0.362971848057896
   58    0.871048380316663    0.065491201828981    0.486811690113039
   59    0.838642215919913   -0.541547014398697   -0.058361501632461
   60    0.923170083519815    0.379839147970780    0.058984901143007
   61    0.997476878293771   -0.061237366603438    0.035914651617269
   62    0.900362006678547   -0.203864923443108   -0.384431203103124
   
 U =    1652.90941004183     


 http://math-lab.ru/  - см. Задача Томсона
