     22
    1   -0.322325701721289   -0.197154067270432    0.925870625826635
    2   -0.749882297243626   -0.129200372419163   -0.648832647180590
    3   -0.702602014629769    0.354627425416768    0.616919604308750
    4   -0.928772715475089   -0.282677732438545    0.239738487883007
    5   -0.129062266506734    0.079740916420514   -0.988425170466921
    6   -0.390722699397455   -0.783472502311294    0.483225216951316
    7   -0.909900929506123    0.387813297533944   -0.147245185794791
    8   -0.597955402646843   -0.750632326399194   -0.281070181645058
    9   -0.390069800953553    0.909346550893495    0.144687251553686
   10   -0.000972283033343    0.648534737887204    0.761184437846229
   11    0.001011454659210   -0.648715134506888   -0.761030650645020
   12    0.130105318584457   -0.988478347463556   -0.077350906082311
   13   -0.370699508149729    0.706614076668959   -0.602725825986263
   14    0.389047020996682   -0.001020821724934    0.921217332325339
   15    0.321444729376110    0.945742387484369   -0.047377446867513
   16    0.599292421283536   -0.157640643847798   -0.784855414200200
   17    0.701242842743175    0.553657361207837    0.449134725758146
   18    0.750744085138522   -0.619407292136874   -0.229603843777032
   19    0.390750188720965    0.601726385218129   -0.696591449378223
   20    0.370820979056313   -0.706640929667551    0.602619613031551
   21    0.928663700891631    0.282940058556835   -0.239851316256787
   22    0.909826471345177   -0.205780245710040    0.360375196864461
   
 U =    185.287536724638     


 http://math-lab.ru/  - см. Задача Томсона
