    139
    1   -0.192977961168712    0.103996061837436    0.975676342659527
    2   -0.986194548615855   -0.121197508349200   -0.112833843550225
    3   -0.878355615532179   -0.066951998298395    0.473295724243246
    4   -0.910987008676085   -0.410742006351288   -0.037331946666581
    5   -0.841298922023457    0.341704355446838   -0.418872602673928
    6   -0.806872526656213   -0.540386120613087    0.238620129863676
    7   -0.942742104393657   -0.246729595021274    0.224414419198182
    8   -0.886207167924116   -0.281783416405699   -0.367743064868191
    9   -0.989293059466181    0.048677062496513    0.137585559121423
   10   -0.916389081712706    0.382186637126798    0.119014391228339
   11   -0.751079212057707   -0.192436826723539   -0.631544206635884
   12   -0.784212024775382   -0.552344783016191   -0.282713177748214
   13   -0.917326773051227    0.024172004771329   -0.397400686497591
   14   -0.402046854150872   -0.132648908236067    0.905959488173267
   15   -0.652317485015318    0.749874328444775   -0.110319491853380
   16   -0.428936522541080    0.824757288452996   -0.368495420289082
   17   -0.845974922290729    0.510975333652214   -0.152416007211194
   18   -0.479311845510529   -0.873189852806574   -0.088315546247109
   19   -0.758909906838450    0.122187384168774   -0.639629577530971
   20   -0.622208464311429   -0.618171027252478    0.480334475136679
   21   -0.967243573889018    0.207888074875198   -0.145679158066911
   22   -0.720991190600213   -0.692539147206858   -0.023690349572890
   23   -0.669558196360538   -0.487661802223269   -0.560247970401301
   24   -0.787206675565326   -0.354325944200572    0.504736342273628
   25   -0.668902545341927    0.625304775722381   -0.401949402653959
   26   -0.394572756425631   -0.615146196898459    0.682574169104019
   27   -0.628447921866503    0.440661663702143   -0.640991815583423
   28   -0.750078742779427    0.640588240013293    0.164403729845480
   29   -0.740445507767797    0.204088179538897    0.640381499575829
   30   -0.567621342195757   -0.791744737589966    0.225712831674414
   31   -0.502552800822691    0.843520501236046    0.189509488891079
   32   -0.902089369507523    0.214791975536120    0.374298245610115
   33   -0.199864502153037   -0.502661922287233   -0.841061931525629
   34   -0.271952535442609    0.871404562931255    0.408284099823794
   35   -0.570311770117317   -0.369176761607730    0.733793570123425
   36    0.138295989413560    0.930056835607994   -0.340394626648202
   37   -0.563205854586904   -0.743988920387430   -0.359554796518946
   38   -0.394251118712753    0.915331501771209   -0.082062764144313
   39   -0.562809943144677    0.453219805213116    0.691257387707408
   40   -0.543826544624924   -0.085738319326773   -0.834806342788755
   41   -0.404336314099033    0.662552556617119   -0.630504761933585
   42   -0.196363352878834   -0.971598453372190   -0.132052561697801
   43   -0.683763080790119   -0.092785392225657    0.723780989207327
   44   -0.764686910218722    0.475738277903174    0.434657359626944
   45   -0.289874203838834   -0.866648986723775   -0.406069550396796
   46   -0.131371628334371    0.967446296885618   -0.216308016289457
   47   -0.344345361013188   -0.819303695268328    0.458440538421680
   48   -0.266364420743953   -0.198063144212385   -0.943303231345278
   49   -0.559844332732841    0.696663218375820    0.448591889437565
   50   -0.487006095773540   -0.383730702588546   -0.784586394586546
   51   -0.153307360454096    0.845409117365354   -0.511644678958093
   52   -0.407124277342896   -0.658842077146640   -0.632595400061623
   53    0.133390126243724    0.778751341930861   -0.612987293230101
   54   -0.270756521162777   -0.407469523906012    0.872157952056644
   55   -0.530544522135082    0.215667827087170   -0.819762098655430
   56    0.106757792723442    0.994284726247203    0.000810459341396
   57    0.104497181879593   -0.983801334410013   -0.145654637386874
   58   -0.507492989855723    0.150593800651606    0.848393996002213
   59    0.022127511530815   -0.905318356339308   -0.424156865921734
   60    0.058941603694901    0.943061639419823    0.327353985173037
   61   -0.290997303977723   -0.940309039546843    0.176463818456335
   62   -0.275964525546601    0.111505194857028   -0.954678046337997
   63   -0.105574437588992    0.637692083414949   -0.763022178496582
   64   -0.310656464282177    0.380406469184876    0.871081786861597
   65    0.147378748339542    0.057408515804884    0.987412662897813
   66   -0.340927050263230    0.671121172605751    0.658304730409174
   67    0.022772968555221   -0.294162386692231   -0.955484108794444
   68    0.027251909341645    0.332814156703145    0.942598573378514
   69    0.022385992847075   -0.479775112356380    0.877105870968650
   70   -0.326533551413496    0.437920129400540   -0.837616738172718
   71   -0.050088024524122    0.332289506591462   -0.941846523382910
   72   -0.179081591766327    0.975312246114143    0.129212252012820
   73    0.110066804873513   -0.585635013015646   -0.803067201419097
   74    0.173755080674428    0.515484925618243   -0.839097409959164
   75    0.556615759914140   -0.698744123732702   -0.449372390522853
   76   -0.094035844793722    0.580214417931874    0.809016989387681
   77    0.015309941331024    0.015231919050170   -0.999766769971122
   78   -0.105700384748150   -0.748594252221764   -0.654548756170715
   79    0.395699854406795    0.630936245539540   -0.667338803972098
   80    0.247272739504095   -0.767170101348070   -0.591866731533148
   81   -0.036745276999630    0.800961108371033    0.597587723681860
   82   -0.048814638182915   -0.894607225317515    0.444179066941214
   83   -0.110725424893590   -0.702272366603500    0.703244909961853
   84    0.345999464927380    0.914842963853781    0.208198755417021
   85    0.261216310589469    0.227797276716004   -0.938016225767336
   86    0.348297088164402   -0.883399115727731   -0.313520558668266
   87    0.313336484515765   -0.073503359697045   -0.946793273943446
   88    0.336696835842581    0.329443982681377    0.882100846280416
   89    0.422870392504146    0.803962819945851   -0.418120096728326
   90    0.009394647459969   -0.989177934093009    0.146419791362331
   91    0.494809634666218    0.367974425610553   -0.787247259466851
   92   -0.071480866500572   -0.181065033406437    0.980869991080293
   93    0.242964494146917   -0.236972821659000    0.940644532423861
   94    0.200197832525242    0.597717769185697    0.776308119403545
   95    0.597398162600471   -0.790294212573131   -0.136200194181197
   96    0.348273667175501   -0.937136147312632    0.021938417266636
   97    0.262443172682413    0.802619583264890    0.535654166111012
   98    0.563103665234036    0.069032612571190   -0.823497881358289
   99    0.174058564742579   -0.753554147489711    0.633924098643369
  100    0.448740374662588    0.036454998927788    0.892918310485822
  101    0.558194479292476   -0.807314152468496    0.191475279113191
  102    0.308170941834949   -0.365530944572451   -0.878303933253479
  103    0.574830232892635   -0.243497452297143   -0.781203682836557
  104    0.301911301481837   -0.522399869848639    0.797463442434616
  105    0.248310277351388   -0.912896451382920    0.323978510420289
  106    0.615663072468960    0.275078110030100    0.738438226651592
  107    0.455637427023409   -0.554800775173715   -0.696125444846066
  108    0.741440214464587    0.250602250484008   -0.622466802670679
  109    0.437909921334583   -0.752890011025894    0.491316122363360
  110    0.649867044422592    0.544621535568384   -0.530151117671726
  111    0.375114053651909    0.917552994479889   -0.131855788927986
  112    0.777817540903645   -0.560314056061073   -0.284689359904784
  113    0.526974186761957   -0.253573354956407    0.811171227388352
  114    0.660813989665491    0.705326156657699   -0.256592836604719
  115    0.477904640127676    0.562388901125751    0.674778392388943
  116    0.699359153628969   -0.605775380785821    0.379384978971447
  117    0.713498209212445   -0.020133563209964    0.700367721331519
  118    0.522161442216879    0.749223615148038    0.407444969003782
  119    0.716807237538214    0.481785022803098    0.504054139964601
  120    0.554937816392177   -0.520424136403666    0.649001339125260
  121    0.591276089538048    0.805752967756051    0.033981478674584
  122    0.832704117444083    0.550910201184453   -0.055693832895354
  123    0.759716811663011   -0.314065136413148    0.569379887391871
  124    0.844471693569037    0.412594904885118   -0.341515743741755
  125    0.780406491611063   -0.076905747398318   -0.620524950238440
  126    0.732342317158100    0.641095066729129    0.229503476912832
  127    0.714597212996699   -0.417085503933955   -0.561596390288888
  128    0.960767444693248    0.262283859348141   -0.090183670046476
  129    0.783381803508670   -0.619452649807295    0.050905447431732
  130    0.893278218851455   -0.241965817362714   -0.378822606180737
  131    0.921502384467086   -0.377261205568719   -0.092235232933579
  132    0.875898427931593   -0.399130054714114    0.271103565765691
  133    0.899215188517821   -0.089178202406244    0.428321483181093
  134    0.841365103108052    0.202948291485018    0.500915915354353
  135    0.909914822650765    0.108067798362589   -0.400470181758255
  136    0.892115548303670    0.389650516842410    0.228697011784774
  137    0.987519604088619   -0.042726553362834   -0.151589818848066
  138    0.977873728057313   -0.169913664068837    0.122034088426127
  139    0.975038164790463    0.116363375627684    0.189103521951804
   
 U =    8756.29732040707     


 http://math-lab.ru/  - см. Задача Томсона
