    190
    1   -0.100548283663848    0.013099827430397    0.994845936400983
    2   -0.993941500213873   -0.104433938597399   -0.034261445118825
    3   -0.912316309335281    0.071170090206325    0.403253977018052
    4   -0.934003398163857   -0.356050136379795    0.029427072608342
    5   -0.832771349966053    0.132581576055864   -0.537507213315562
    6   -0.864948560901143   -0.407080696800289    0.293511998541173
    7   -0.961301400777575   -0.153791385023703    0.228577835223724
    8   -0.934684177302388   -0.262908965131997   -0.239257946061945
    9   -0.981543384554943    0.113611088043012    0.153834667452138
   10   -0.930126675867502    0.367221650376690   -0.003553355356662
   11   -0.845041976001107   -0.145171253713163   -0.514615745864323
   12   -0.836391034908563   -0.517947855677042   -0.179388002731891
   13   -0.947004728332448   -0.007553627487700   -0.321130794580283
   14   -0.574739049593922   -0.001554931423572    0.818335265682803
   15   -0.836427816633509    0.504677442458789   -0.213750290373972
   16   -0.673968986072092    0.625808024266750   -0.392594093914190
   17   -0.906339755561072    0.277676467628381   -0.318502789336169
   18   -0.668376551326443   -0.732782525708328   -0.127681461667288
   19   -0.692616356608277   -0.006758332548107   -0.721274502183354
   20   -0.725110790747827   -0.443608951435223    0.526711913048873
   21   -0.983405548541444    0.144327329299007   -0.109923378383840
   22   -0.808468260585647   -0.582402022848188    0.084775912899581
   23   -0.813602648124024   -0.396931989782777   -0.424847886251845
   24   -0.861390395668583   -0.192639527781471    0.469996381460595
   25   -0.765767395038247    0.404312467611391   -0.500131707883358
   26   -0.494847606734171   -0.248084352109479    0.832814505365921
   27   -0.655729534314382    0.264462209803138   -0.707162299202867
   28   -0.820222291038589    0.561030793952286    0.111713211039143
   29   -0.799929799364204    0.287448055181525    0.526769334397422
   30   -0.698521813287334   -0.629131344790730    0.340970713351723
   31   -0.713700606589189    0.694243909746229   -0.093042129890137
   32   -0.901155432933065    0.335870284815669    0.274062105138709
   33   -0.460209492438113   -0.441776357184413   -0.770091470737551
   34   -0.535565268929443    0.844005336014936    0.028719949422810
   35   -0.702445788682790   -0.222973081192420    0.675908957645459
   36   -0.091226526174535    0.985899276907505   -0.140286623437111
   37   -0.668182974578320   -0.647042691688085   -0.367242791102434
   38   -0.533307956130098    0.802603367749501   -0.267227352652186
   39   -0.623349664048002    0.473591317885355    0.622210944901209
   40   -0.496841247333860   -0.183073767911802   -0.848311717737242
   41   -0.564986043436758    0.526031090203190   -0.635674494424090
   42   -0.449042208598488   -0.882195689230258   -0.141745761137826
   43   -0.774899183011657    0.034910701026201    0.631120035430444
   44   -0.755412239947925    0.527268068560412    0.389025361144272
   45   -0.452862040522439   -0.806587014801758   -0.379912305416714
   46   -0.265886107207262    0.893025752140836   -0.363055896533112
   47   -0.524610151824822   -0.470879933050230    0.709264603129854
   48   -0.279994658294980   -0.100578330126187   -0.954718278255583
   49   -0.654270736063811    0.722073925330692    0.224808919502862
   50   -0.682607205305091   -0.269660039805745   -0.679213417268487
   51   -0.438647763511242    0.737339642632076   -0.513729881328494
   52   -0.638152390934597   -0.504832152135869   -0.581296846812646
   53   -0.162741609764371    0.801309700129482   -0.575689093981900
   54   -0.287674705502925   -0.417037296644959    0.862161908820420
   55   -0.491050411180201    0.091747188304062   -0.866286296277423
   56    0.038080774033570    0.993729146626907    0.105129623765915
   57   -0.213199009573163   -0.931155362075057   -0.295797014852909
   58   -0.621321283949956    0.242046486788925    0.745233762214191
   59   -0.214716352283025   -0.813329709998752   -0.540732531752638
   60   -0.238153894012492    0.965522801725288    0.105111569844796
   61   -0.625622816074163   -0.770199309408602    0.124052874992668
   62   -0.043950794670343   -0.002588544535279   -0.999030343425581
   63   -0.321179935636249    0.612897846807414   -0.721941603125579
   64   -0.410880726656207    0.379525302736644    0.828937617101025
   65   -0.374177689739530    0.132945045309910    0.917778116664771
   66   -0.544715960211178    0.695455341337359    0.468643138108895
   67   -0.251944027207979   -0.368869960641578   -0.894683832026994
   68   -0.152294314108187    0.273861341021225    0.949634881301426
   69   -0.035854793041963   -0.759292462796356    0.649761025113512
   70   -0.439205331231734    0.365162167054754   -0.820825967406916
   71   -0.259868927066896    0.179902610314881   -0.948737683212274
   72   -0.350398782102397    0.928436756697862   -0.123393202055507
   73   -0.235578607613314   -0.619430622346832   -0.748871433380917
   74   -0.191866957774276    0.436783643034538   -0.878866952212860
   75    0.745379476209856   -0.657210597363751    0.111730332309099
   76   -0.405805502480532    0.604618690235123    0.685389038119875
   77    0.193057226975417   -0.109884102199567   -0.975015072291889
   78   -0.441050401846040   -0.670295519850818   -0.596806885934947
   79   -0.047061232868837    0.657970821627461   -0.751571445870417
   80    0.012862741496888   -0.746646610698142   -0.665096525787168
   81   -0.419290462368638    0.866723055928914    0.270160419913685
   82   -0.514948891796967   -0.662158332287602    0.544402407984367
   83   -0.293172675285388   -0.641987459315110    0.708450340213158
   84   -0.121794712491597    0.934955950674501    0.333201768163720
   85    0.007405677860139    0.244218225992306   -0.969692020194352
   86    0.022663290539772   -0.901193171497986   -0.432824725388133
   87   -0.026140990925859   -0.271966850947737   -0.961951495959638
   88    0.088977948403094    0.434847609037002    0.896097361681631
   89    0.011492428632475    0.925242542518779   -0.379202006320526
   90   -0.405309201164345   -0.907911724309070    0.106867919946318
   91    0.075392042965786    0.469749889874385   -0.879574374808889
   92   -0.304670934988764   -0.126816602287071    0.943977314747253
   93   -0.078663643242132   -0.283188046324035    0.955832915132687
   94   -0.170365736516836    0.507202861923687    0.844819964653711
   95    0.033554545424634   -0.986249764623009   -0.161819325985515
   96   -0.195246121222789   -0.980243529302914   -0.031647676174127
   97   -0.301081570312320    0.815387259138589    0.494462845573585
   98    0.199904815999609   -0.407556593029122   -0.891030688595324
   99   -0.254802995559310   -0.819550226192682    0.513237625473353
  100    0.130621212166290   -0.120578571508047    0.984072612679211
  101   -0.209484637128955   -0.938577796757736    0.274204132427549
  102   -0.016803293340854   -0.535696844176186   -0.844243176148067
  103    0.242517688409812   -0.629960929461072   -0.737790212838923
  104    0.214759855650178   -0.813883748629525    0.539880957358071
  105   -0.466871521382249   -0.813187789929776    0.347500504792944
  106    0.150734321328801   -0.411013341614647    0.899081307440160
  107    0.254639167047761   -0.922673389832304   -0.289538788939562
  108    0.251320169378857    0.144939784928085   -0.956990402882068
  109    0.008720542054102   -0.910080553162930    0.414339641961685
  110    0.125192058022146    0.802074818201984   -0.583954565539507
  111    0.307687847769610    0.945004978558465    0.110877314337155
  112    0.673768526745952   -0.442371641695396   -0.591898051179685
  113    0.192816512588362   -0.638283777096217    0.745262109843945
  114    0.171391567478338    0.975154732664716   -0.140350197573517
  115   -0.166525815479960    0.709426572862772    0.684823400954521
  116    0.012701943754246   -0.990807221853922    0.134683739727467
  117   -0.060433120014747   -0.555201839326997    0.829517182229038
  118    0.009163830074551    0.840332771860734    0.541993410250734
  119    0.081200169333873    0.655453850084868    0.750857365222632
  120    0.434284527377168   -0.816852190521736    0.379670183344217
  121    0.160972352499367    0.926367661093873    0.340486208546378
  122    0.552064316131666    0.824413605202627    0.124768579421596
  123    0.407207715214502   -0.479343713288529    0.777439053045671
  124    0.285850796836030    0.882710421898701   -0.372976719138908
  125    0.457290507433986   -0.466171149507513   -0.757343945098666
  126    0.410801771565095    0.837915017215768    0.359361000114480
  127    0.260565174752641   -0.804121486798954   -0.534316782605941
  128    0.423274767545282    0.896583554006052   -0.130293521885641
  129    0.450963622229665   -0.886084121219377   -0.107176217270364
  130    0.489827799540313   -0.794939600436126   -0.357966141493782
  131    0.615266094124530   -0.222113904906646   -0.756381548339108
  132    0.248683583934627   -0.968533496786499    0.009966979680189
  133    0.351726515536345   -0.246630524894564    0.903029258916284
  134    0.106293275266711    0.179931351996513    0.977919448728668
  135    0.316147395251710    0.379494371417293   -0.869502643203661
  136    0.544564520246939    0.765388185360853   -0.342972898343648
  137    0.394669135534673   -0.241567548875590   -0.886499516517947
  138    0.523968915271375   -0.840973499394925    0.134982032673955
  139    0.265721334920044    0.773197484277729    0.575810578641015
  140    0.245832198109529    0.623454306585309   -0.742207018272442
  141    0.602643849194265   -0.310609449386143    0.735079697026355
  142    0.405536332846398    0.722668206619042   -0.559723990805748
  143    0.468162242847604    0.006867694612399   -0.883615837987647
  144    0.441859639318454   -0.668175759735319    0.598582670350132
  145    0.245017899749519   -0.932642534156470    0.264847375453357
  146    0.658751978236640   -0.741957160145977   -0.124681208196865
  147    0.649636906961197    0.754174142299887   -0.095881448675530
  148    0.650210667866427    0.570166928053399   -0.502131219450499
  149    0.498599024749553    0.503850856599796   -0.705360423345715
  150    0.691065951783719    0.042358153817169   -0.721549469607222
  151    0.646570781206269   -0.511169479242716    0.566261413466471
  152    0.530157392411762    0.246840607735001   -0.811173750588724
  153    0.644901014414922   -0.678233547127506    0.352281048535749
  154    0.332449674822552    0.053494807537378    0.941602633427137
  155    0.488413842522233   -0.653949743136573   -0.577755702597801
  156    0.792169235953046    0.607809252577856    0.055098222206487
  157    0.706667237530216    0.321436119265122   -0.630317568082305
  158    0.536160739460391   -0.079878111310032    0.840328000720450
  159    0.641043645973596    0.695121329164702    0.325375754624061
  160    0.825544861220370   -0.545709141373489   -0.143795741014990
  161    0.334733622394419    0.323362131936010    0.885093403923286
  162    0.811425775477164   -0.473512500362694    0.342599070184893
  163    0.325007580797265    0.565694314432104    0.757865433334640
  164    0.793720938906288   -0.181050743205660   -0.580713095707681
  165    0.507589161136780    0.654966059407407    0.559797020821648
  166    0.558855012162726    0.178000394415242    0.809936377111571
  167    0.544894782870926    0.424205823591363    0.723283550781587
  168    0.791174577616561   -0.274965451699752    0.546293683017485
  169    0.707617259851177    0.469931362164539    0.527676348167031
  170    0.898151647660904   -0.428438339124335    0.098814003928511
  171    0.732531164363301   -0.043781628663493    0.679324121629814
  172    0.919121028993333   -0.224899842086372    0.323475802946314
  173    0.748094904681189    0.219944702831258    0.626081736905423
  174    0.970841929288531    0.063017101523600    0.231289414480834
  175    0.881234092854828   -0.001275218541221    0.472678376285610
  176    0.691408725809167   -0.616000849287410   -0.377487652184986
  177    0.982459433943931   -0.164421308445817    0.087972120490166
  178    0.806808413446565    0.511105514472119    0.296363521824173
  179    0.878758944109186    0.262138848325726    0.398830718910380
  180    0.765278937101429    0.590776934546959   -0.255598830271589
  181    0.831676752764558    0.379332472656544   -0.405488167643981
  182    0.838021104685683   -0.384461981575578   -0.387181627694764
  183    0.902186788189068    0.413546416150588   -0.122630994883425
  184    0.846393503108614    0.108538652719234   -0.521380282290596
  185    0.925087574571098    0.352651261901112    0.140890265290820
  186    0.920015615913790   -0.111831828408628   -0.375586086842354
  187    0.942304200931027    0.179545884242495   -0.282535074564770
  188    0.938188410004224   -0.311179561059828   -0.151557870506148
  189    0.988638234519498   -0.050607205200640   -0.141539224344175
  190    0.986378668448458    0.164082682733893   -0.011575649299139
   
 U =    16604.8904694508     


 http://math-lab.ru/  - см. Задача Томсона
