     79
    1   -0.382165726716569   -0.021636801200859    0.923840465749900
    2   -0.938410918530797    0.123233710732823   -0.322797770316346
    3   -0.873271955913311    0.077707724656026    0.480996466249102
    4   -0.646138619299458   -0.590440439898742    0.483616554288591
    5   -0.342874063168512    0.253959866944434   -0.904401328386840
    6   -0.684069772790385   -0.216201342062345    0.696638733953943
    7   -0.904041849787463   -0.289033956800340    0.314909043454139
    8   -0.968675981438153   -0.227200127276940   -0.100234450914714
    9   -0.986400557117477    0.129777092895611    0.100855575343628
   10   -0.806616717667326    0.465488972272348    0.364265682534634
   11   -0.804771888839218   -0.181849191883987   -0.565042545606344
   12   -0.794013907492448   -0.602901667628321    0.077791348359339
   13   -0.760495063832456    0.477691873251006   -0.439838302238917
   14    0.330950644351982   -0.286390332031018    0.899139727029215
   15   -0.179532571091630    0.868538549506583   -0.461961950747277
   16   -0.055527945668598    0.617011625215678   -0.784992548753511
   17   -0.554584480051018    0.783643871370958   -0.279889866464077
   18   -0.488466983823620   -0.853646432843782    0.180797603433623
   19   -0.686083644647896    0.186880912569467   -0.703110771545894
   20   -0.379689128229940   -0.468885564647004    0.797485105296424
   21   -0.869665261068369    0.490501971863656   -0.055589111242683
   22   -0.267053134861109   -0.782811360393453    0.562040031670170
   23   -0.796575769804746   -0.508720106254162   -0.326605107817882
   24   -0.624111532879480    0.246622690781270    0.741391963079336
   25   -0.444131670067824    0.592785181518137   -0.671827945396197
   26    0.059096530109375   -0.621187858608880    0.781430255650462
   27   -0.074348221669180   -0.110853899665608   -0.991051842671996
   28   -0.630922847158358    0.764453576482794    0.132465430721593
   29   -0.254215443575124    0.397007628332733    0.881906713487045
   30   -0.104409134913303   -0.966887990477783    0.232865511436303
   31   -0.264963232356963    0.962970859466551   -0.049815753705049
   32   -0.510655916229232    0.614394577772724    0.601456430694327
   33    0.159539512968986   -0.907850224451445   -0.387756513504389
   34    0.050151031335632    0.965381265411655    0.255976339625683
   35   -0.064527169230166   -0.275321905721540    0.959184076525982
   36    0.234854139626947    0.798465067452336   -0.554343818544432
   37   -0.543165112641191   -0.805317951266349   -0.237559798319608
   38    0.127872230879297    0.976093297148202   -0.175757127401149
   39   -0.097949186724426    0.737017405884804    0.668738588869266
   40   -0.485146313532752   -0.152562570951535   -0.861021321693162
   41    0.051474674763140    0.266498909010252   -0.962459707912167
   42   -0.176069567728192   -0.971178676774923   -0.160659531611780
   43    0.039549883811699    0.109559935152825    0.993193046340836
   44   -0.324464475375762    0.875525413699920    0.358019628211521
   45    0.248698358305397   -0.968291234830377    0.023689895036995
   46    0.517280932038526    0.823092934971255   -0.234389542748305
   47    0.188353914001361   -0.857255980224962    0.479202449335255
   48   -0.202653200824285   -0.469936087141168   -0.859122665396578
   49    0.288338785852089    0.785559517789140    0.547500674505736
   50   -0.550309205373670   -0.527575594822576   -0.647165952618496
   51    0.367503631886602    0.462203166804688   -0.807037367874546
   52   -0.259332156723228   -0.799390648417044   -0.541960721558913
   53    0.620347185420244    0.581578873326889   -0.526246504635431
   54    0.476768228979990   -0.596124870199353    0.646008664775550
   55    0.256007824296629   -0.358407200253294   -0.897777407103510
   56    0.799747505477067    0.598813270200246   -0.042738681721549
   57    0.793626458989163   -0.474326259640145    0.381013966946243
   58    0.437734030722810    0.110198810956903    0.892325691892174
   59    0.529904153202814   -0.812735923948824   -0.242202201355521
   60    0.534832374782760    0.479194438296345    0.695936075505562
   61    0.533025629908364   -0.803641244843187    0.264659077773055
   62    0.098862054200136   -0.689838744088841   -0.717181149636032
   63    0.378722931402225    0.027093934712858   -0.925113430846121
   64    0.166472159551790    0.479117477862648    0.861819855016522
   65    0.683496263435003   -0.223278992573604    0.694967157026651
   66    0.431987031041557    0.890507329761103    0.142772198461924
   67    0.481973763522481   -0.624646004085841   -0.614425472173450
   68    0.765895853003645    0.165346718589872    0.621340490394261
   69    0.936212597548521   -0.094679429064496    0.338440213189082
   70    0.641127717408191   -0.246411127732864   -0.726799013552152
   71    0.689837696497046    0.180354556241917   -0.701139206245401
   72    0.665373851431768    0.655275687646327    0.357619086473987
   73    0.790757853871205   -0.471388503598878   -0.390505947734239
   74    0.873470450709840    0.339191444943520   -0.349282887376231
   75    0.780233552071787   -0.625486482205498    0.001504925125305
   76    0.896130512595385    0.341786018797587    0.283076706477286
   77    0.901803734217765   -0.075419071648285   -0.425513793645524
   78    0.961345638400735   -0.272701847414108   -0.038056089457750
   79    0.990610131724714    0.131465165294429   -0.037529684763579
   
 U =    2733.24835752631     


 http://math-lab.ru/  - см. Задача Томсона
