    230
    1   -0.080709218715843   -0.031177238336184    0.996249969547807
    2   -0.996280490052706    0.052831297142581   -0.068073777495982
    3   -0.923691223705026   -0.077610258310081    0.375194844121498
    4   -0.980579921610136   -0.195076660517599   -0.020201828045040
    5   -0.829984258208109    0.242151153072975   -0.502482785966010
    6   -0.824520137460823   -0.495072003291090    0.273989515271904
    7   -0.940035972347957   -0.265826696332962    0.213701984568544
    8   -0.960783486747984   -0.104675220367782   -0.256784325521132
    9   -0.987122163599574   -0.013233355135486    0.159419924859956
   10   -0.962962164966351    0.232844915425622    0.135967327706894
   11   -0.880479501800805   -0.001965127853470   -0.474080146368867
   12   -0.915316325786490   -0.346036698998892   -0.206045205463922
   13   -0.944213206312399    0.148220045091062   -0.294095629444681
   14   -0.516046235258766   -0.227170047944997    0.825887433244944
   15   -0.851203306213814    0.509320209887010   -0.126672235676659
   16   -0.719005607915703    0.642214009307585   -0.265691742504067
   17   -0.861340956336080    0.389605554546457   -0.326035686397356
   18   -0.812649601211043   -0.563195507523933   -0.149704528843959
   19   -0.732568593938196    0.104315865118312   -0.672652551812623
   20   -0.689541393413802   -0.503979094276494    0.520132424773919
   21   -0.951601349951444    0.292126487442351   -0.095482910016316
   22   -0.902010474800005   -0.430149541466983    0.036721592106197
   23   -0.865226074919871   -0.253221119862498   -0.432738840103746
   24   -0.838886778268607   -0.328402655929447    0.434074496860392
   25   -0.716737084820451    0.515201299093102   -0.469952734491312
   26   -0.513577964591451   -0.477497167574633    0.712905413953566
   27   -0.675874608687120    0.357976406223057   -0.644240953308354
   28   -0.855500573752507    0.405280784635566    0.322282878717302
   29   -0.817559700924954    0.093410667565115    0.568217020695912
   30   -0.658691387913686   -0.664787781278740    0.352395887250166
   31   -0.878608840161779    0.466749258976784    0.100953629128410
   32   -0.918396729483736    0.167102335511036    0.358642240596859
   33   -0.599621327930942   -0.258487284160732   -0.757389323279344
   34   -0.741239429159601    0.629143168863452    0.233972181533623
   35   -0.677894392257833   -0.311768685361304    0.665777350000334
   36   -0.391146481890221    0.920205958806248   -0.015014096122560
   37   -0.786321103482273   -0.487135603675740   -0.379997402425191
   38   -0.734881441171340    0.678190426182340   -0.002648255378668
   39   -0.656620003163298    0.194270900760531    0.728772247388388
   40   -0.582059611221763   -0.031499487876782   -0.812535778441707
   41   -0.532888049603058    0.608356287728120   -0.588160653029348
   42   -0.651394983506524   -0.682846369360482   -0.330764888272235
   43   -0.808661595234347   -0.141086532839666    0.571105081963314
   44   -0.781649200115834    0.323990762286797    0.532967648090480
   45   -0.591323615126597   -0.593213544208417   -0.546291198136397
   46   -0.573631469131803    0.807111407325174   -0.139707243145323
   47   -0.498798613752678   -0.669391174955778    0.550559168309574
   48   -0.379175973469723    0.020770692846619   -0.925091433028087
   49   -0.696520083145269    0.551007778979884    0.459619626733849
   50   -0.762724745907179   -0.136110928208633   -0.632237911867845
   51   -0.548360385723085    0.740133428904891   -0.389234369997200
   52   -0.713535923735918   -0.386261808605095   -0.584523995017698
   53   -0.341547277617029    0.798539397294155   -0.495661465237599
   54   -0.319153118268303   -0.620801866893896    0.716063076244455
   55   -0.548668515355963    0.208316925459700   -0.809670870677772
   56   -0.185417237425940    0.976105600213028    0.113306245627045
   57   -0.435723967817700   -0.770535193475719   -0.465209780082637
   58   -0.668727243861085   -0.051545348438880    0.741718916013521
   59   -0.361035999468438   -0.657638927565037   -0.661183823183034
   60   -0.379898134950853    0.893965083678418    0.237705355902434
   61   -0.764958790842312   -0.636619528334895    0.097742643998022
   62   -0.132420385743539    0.154821077575350   -0.979027719412448
   63   -0.316256393684200    0.657063411555032   -0.684287634441487
   64   -0.491596790537295    0.037707547294935    0.870006170328942
   65   -0.322819705792310   -0.130447668138604    0.937427780380636
   66   -0.610337324430974    0.427275151047759    0.667026458023634
   67   -0.405314586343309   -0.230150155654596   -0.884732158310931
   68   -0.273695421583740    0.111464496000132    0.955335795589977
   69   -0.183283888933233   -0.918910476436945    0.349300089252690
   70   -0.485698394407812    0.441631893093665   -0.754359556625472
   71   -0.334891812117216    0.258339940767593   -0.906150069900700
   72   -0.575279452266532    0.809239763827539    0.119098935512737
   73   -0.285515790342056   -0.486701359238132   -0.825592224031396
   74   -0.271790133886203    0.477111156155119   -0.835760173611094
   75    0.530308821844903   -0.837941186644280    0.128946194975450
   76   -0.459532933083600    0.278190756149981    0.843468663676538
   77    0.064715683212826   -0.005089999444004   -0.997890761682839
   78   -0.498107287200011   -0.462497292606986   -0.733474869896340
   79   -0.080359479173273    0.618125719867320   -0.781960963568839
   80   -0.124098906314143   -0.663363646625399   -0.737935047133205
   81   -0.561712534286354    0.746559831564598    0.356549360846208
   82   -0.437691827032324   -0.819158517400424    0.370682057725276
   83   -0.267471520014911   -0.794824723045311    0.544713360967818
   84   -0.349138226775100    0.812461689876957    0.466913804771950
   85   -0.076386961487683    0.384629479737792   -0.919904992611364
   86   -0.200539010784224   -0.814666677320193   -0.544152837002400
   87   -0.173322869204574   -0.078906606408438   -0.981699001973516
   88   -0.029411632605681    0.210407993872253    0.977171137509762
   89   -0.378125777053337    0.886016633671834   -0.268319625791035
   90   -0.663573038981770   -0.742417265149241   -0.092127229117241
   91    0.124061041142655    0.503800252786007   -0.854864997156484
   92   -0.337856782535041   -0.387350786863691    0.857794941936096
   93   -0.138346966250139   -0.519445109949195    0.843230036632502
   94   -0.232691341350109    0.339013265245185    0.911550736738491
   95   -0.259567042607936   -0.910918356600057   -0.320706560582758
   96   -0.478456103436467   -0.842845678428947   -0.246355270773818
   97   -0.502501491423865    0.643074955607052    0.577881348191633
   98    0.042763300605666   -0.245304385901557   -0.968502482381315
   99   -0.341875640632982   -0.923542917167516    0.173751335222217
  100   -0.136460597971248   -0.271190150995900    0.952803446259589
  101   -0.480443166645217   -0.876915301960634   -0.013925401653296
  102   -0.191831037284241   -0.302984691808210   -0.933488687486000
  103   -0.030732532755282   -0.475246701220436   -0.879315690983357
  104    0.061666077258958   -0.955775340746438    0.287560068397060
  105   -0.586366710275091   -0.791272754250428    0.173382552357813
  106    0.106349882864546   -0.588683264598533    0.801337454756927
  107   -0.032465299279444   -0.923352120941573   -0.382579227213652
  108    0.109655199566535    0.243426692818389   -0.963700774323402
  109   -0.110610577016791   -0.987783772099492    0.109765749798888
  110   -0.113865348645307    0.790536928148477   -0.601735861995488
  111    0.015177074539893    0.999509771393551   -0.027383814511907
  112    0.273497857783019   -0.724367236189505   -0.632843605421811
  113   -0.012787035562514   -0.861064295248715    0.508335294042580
  114   -0.185109677391006    0.971176920211741   -0.150165898206733
  115   -0.408058374224379    0.501476962979951    0.762895286933772
  116   -0.271958461769976   -0.958803280535000   -0.082066219037012
  117   -0.086268008413142   -0.715209618277223    0.693565449433707
  118   -0.270068679396038    0.701692574437291    0.659310578854038
  119   -0.182772999516392    0.547864325645874    0.816356975429483
  120    0.304132973641768   -0.926714206854754    0.220689630833393
  121   -0.158784397906149    0.916310535321130    0.367644553667106
  122    0.213417041165108    0.971997744656562    0.098354211515761
  123    0.163620801424576   -0.748380048640318    0.642771760532691
  124   -0.145672568943312    0.910562475469918   -0.386853306724332
  125    0.216085108973063   -0.406918786175332   -0.887538352488327
  126    0.029835468210543    0.969613805161868    0.242814566441515
  127    0.035597688749389   -0.796112308126159   -0.604100982788260
  128    0.060287822166276    0.962497328338666   -0.264507601855557
  129    0.176198085946582   -0.963744656964564   -0.200375823594103
  130    0.192283704467035   -0.881974192389774   -0.430288857576907
  131    0.377328643568305   -0.535018686786372   -0.755895561259814
  132   -0.050424578400572   -0.988225768634434   -0.144454809888788
  133    0.059767007691954   -0.393690373090388    0.917298094911082
  134    0.167923812403536    0.069425004419041    0.983352308173057
  135    0.307833119641534    0.351398022994740   -0.884170911016162
  136    0.093378188287293    0.869053337708037   -0.485825905207517
  137    0.272332234448761   -0.168775993868525   -0.947285499716868
  138    0.358655810900669   -0.933355855348858   -0.014589605655566
  139   -0.079272849331039    0.815921809978862    0.572701855558157
  140    0.113830724674145    0.720311654294527   -0.684246802555658
  141    0.287477668476198   -0.351329142553939    0.891024367635253
  142    0.322235486557636    0.767475691740621   -0.554206959348418
  143    0.288345891369719    0.077842360909108   -0.954356963498616
  144    0.236950141095600   -0.863745813533567    0.444744646103819
  145    0.125331583479409   -0.991036788244206    0.046239361253716
  146    0.402383806333617   -0.883286257704534   -0.240608934478315
  147    0.267544769481381    0.954834504945354   -0.129270508968267
  148    0.520191492492139    0.627087346309423   -0.579795025192013
  149    0.313414806165420    0.596568693852636   -0.738834861651271
  150    0.449379264396403   -0.314004028084561   -0.836337101339656
  151    0.337542125482641   -0.547805108358769    0.765489958641325
  152    0.476982288201885    0.178921652093565   -0.860508535201019
  153    0.466741753108897   -0.802580647072636    0.371505640400387
  154    0.117032234091621   -0.168478480353500    0.978733088150850
  155    0.124969519855647   -0.617858097467055   -0.776295040884225
  156    0.438120604396000    0.895577813425630    0.077399716430037
  157    0.485812559144601   -0.072251919057897   -0.871071648930112
  158    0.349004268599756   -0.103494434445882    0.931388706468935
  159    0.113530641924644    0.883623941341146    0.454224089666011
  160    0.586272114602641   -0.803159803206863   -0.105921377219431
  161    0.211960643394497    0.309730857403870    0.926897773016881
  162    0.392061648226752   -0.704584824289265    0.591479407393857
  163    0.015179211304359    0.440460267977707    0.897643773374039
  164    0.522972394872691   -0.626540934162921   -0.577880897780310
  165    0.003707246117647    0.665768606086381    0.746149059823854
  166    0.393264899570888    0.148531080491558    0.907348464975563
  167    0.217707522409287    0.545906424828309    0.809067123307815
  168    0.495217482103276   -0.281901686014461    0.821760965756768
  169    0.191669618735843    0.744654935651359    0.639336987873944
  170    0.666668629998991   -0.696585124205410    0.265183148995184
  171    0.555517609734286   -0.021804228374145    0.831218840558919
  172    0.546366298869160   -0.474516201883166    0.690158127975314
  173    0.416658901455755    0.395188324320028    0.818670598078868
  174    0.678447227773869   -0.196178956538319    0.707971169001597
  175    0.409850754558340    0.611935853572324    0.676429501205167
  176    0.409460415027515   -0.791612839693237   -0.453532006101339
  177    0.594602956628957   -0.624696706276074    0.506163362103509
  178    0.302087731542594    0.903244331320285    0.304783005414049
  179    0.373801255866738    0.784316742670217    0.495095817271395
  180    0.521638503449507    0.764664781294234   -0.378392711302953
  181    0.487779241612138    0.443343617523703   -0.752009207558846
  182    0.604204351872276   -0.721494440354353   -0.338205372098615
  183    0.304511198952813    0.886238358512931   -0.349076641459475
  184    0.655554192984718   -0.204467427317646   -0.726940005245452
  185    0.492960910258555    0.855752319158079   -0.157090767432800
  186    0.715663253484442   -0.531109364329424   -0.453595580593173
  187    0.641071774880726    0.268245922030779   -0.719076563910362
  188    0.762720773942924   -0.612852475383187   -0.206564431625116
  189    0.669255830134225    0.032439997748170   -0.742323568518102
  190    0.704034606999044    0.595634988692327   -0.386722422925272
  191    0.729125530190121   -0.378686187334144    0.570063797085296
  192    0.686357987400346    0.705796206697626   -0.175397912595871
  193    0.530024396472207    0.796973689682499    0.289667183329655
  194    0.685648878604740    0.448440693497192   -0.573399127732001
  195    0.863238035618779   -0.400481209264537   -0.307302611259724
  196    0.577736648990359    0.653294150339317    0.489312903514531
  197    0.842154822074326    0.501169866298207   -0.199007589733653
  198    0.604908833155305   -0.428241571989345   -0.671337813318140
  199    0.785500463691798   -0.310547348831345   -0.535303059652934
  200    0.588903719803199    0.223439373432987    0.776702810090082
  201    0.718652644254995    0.643630301015799    0.263207926399672
  202    0.817079253635547   -0.067732239920406   -0.572532826092742
  203    0.801100911042833    0.186747629865971   -0.568649851020631
  204    0.766595501081280   -0.512788240522156    0.386496517583448
  205    0.837257490148588    0.365351655555336   -0.406839111901820
  206    0.636742409877546    0.768955229343164    0.057157315622215
  207    0.802225400814853    0.596482425788742    0.025359850406253
  208    0.925287175158261    0.379191783334343    0.007565377675033
  209    0.597601168173010    0.456703430365322    0.659010485873178
  210    0.866857720500817    0.447694605005230    0.219379199235796
  211    0.915442784084448    0.088986725501094   -0.392486779079637
  212    0.751002933538788    0.273494454227338    0.600995322213929
  213    0.739354154015908    0.040773468333253    0.672081065958191
  214    0.885799169558539   -0.306553640103482    0.348403066790044
  215    0.744241856968670    0.489155126106979    0.454787116065408
  216    0.734453650765557   -0.677997480989837    0.029954142427717
  217    0.837869669440745   -0.153291311294479    0.523904753665086
  218    0.843261598807324   -0.510992237274285    0.166723751824197
  219    0.880168348132694    0.075010034939950    0.468697315549889
  220    0.871671152859853    0.294786065600301    0.391523405175054
  221    0.939446292856349    0.262079055061560   -0.220805868890531
  222    0.961075313439923    0.169320433166503    0.218322772079924
  223    0.913977719055825   -0.167944992732197   -0.369376783901876
  224    0.952932584937911   -0.074238534095892    0.293952595870226
  225    0.987665202611633    0.156330595505873   -0.008842649993111
  226    0.882863521528735   -0.465226694090985   -0.064157037486579
  227    0.995695203275208   -0.069072271933521    0.061806823447605
  228    0.948644887308242   -0.293525368706070    0.117964976623992
  229    0.961036587190105   -0.243731890451988   -0.130397253263614
  230    0.982349432329666   -0.008318424194455   -0.186869999252165
   
 U =    24524.6382814447     


 http://math-lab.ru/  - см. Задача Томсона
