    286
    1   -0.054703175734058    0.011661353887126    0.998434562397621
    2   -0.962480323555570   -0.159134022799395   -0.219790785876132
    3   -0.981063411823691   -0.088621508301641    0.172223140858599
    4   -0.922794884105961   -0.372766549627855   -0.097440758137493
    5   -0.797640036965254   -0.082511515063661   -0.597463154773553
    6   -0.842874728172559   -0.449344204074346    0.296060768885085
    7   -0.933914542873815   -0.328766469984592    0.140414510726858
    8   -0.885380324877984   -0.343838751145982   -0.312852351004955
    9   -0.981931059753636   -0.188804094474281   -0.012822160537423
   10   -0.998589683239035    0.018031837177886   -0.049934931426356
   11   -0.804428609544876   -0.302713827799486   -0.511134963199233
   12   -0.824782584399918   -0.536314259802773   -0.179166691108576
   13   -0.900804494879294   -0.124224128633770   -0.416076468777604
   14   -0.596071959218501   -0.108405798713518    0.795579287210710
   15   -0.918132553290342    0.267812434494359   -0.292077240672328
   16   -0.826407508271170    0.466967402459936   -0.314630061044486
   17   -0.882840830238672    0.093377396363832   -0.460296350530617
   18   -0.741436569613188   -0.670787295317548   -0.017782510531334
   19   -0.682579605384138   -0.249780021068340   -0.686800570317712
   20   -0.799748267438850   -0.348521236991040    0.488810450067092
   21   -0.963074879933734    0.057411539138945   -0.263041234057174
   22   -0.855154676125575   -0.514399287780256    0.064061319309933
   23   -0.765933544278188   -0.504788260381197   -0.398164059064574
   24   -0.914921011838839   -0.229938601354880    0.331734504841983
   25   -0.820847116053361    0.302251492827088   -0.484617423490610
   26   -0.540098882079120   -0.312087703626210    0.781597378976033
   27   -0.758787862945741    0.133375858619171   -0.637535771062169
   28   -0.934001669576312    0.341060660221758    0.106388473425277
   29   -0.937459416409989    0.015201380773780    0.347762506039414
   30   -0.708990816735032   -0.552379582601151    0.438416261686049
   31   -0.971301587010230    0.223357166893187   -0.081760644988023
   32   -0.981543489254146    0.130286490863756    0.139992174785607
   33   -0.519818054742324   -0.397815549938898   -0.755997340068547
   34   -0.839965780390921    0.537681907622601    0.073182333849041
   35   -0.717729722919410   -0.233263054065050    0.656088707757017
   36   -0.624733251315276    0.762241882741891   -0.169397983739893
   37   -0.690765014957009   -0.674924876352240   -0.259461182823862
   38   -0.899665513040096    0.422531879075078   -0.109857980190716
   39   -0.853086737239207    0.127890142354700    0.505852874099830
   40   -0.527813224627942   -0.189247615376651   -0.828008780135878
   41   -0.711161487990319    0.496188739604651   -0.498042239864193
   42   -0.595017230713441   -0.797505612641286   -0.099696002727061
   43   -0.855572462908825   -0.123342826857365    0.502774609318093
   44   -0.917340387061061    0.239258585888350    0.318185391470710
   45   -0.521381170139520   -0.785813018401507   -0.332655340457142
   46   -0.782517207219711    0.606156936917061   -0.142269421283673
   47   -0.643693786224093   -0.442530482939532    0.624359737047318
   48   -0.475506171823017    0.036323472442963   -0.878962164093486
   49   -0.848330855673050    0.446617093758231    0.284372872960806
   50   -0.663822577196745   -0.455343111123116   -0.593297764327992
   51   -0.681600009937070    0.645937214561040   -0.343782694879936
   52   -0.607241711369336   -0.638391440137381   -0.472984009383574
   53   -0.539389116722978    0.663215137545828   -0.518849749051566
   54   -0.345344938010462   -0.336095668849128    0.876228608966523
   55   -0.654628443098578   -0.024611240802648   -0.755550056788090
   56   -0.535056739463504    0.844809895711218    0.003244327832456
   57   -0.416921424295088   -0.890677116819583   -0.181303059923737
   58   -0.760291298184918   -0.010835520692268    0.649491904026232
   59   -0.406633144343955   -0.756256361429349   -0.512567850843759
   60   -0.592573396297314    0.773505789550677    0.224823405214516
   61   -0.745212573190623   -0.628931459953122    0.221592958913062
   62   -0.472344312010071    0.382148084362302   -0.794262987007424
   63   -0.371018825641274    0.593618178322748   -0.714116579687485
   64   -0.629907798295600    0.100400081716332    0.770153224519474
   65   -0.456854562014464    0.080520082723361    0.885889623736950
   66   -0.804017149277007    0.354614436445627    0.477289246822957
   67   -0.344837406411246   -0.124953067015571   -0.930308494093743
   68   -0.352886612444524    0.274070598226088    0.894626372261305
   69   -0.342689605088403   -0.674342787418543    0.654083816969159
   70   -0.677922477937478    0.334384106206850   -0.654681894833938
   71   -0.586493910061609    0.192400686002125   -0.786769896149158
   72   -0.706250434617465    0.706693778229264    0.042358321669889
   73   -0.341155722821793   -0.325801447741358   -0.881740432006821
   74   -0.555192750649054    0.512204666955878   -0.655291834815111
   75    0.182370110896517   -0.941107426050089    0.284706788266400
   76   -0.727615141487993    0.240022217478400    0.642623949907066
   77   -0.158311719940222    0.267255954370991   -0.950532300441610
   78   -0.485499901375920   -0.587256951215013   -0.647625755366184
   79   -0.134189278066516    0.593501340944083   -0.793567511904036
   80   -0.324116002710922   -0.514129495754352   -0.794115658063779
   81   -0.736254217473743    0.624923316964223    0.259616207441986
   82   -0.538643865130302   -0.630309512617385    0.559082019798101
   83   -0.455915182392063   -0.503799282252909    0.733708136567849
   84   -0.563319023526157    0.706575109160207    0.428279456486975
   85   -0.272174141276048    0.439419410906465   -0.856055966709690
   86   -0.300389799734950   -0.883392579636836   -0.359699205528416
   87   -0.370444613576778    0.228701129434927   -0.900259174719781
   88   -0.145777511735449    0.242985261367723    0.959013597312510
   89   -0.498564068984009    0.795059631327513   -0.345418661556475
   90   -0.615294290989086   -0.776025404528237    0.138555068485514
   91    0.089369080246680    0.606714465248891   -0.789880196709358
   92   -0.409097865069582   -0.132403186065720    0.902833502432844
   93   -0.203745008341395   -0.154878947201082    0.966695651841804
   94   -0.543544197249114    0.293012383867078    0.786577045518967
   95   -0.273452378585150   -0.960482376678634   -0.051936506774005
   96   -0.455640740127680   -0.888645621679991    0.051966094762659
   97   -0.701199881445439    0.544974989382704    0.459696625186898
   98   -0.044961327606454    0.073757570549442   -0.996262164195002
   99   -0.397131736382527   -0.786551880392154    0.472887432069585
  100   -0.262810108016926    0.058983832432514    0.963042966142064
  101   -0.438845763344967   -0.856563825237138    0.271501029996747
  102   -0.248254002679115    0.056462194139048   -0.967048070566713
  103   -0.146223323717262   -0.172902574346945   -0.974024352562746
  104   -0.182420980549294   -0.812242614673768    0.554061838392932
  105   -0.589735765609408   -0.722885840530319    0.360066366551862
  106   -0.029083906620722   -0.518547409037444    0.854554100660825
  107   -0.153270950040837   -0.961975640346700   -0.226077162166231
  108   -0.035753185572108    0.437119792100498   -0.898692381783369
  109   -0.226503014734857   -0.901382217839165    0.369061623146283
  110   -0.217449053367126    0.723585449595262   -0.655087785204215
  111   -0.186812380208465    0.969168266986884   -0.160667373372716
  112   -0.114399907887583   -0.574864748496251   -0.810211813053633
  113   -0.252717382593818   -0.522094299494013    0.814586684749258
  114   -0.414442506602235    0.893592808476639   -0.172421870306784
  115   -0.635655527629608    0.436637865071005    0.636623456196957
  116   -0.263853261293993   -0.949884402133565    0.167633764760813
  117   -0.130326574581727   -0.352099431805485    0.926844633193745
  118   -0.507974719778300    0.608316772065484    0.609846201013000
  119   -0.436554486120636    0.470433193623182    0.766885122417590
  120   -0.000888252159248   -0.906108620628868    0.423044180470730
  121   -0.422229013824344    0.888987563812293    0.177267513301242
  122   -0.100503773033912    0.992804993194821    0.065094063426551
  123    0.077413159054519   -0.662372893295185    0.745163977278133
  124   -0.362664887078573    0.773190416837593   -0.520241058539975
  125    0.051167789455475   -0.112276792546703   -0.992358694816378
  126   -0.308893349577349    0.951032838550696    0.011019917653585
  127   -0.283110720318070   -0.685374352822105   -0.670902613301412
  128   -0.283136872767187    0.893851608426372   -0.347653294811375
  129    0.044860320311316   -0.989112239633990   -0.140158942161387
  130   -0.178774739012097   -0.835045143304139   -0.520326052908488
  131    0.062421003407093   -0.318254800633860   -0.945947937366087
  132   -0.082993450480541   -0.996231549320268    0.025194985935143
  133    0.126062766756441   -0.383134129184315    0.915049953768584
  134    0.061493754526838    0.190079391420660    0.979840978481378
  135    0.184182098297976    0.430808919736659   -0.883448147511719
  136   -0.134651651366762    0.855196715151088   -0.500507253872502
  137    0.189616634916603    0.053118625721308   -0.980420289143581
  138    0.132357940374904   -0.988095331067485    0.078415510853084
  139   -0.396150225794192    0.836883437756368    0.377744768610094
  140   -0.002425906863020    0.752773996397132   -0.658274582012843
  141    0.160427973525089   -0.042062877540657    0.986150890910531
  142    0.089078992043484    0.870081894341915   -0.484791120292959
  143    0.074783423715450    0.252876931426363   -0.964603906839373
  144   -0.135840461012201   -0.681251666915688    0.719335481869614
  145   -0.043338794982769   -0.971639248279371    0.232462728308305
  146    0.163581021315177   -0.940258565931844   -0.298588477100633
  147    0.030157060009802    0.993394843802790   -0.110712402365746
  148    0.301912796462348    0.844572498270486   -0.442205787498801
  149    0.211100049192281    0.746286121685527   -0.631263648415296
  150    0.253546845371064   -0.179906513656421   -0.950446023478648
  151    0.231892606043743   -0.540800474957651    0.808554676906776
  152    0.390029401330673    0.398064142457160   -0.830314401047870
  153    0.039752917316056   -0.802445700911215    0.595399531956460
  154    0.022505353776336   -0.204641261572398    0.978578286655421
  155   -0.137271380942704   -0.386954688771843   -0.911823797019780
  156    0.108620448582958    0.987320229216727    0.115759937495951
  157    0.388668960896326   -0.015069053110456   -0.921254233354791
  158    0.270431022333857    0.130845559532101    0.953806322955660
  159   -0.225934587098260    0.943967796362890    0.240579221427223
  160    0.268335374818292   -0.958955676478081   -0.091652262228448
  161   -0.031553695024874    0.421186190904903    0.906425152409892
  162    0.260982394377897   -0.718420493493304    0.644794683875122
  163   -0.236198472456034    0.451530570500083    0.860424561198311
  164   -0.074545925608163   -0.735290843795797   -0.673639577226047
  165   -0.349101822485985    0.750647011964598    0.560942939135153
  166    0.168235327373547    0.365075790638856    0.915650884187270
  167   -0.292279788685536    0.625261810741521    0.723616053687432
  168    0.372460681313045   -0.394151681131853    0.840188962755853
  169   -0.185296378702995    0.875243771449845    0.446781369998580
  170    0.430933360665987   -0.741474609558029    0.514307147574177
  171    0.269343876692411   -0.226701512053791    0.935980929571126
  172    0.422229077138693   -0.581262046222801    0.695598332401315
  173   -0.083876741811982    0.610736142497455    0.787379232917871
  174    0.499497044021838   -0.226459460432425    0.836193049357683
  175   -0.133270971631981    0.764634349514942    0.630534027362624
  176   -0.029666851323373   -0.920300320368268   -0.390086142105330
  177    0.587544620132054   -0.591004653158630    0.552724903816291
  178   -0.022199143903354    0.955593849523536    0.293849609090684
  179    0.027762652382811    0.866892886311433    0.497720763878004
  180    0.170161971315234    0.943891993659982   -0.283042060165443
  181    0.304151091859919    0.587281659911584   -0.750061574307012
  182    0.078204489381709   -0.830378475092373   -0.551684371668993
  183   -0.047392487665950    0.945603675946026   -0.321850338123475
  184    0.271041367973761   -0.390295199740516   -0.879889898740986
  185    0.240079355771406    0.968592889205542   -0.064728030348895
  186    0.117097497061080   -0.677225214257610   -0.726398090137745
  187    0.506353260747585    0.532214296995750   -0.678494154288457
  188    0.264348879547617   -0.852281544647004   -0.451371065240160
  189    0.296080132248126    0.228277235386685   -0.927483724435175
  190    0.378073699709461    0.895576787428452   -0.234526108157136
  191    0.560164078922514   -0.416087791179408    0.716301022417484
  192    0.440501596702935    0.897518762864412   -0.020455160925796
  193    0.183885672346188    0.923526465134052    0.336578263859675
  194    0.417224249411281    0.703358618614292   -0.575508974147395
  195    0.297214157713816   -0.729342850963922   -0.616216479982713
  196    0.239393295383720    0.814019286848707    0.529210214152793
  197    0.504394562921837    0.776515454203957   -0.377637225756824
  198    0.083841538133123   -0.510100966614858   -0.856018457944722
  199    0.440872146160560   -0.255981862597968   -0.860293575915023
  200    0.125852130823405    0.568046028186957    0.813317251156172
  201    0.386839794067050    0.844487679419977    0.370399153662675
  202    0.564237246878676   -0.092252290939955   -0.820442468459003
  203    0.487517022215752    0.160555166463035   -0.858224441257596
  204    0.716627104769913   -0.411299848740402    0.563274379974107
  205    0.610179108866514    0.623910291115968   -0.488280046430790
  206    0.313445977878491    0.936206062743378    0.158964861004997
  207    0.738966262351578    0.654411755825814    0.160231448046609
  208    0.507757698683824    0.839000282866676    0.195603284167072
  209    0.079889275779392    0.734566463213690    0.673817345233242
  210    0.632829065054106    0.570763243067414    0.523217636157187
  211    0.479169640964039   -0.447876090760070   -0.754853272168752
  212    0.295494598556753    0.670818538918512    0.680209842671375
  213    0.394003001646346   -0.052670690984840    0.917598732020075
  214    0.839267792561083   -0.378162555462013    0.390669494606486
  215    0.457176558314879    0.714520247156225    0.529575689520554
  216    0.226239179697523   -0.850693971130716    0.474484563554647
  217    0.367217631925865    0.300146603077105    0.880376753136993
  218    0.725236595239963   -0.570414528578066    0.385563414384468
  219    0.329401227243182    0.495167236609665    0.803930494059675
  220    0.493711652187628    0.545512176490559    0.677248307339853
  221    0.576456563378930    0.798617443096360   -0.172939324965683
  222    0.537006992907807    0.349679171442585    0.767690019882597
  223    0.303802851067053   -0.567826006045919   -0.765034283245836
  224    0.495959723786828    0.129793775702839    0.858590430979809
  225    0.804852007234618    0.386076380554318    0.450730823029094
  226    0.394573462115069   -0.859104659860289    0.325961602648018
  227    0.386034391393101   -0.884323805698084   -0.262581140483119
  228    0.580466108099619   -0.731986828003471    0.356727320200035
  229    0.576026525581178   -0.779547102671960   -0.245966982626996
  230    0.464234299211142   -0.766250482000059   -0.444237227470433
  231    0.682980302855851    0.381461650999705    0.622916458867086
  232    0.680520017311993   -0.230036192911169    0.695683732732497
  233    0.695943113309220    0.657874027232590   -0.287862723064734
  234    0.570856199998630    0.328657661390351   -0.752401050326586
  235    0.606294283308316   -0.043244352655453    0.794063705247297
  236    0.344176118997148   -0.931029002952129    0.121358126114510
  237    0.538083695150833   -0.828907441378874    0.152899936689176
  238    0.475588788327359   -0.877801616347005   -0.057268025598054
  239    0.626258040414387   -0.294873630283261   -0.721699666745041
  240    0.654530882373285   -0.755153464130467   -0.036504378249804
  241    0.684406627054110    0.445163076693644   -0.577423071926525
  242    0.486216399440764   -0.621936536566999   -0.613831049555092
  243    0.594505320765376    0.725535323074990    0.346643792028831
  244    0.801575006169034   -0.597751827577922   -0.013048452489339
  245    0.646845739223249   -0.480846296389027   -0.591926877999035
  246    0.656060010967048    0.080023541663233   -0.750454192332610
  247    0.804846720672452    0.191699520943739    0.561669876255386
  248    0.667248160237863    0.169412753281148    0.725313181794519
  249    0.822765096314801   -0.204346500255873    0.530377322402903
  250    0.743608769875320    0.570620118338255    0.348480527306978
  251    0.635608038596969   -0.641539726233454   -0.429452210304265
  252    0.735906787354275   -0.638280118033082   -0.225919656625058
  253    0.702641089145232   -0.689486793379372    0.175793804214578
  254    0.863535479012372    0.502182664361087    0.046033119621348
  255    0.623745565930522    0.780597631227233    0.040109937726760
  256    0.765109564710232   -0.020582754454698    0.643571056067608
  257    0.727021111403562    0.244504912427606   -0.641605526295011
  258    0.750656452973058    0.656387079259792   -0.075305323787277
  259    0.776733830134570   -0.312235476465252   -0.546985890458792
  260    0.886934245153923    0.012619665604008    0.461723281645277
  261    0.945451119924438    0.321746896411119   -0.051001122374307
  262    0.777929419271715   -0.483837891139899   -0.400907363026506
  263    0.926661100323753   -0.160783018458869    0.339776435501385
  264    0.735068178332401   -0.118482942651964   -0.667560158715015
  265    0.817286906816240    0.063768822834401   -0.572691582949372
  266    0.867150858123606   -0.125147645923873   -0.482065821206199
  267    0.866618273511787    0.435531230543837    0.243485759822666
  268    0.908009186553373    0.213361259756242    0.360549982623647
  269    0.783391646855000    0.486877211758459   -0.386326427141764
  270    0.836197423738272    0.287303151311960   -0.467151760972486
  271    0.849151470318285    0.497510235529474   -0.177271954915892
  272    0.863185446851988   -0.465985017046197   -0.194342090735354
  273    0.830352729370229   -0.520024651738629    0.200221643214537
  274    0.968883907471747    0.032707640414086    0.245345030723717
  275    0.909606556294755    0.314549814759283   -0.271430150831659
  276    0.955665062004808   -0.265994553691335   -0.126298007386873
  277    0.950090831081397    0.269281673374681    0.157527118552941
  278    0.912780339735153   -0.408188461947388    0.014636629598501
  279    0.918047519377301    0.098813570859332   -0.383959151966992
  280    0.975403760372122    0.132231424965273   -0.176358596341596
  281    0.889812357401647   -0.301531154986810   -0.342509753419729
  282    0.925412038744703   -0.321638901433251    0.200402034997610
  283    0.993846548927198    0.101276199175765    0.044857203056027
  284    0.952978644933907   -0.092723696522419   -0.288503064807209
  285    0.994361117608143   -0.065411059429748   -0.083470719976310
  286    0.983386935336463   -0.148418187938661    0.104509219203678
   
 U =    38228.1831855476     


 http://math-lab.ru/  - см. Задача Томсона
