    214
    1   -0.137931014810440    0.008795091431223    0.990402787516311
    2   -0.998630493481278   -0.037203522938863   -0.036783629106937
    3   -0.921323543677274    0.090987107916296    0.378000362511701
    4   -0.960548575900559   -0.276839620139182    0.026575516111670
    5   -0.840540337438238    0.095475460134037   -0.533269516896857
    6   -0.899780918264447   -0.328939536354704    0.286693356305897
    7   -0.972008492633751   -0.095726656710523    0.214559775920112
    8   -0.944428106918191   -0.240465451391014   -0.224124781205110
    9   -0.976454787554937    0.160953080280491    0.143632008303389
   10   -0.909385350554362    0.415044242079802    0.027505659663482
   11   -0.865312587440540   -0.149325870317205   -0.478472476189558
   12   -0.866919949351056   -0.471508757179142   -0.161645579341169
   13   -0.957598494552518   -0.006904971057264   -0.288023340383118
   14   -0.603199105724001    0.016017615900776    0.797429793044266
   15   -0.870781326458011    0.436076790566592   -0.227105513409887
   16   -0.723314675153831    0.578193244780039   -0.377502917071959
   17   -0.913544877115708    0.225332782352642   -0.338616146533007
   18   -0.730073226397911   -0.676916556383024   -0.093685963684502
   19   -0.716958357239074   -0.040225769890339   -0.695954453554094
   20   -0.765363476796207   -0.377117554957662    0.521537245198440
   21   -0.973188888340690    0.207364175470271   -0.099516261694991
   22   -0.865445787233600   -0.493094875446839    0.088662467638124
   23   -0.829500246709853   -0.387526311893007   -0.402184905607977
   24   -0.874038022218502   -0.148085411337455    0.462739934158903
   25   -0.787759391236562    0.364389411839522   -0.496644236911944
   26   -0.515842194817662   -0.221631199883904    0.827518242266428
   27   -0.684660694406051    0.225524730367322   -0.693093305066619
   28   -0.784761612967253    0.603431933381531    0.141488913305822
   29   -0.822451850962859    0.280782078438557    0.494706354593805
   30   -0.767401415281735   -0.542069443569227    0.342426322253619
   31   -0.775082276969502    0.623031208744295   -0.105259568963559
   32   -0.892470313863490    0.361851507811896    0.269370052468089
   33   -0.517141038849366   -0.420520742590905   -0.745471294543654
   34   -0.620432682806653    0.783607931993140    0.031967092810775
   35   -0.714024439266249   -0.187665670430107    0.674500330817219
   36   -0.203201922441654    0.959907321447211   -0.193098195092695
   37   -0.712535914671690   -0.620452094968016   -0.327615274602359
   38   -0.610273265709765    0.757645685272494   -0.231386163691592
   39   -0.674004594864343    0.452965679401961    0.583557965746054
   40   -0.547123814319038   -0.188173393664126   -0.815626327261396
   41   -0.616519380104080    0.477168327762433   -0.626270102221465
   42   -0.539527015029254   -0.818317165351921   -0.198160583729509
   43   -0.792053275330668    0.047134570458401    0.608629559999893
   44   -0.751830033303547    0.543676893948270    0.373050983123686
   45   -0.511992378701105   -0.746937992129713   -0.424202121712300
   46   -0.413329246571164    0.844672013746438   -0.340129568139042
   47   -0.582914442462484   -0.431271284947600    0.688633307027984
   48   -0.349026220397538   -0.104467650042093   -0.931271822600519
   49   -0.606513123377490    0.743201473779597    0.282477256682229
   50   -0.718851349247943   -0.285801851879021   -0.633695541365831
   51   -0.535301211449961    0.682946891235315   -0.497027319945516
   52   -0.663199145682050   -0.514976405599794   -0.543107903498112
   53   -0.310923622801355    0.744221828040849   -0.591151733019211
   54   -0.368071681484912   -0.443836399320225    0.817026613965131
   55   -0.533943382596226    0.071011006469510   -0.842533026736571
   56    0.028009151532938    0.987665978015756    0.154050002598460
   57   -0.314210761536825   -0.891131311673711   -0.327347800800829
   58   -0.659128875424244    0.242035002320532    0.712016982405386
   59   -0.273493108293911   -0.783406367371079   -0.558100334418629
   60   -0.205903341604714    0.977172673299465    0.052319981582468
   61   -0.717936508417238   -0.680070385465824    0.148564601079907
   62   -0.136864147621530   -0.003546988604311   -0.990583476526675
   63   -0.405994943567351    0.560927347846266   -0.721476691401668
   64   -0.454296660774166    0.249292421911457    0.855258927101590
   65   -0.386231308662534    0.012121118067255    0.922322316061812
   66   -0.546962582823560    0.656447167115657    0.519527718006277
   67   -0.319559491648038   -0.357458747691520   -0.877556251756238
   68   -0.221561885619969    0.233429768550859    0.946795053849996
   69   -0.173473586892203   -0.799138993420860    0.575572570441859
   70   -0.486228642647758    0.328203359901569   -0.809854469406843
   71   -0.320367374031501    0.168244351040958   -0.932233116767994
   72   -0.427657327971423    0.899791136514380   -0.086516590793346
   73   -0.271022631731566   -0.585946387183522   -0.763684204652600
   74   -0.253018955517984    0.424180903571267   -0.869512489383593
   75    0.504289497307204   -0.818113436200365    0.276373856242010
   76   -0.487033339943301    0.473841132436555    0.733670980068665
   77    0.110094320339624   -0.140789585076581   -0.983899147963306
   78   -0.460216580128988   -0.629488958940165   -0.626054590229004
   79   -0.146816185959777    0.629402823115043   -0.763083936271128
   80   -0.066422123274990   -0.725185499055040   -0.685342318480287
   81   -0.421274605977130    0.890826578987994    0.170163781479377
   82   -0.600931863502759   -0.613116564049948    0.512805006132631
   83   -0.402331383393321   -0.644186449856133    0.650502325713419
   84   -0.193543848183452    0.933949939370600    0.300463457977828
   85   -0.086011927937142    0.271835000463277   -0.958492399957176
   86   -0.077717810599867   -0.889658842289335   -0.449963427682700
   87   -0.112910398276463   -0.258224618082765   -0.959464063202505
   88   -0.036110996380143    0.404628779986811    0.913767774845895
   89   -0.190432970622003    0.883689348186776   -0.427584400558897
   90   -0.548441033713277   -0.834817326557798    0.047879680642233
   91    0.025781273494427    0.484128848334312   -0.874616821326630
   92   -0.291168160559445   -0.222028772571150    0.930550550172841
   93   -0.117314741869791   -0.429730241988616    0.895303954230310
   94   -0.272289705208605    0.463921263170241    0.842991920492681
   95   -0.112863220201172   -0.974395182728674   -0.194463162066691
   96   -0.340448416581217   -0.937386637052276   -0.073492641285823
   97   -0.392521907454553    0.819891917979679    0.416777872493062
   98    0.129330824457723   -0.379677286806111   -0.916034221920030
   99   -0.378231071342711   -0.807664304868359    0.452349010513404
  100   -0.045112642073640   -0.214046139946596    0.975781276464710
  101   -0.369018248759874   -0.908847451975942    0.194478382138050
  102   -0.074127791850095   -0.500781300701342   -0.862393853957286
  103    0.139101416669170   -0.618144057173717   -0.773659305160512
  104    0.030515205623367   -0.890775192041209    0.453418547778662
  105   -0.563858533852031   -0.763725892828024    0.314302902351023
  106    0.103271262960925   -0.530749731319689    0.841213271977168
  107    0.116180522636387   -0.945237722178980   -0.305004483130707
  108    0.084929601124318    0.102356285630704   -0.991115610635182
  109   -0.171784135548218   -0.928910160310013    0.328048967147861
  110   -0.043482776613295    0.795728755859913   -0.604090221105782
  111    0.252936974470472    0.932754768200095    0.256887970418451
  112    0.511895767569467   -0.720476176268214   -0.467842711361842
  113    0.036938108719422   -0.718598371646008    0.694443630823941
  114    0.029502865717668    0.994531301653437   -0.100185183265624
  115   -0.339489491152479    0.670342130391894    0.659839612041205
  116   -0.141352724239330   -0.987439693443733    0.070585119974863
  117   -0.180446141143554   -0.621771558351461    0.762128151541193
  118   -0.177500670364155    0.820878447655928    0.542818649453267
  119   -0.112061610905201    0.637947220671058    0.761882890606820
  120    0.278745128420003   -0.897915656719347    0.340659106439824
  121    0.032806892218329    0.913395568195817    0.405748991154896
  122    0.482403618569278    0.791919500904489    0.374366468688706
  123    0.305921260198287   -0.621994867830315    0.720787463092583
  124    0.031700385645486    0.935416529032650   -0.352123561782561
  125    0.338235968081428   -0.460079678295545   -0.820928206066454
  126    0.266199534274600    0.834223546584018    0.482917055276337
  127    0.134542701571567   -0.815097909025346   -0.563483504777499
  128    0.257290308712386    0.966332690450794    0.001681787386932
  129    0.325964198918695   -0.933462080230462   -0.149652550245933
  130    0.324041164977761   -0.855949341912836   -0.402924369427860
  131    0.521140290870844   -0.514770956801969   -0.680752274520061
  132    0.096045518180255   -0.994317521625061   -0.045912140299514
  133    0.172670374160865   -0.314109005904849    0.933552609281670
  134    0.053022787209349    0.178568448830632    0.982497782755144
  135    0.199282446871395    0.308441784299723   -0.930134491386570
  136    0.251572484647415    0.932752666906342   -0.258231964224867
  137    0.343006471435814   -0.210957461981350   -0.915337921091189
  138    0.311515072424598   -0.944947769348390    0.100160235901279
  139    0.046535803661961    0.775464202576930    0.629674272540383
  140    0.128194483241504    0.667253729529321   -0.733715636262207
  141    0.374323248330463   -0.409697248370453    0.831883567836876
  142    0.188062001955291    0.830162283047150   -0.524845946184699
  143    0.318164831537622    0.047380744890904   -0.946850677238085
  144    0.224371654062054   -0.795832982887515    0.562411970180061
  145    0.069584716870967   -0.975329867404513    0.209498489079713
  146    0.531293833968616   -0.846686139300786    0.029145214064388
  147    0.462399174522311    0.876182907512309    0.135979836683094
  148    0.369099080198552    0.672165957915377   -0.641840162358423
  149    0.301775761306930    0.497182383286759   -0.813474687766572
  150    0.544590084751640   -0.275680969437012   -0.792099515642114
  151    0.534585086717427   -0.521897011834422    0.664712188919101
  152    0.437449113558601    0.256517585289850   -0.861879922891733
  153    0.449144863315126   -0.732945158896686    0.510940589313033
  154    0.145165778913576   -0.052820782408842    0.987996387431722
  155    0.336713683326430   -0.688253035260789   -0.642597583962981
  156    0.667995586304436    0.702981649111870    0.244128445064783
  157    0.527810121989132   -0.017825450484532   -0.849175322557622
  158    0.376831244908177   -0.155982129588698    0.913054099224097
  159    0.488929607563567    0.649785317889558    0.582002473794487
  160    0.717001670810935   -0.696100849707571   -0.036772422965112
  161    0.232508285611685    0.339350634169473    0.911471910818261
  162    0.644751249663455   -0.616617860014078    0.451750197309390
  163    0.122698556928011    0.559408853483047    0.819760208092931
  164    0.675915209732121   -0.541001892345520   -0.500455374365537
  165    0.270928130757758    0.684438825881047    0.676861464105234
  166    0.327767026408083    0.103809892823886    0.939037955863072
  167    0.388753834601255    0.487674988469887    0.781692754030454
  168    0.572587685189363   -0.266398941986211    0.775354722999812
  169    0.608058545664787    0.426379641688908    0.669675448405616
  170    0.697850064284359   -0.683772192631857    0.213215563132102
  171    0.553186180917320    0.000035434029206    0.833057649857763
  172    0.715725760196837   -0.372005940285887    0.591056864085574
  173    0.487506343850254    0.259457521377311    0.833678210886251
  174    0.730182215038070   -0.101010765318761    0.675744595340441
  175    0.688121729808539    0.172542409645318    0.704781953400547
  176    0.530630399575122   -0.817854054959160   -0.222589586085256
  177    0.804492802669252   -0.467128881675723    0.366854110455041
  178    0.678678490377906    0.572944662097223    0.459488760333336
  179    0.786217037042433    0.332864944157138    0.520637781586665
  180    0.406090260053748    0.810284831043135   -0.422527150927461
  181    0.528922298187152    0.448814000871176   -0.720282718869771
  182    0.703611323782592   -0.651742197730348   -0.283131087559322
  183    0.459064487983668    0.877006794343486   -0.141841032665637
  184    0.716004223722069   -0.320749903082353   -0.620046329950285
  185    0.634138036174405    0.773217522512195   -0.001901041023534
  186    0.852130323524903   -0.499395847279013   -0.156453505712790
  187    0.641827181967931    0.188022654502482   -0.743441557811335
  188    0.850330723315541   -0.514963548459548    0.108398361351171
  189    0.711473755159136   -0.074532583654498   -0.698748874556191
  190    0.581861499224969    0.613484899981005   -0.533922722137733
  191    0.853897632491076   -0.203963557524530    0.478808626100316
  192    0.598618581023435    0.739962174338189   -0.306776425108236
  193    0.809406583803386    0.582647345946170    0.073369287563774
  194    0.722222510546015    0.368392559961393   -0.585390098161647
  195    0.947793728304221   -0.317725567599100   -0.027157177338854
  196    0.830355717346094    0.470756317928707    0.298157461420738
  197    0.760156969939579    0.520097007660289   -0.389436109875666
  198    0.831716179528926   -0.397953780561198   -0.387144656745844
  199    0.937846267837001   -0.226086405486322   -0.263304605273973
  200    0.842040296959573    0.075417190843198    0.534116453239886
  201    0.928080986956543    0.363564742016026    0.080537941447425
  202    0.854676956318810   -0.147583201632750   -0.497741397648861
  203    0.814108799476941    0.117286700002599   -0.568744839639635
  204    0.920971674283822   -0.299720051784970    0.248955951374672
  205    0.875739161252303    0.289983372733427   -0.385992959763852
  206    0.754970425016905    0.634935527932900   -0.163940637788085
  207    0.886533377189276    0.432502157392514   -0.164318151706369
  208    0.991941896921892   -0.038752313063145   -0.120621438240695
  209    0.916221658196045    0.232842839615602    0.326070674995823
  210    0.967303825516020    0.205551732674980   -0.148565791272377
  211    0.933777661104978    0.040706728943992   -0.355530929512464
  212    0.986225700380254    0.129958309799011    0.102321579462307
  213    0.942872944375061   -0.022728645286817    0.332376322034121
  214    0.987218387232229   -0.116228516975538    0.109044888703062
   
 U =    21170.2721326322     


 http://math-lab.ru/  - см. Задача Томсона
