     40
    1   -0.376699884782555    0.032418525985783    0.925767916908832
    2   -0.861534962002731    0.095823811818664   -0.498573270779224
    3   -0.817851547951844    0.280170647730306    0.502616408071954
    4   -0.982082076690066   -0.179120786629813    0.058570798536845
    5   -0.538797602792255   -0.249979885116232   -0.804491889494602
    6   -0.761208044515488   -0.258974517094482    0.594554045029202
    7   -0.917730369554054    0.396386513023125   -0.025469611138531
    8   -0.786187719761643   -0.513283907945120   -0.344163477348446
    9   -0.561086272717446    0.804332521612196    0.195528487042198
   10   -0.403705034684816    0.575985583609949    0.710818438452210
   11   -0.245399307060371   -0.696455456245674   -0.674335953038186
   12   -0.672382010814646   -0.696405735420402    0.250841550000038
   13   -0.617752160789884    0.665299417667571   -0.419236153844848
   14    0.132810249021448   -0.192241011264103    0.972319305240319
   15   -0.116849618452293    0.735634699259713   -0.667223917371541
   16    0.012885088850728   -0.174790829066666   -0.984521274813041
   17   -0.147047913192269    0.979703572822507   -0.136227092109515
   18   -0.382285599540643   -0.905441287910210   -0.184482504675515
   19   -0.398801839561425    0.291821952486331   -0.869365884314245
   20   -0.321874086158097   -0.573930812162633    0.752994352907265
   21    0.003501983654601    0.882296224439782    0.470681536125849
   22   -0.102938187573458   -0.947451260244226    0.302885851437007
   23    0.197218486369903   -0.946799495798418   -0.254313946510659
   24    0.110289716566380    0.435278534319356    0.893514843738200
   25    0.231065159875402    0.334720246920176   -0.913548711450819
   26    0.224354292179787   -0.693513201152384    0.684620034331365
   27    0.296180436724069   -0.618044299850594   -0.728215896780706
   28    0.397127409073274    0.915161077500616    0.069065354488770
   29    0.581916671698208    0.141416097031040    0.800858585956464
   30    0.510821427192656   -0.837279175694339    0.195000131972946
   31    0.392068756920013    0.792614466156436   -0.466952243689591
   32    0.572990684270116    0.631226822452834    0.522718255234846
   33    0.717143173203465   -0.600146204362483   -0.354302416752934
   34    0.836388832474067    0.546171353726552   -0.046374273915308
   35    0.671170183915846   -0.376351771297863    0.638662609257290
   36    0.610436190512373   -0.153088934393342   -0.777130256442929
   37    0.902858833381549   -0.406196471488944    0.140891282678666
   38    0.718140153917298    0.367554430284889   -0.590913242455769
   39    0.931913688955538    0.146154561254785    0.331927282038857
   40    0.960958168748707   -0.030669015777276   -0.274988744108525
   
 U =    660.675278889465     


 http://math-lab.ru/  - см. Задача Томсона
