    155
    1    0.095539265396770    0.086665299637937    0.991645790898198
    2   -0.993569974468817   -0.109840905242627    0.027453257903477
    3   -0.839272946164804   -0.012205033996555    0.543573324383190
    4   -0.922132176580839   -0.376855351275563    0.087477386387895
    5   -0.925853794379859    0.239914099177493   -0.291952010522740
    6   -0.790731163879523   -0.474772100987259    0.386439747688923
    7   -0.917964673745286   -0.210876547190844    0.335964193926344
    8   -0.920151035313716   -0.327864959844425   -0.214071577555988
    9   -0.961863208193737    0.075010233773261    0.263044926870930
   10   -0.901018027183320    0.399187302988327    0.169752796217277
   11   -0.843328024969191   -0.222476456939516   -0.489185106487516
   12   -0.799706293249725   -0.580670094855111   -0.152617448143200
   13   -0.963993035819167   -0.046180067980868   -0.261887052397456
   14   -0.368878409479100   -0.100001636930202    0.924082459324626
   15   -0.739925155852103    0.670632443383368    0.052563196429575
   16   -0.688548794887017    0.681126110687427   -0.248933281020148
   17   -0.872663120632276    0.473615009542699   -0.118944947871724
   18   -0.602098717518798   -0.798416636659517   -0.002829958926115
   19   -0.847868015507987    0.086947641697722   -0.523029574576575
   20   -0.582644921692764   -0.568217051469009    0.581080267816331
   21   -0.982737077777545    0.184508892879105   -0.013575876022510
   22   -0.776856531102576   -0.615194410486436    0.134274969333524
   23   -0.748899499100153   -0.496400163173777   -0.439017560296383
   24   -0.743001430844616   -0.289641520775697    0.603371082506938
   25   -0.786940109305442    0.445709212561053   -0.426694928730757
   26   -0.325642832448697   -0.603532731412782    0.727808345506024
   27   -0.696596780827335    0.292518172030649   -0.655122922796052
   28   -0.739466482026648    0.587232909993727    0.329160798667509
   29   -0.689875477423991    0.195239378500593    0.697103586801648
   30   -0.597945430771477   -0.733408775094106    0.323377226214951
   31   -0.539248582579159    0.805441466822743    0.245916672287171
   32   -0.856746445179574    0.277722289201735    0.434575492581796
   33   -0.364014913798744   -0.434433589181268   -0.823869285216517
   34   -0.291268883963977    0.854227904906630    0.430647331018328
   35   -0.507742608907287   -0.355896381277530    0.784560519586336
   36    0.018562298739019    0.966264362604716   -0.256882507434090
   37   -0.605883165777654   -0.735345204247899   -0.303600098841987
   38   -0.523808467022881    0.849677029509163   -0.060610522185711
   39   -0.460351569752034    0.460534168798364    0.758936566253095
   40   -0.700844339134166   -0.075929546831591   -0.709261528790011
   41   -0.582791664979562    0.618519559868904   -0.527055432843574
   42   -0.379991983058078   -0.914738442574035   -0.137330530068218
   43   -0.624250574669480   -0.076896902181302    0.777430438341427
   44   -0.678928100395930    0.454738045069815    0.576428612109823
   45   -0.369749665139999   -0.823493620508519   -0.430282979108667
   46   -0.261524558018132    0.950802855520316   -0.166068767346044
   47   -0.372318263816788   -0.791934344623310    0.483961883038841
   48   -0.456984433691774   -0.167477483048283   -0.873565406844399
   49   -0.505362349579563    0.684448935757444    0.525488867596570
   50   -0.629426015784237   -0.361346924553695   -0.687932620806404
   51   -0.438207369431519    0.821553930416404   -0.364723786985806
   52   -0.517088961045257   -0.617767746355530   -0.592437353589345
   53   -0.155554034193371    0.870457714966064   -0.467018531647541
   54   -0.233471983801845   -0.368443312715552    0.899855742935956
   55   -0.539284134387689    0.123340472078532   -0.833042466111522
   56   -0.005347183252402    0.999752884137722    0.021577263254922
   57   -0.120835164287982   -0.956043982866072   -0.267168048046684
   58   -0.455359224245802    0.187931727132536    0.870246886137057
   59   -0.107904795236006   -0.834841828634209   -0.539810778261944
   60   -0.047653572332178    0.953925499384882    0.296235174594924
   61   -0.388046099344524   -0.903367395309019    0.182613181003175
   62   -0.247059390411171    0.014428325875809   -0.968892915147016
   63   -0.314240803978476    0.701708376114571   -0.639420106037973
   64   -0.203709281221242    0.427696051181284    0.880669413882566
   65   -0.187412800540707    0.147997302461109    0.971068092698820
   66   -0.253563446598861    0.675756460753084    0.692140725791635
   67   -0.149994131686844   -0.262980934739816   -0.953070190711514
   68    0.081082687623302    0.364753988958037    0.927566776737385
   69   -0.032676617570092   -0.557613387454858    0.829457382145277
   70   -0.479198170192195    0.464577947857121   -0.744672037912878
   71   -0.322424021204125    0.289484901265793   -0.901244274594683
   72   -0.300713689664259    0.944764153482431    0.130353255207277
   73   -0.034350687433660   -0.512670855795707   -0.857897793382483
   74   -0.165628932449353    0.530526481370429   -0.831329482997205
   75    0.620162465547793   -0.673602233430083   -0.402067839355109
   76    0.027905305149656    0.616259300013683    0.787048771736003
   77    0.049860152401545   -0.030505257956278   -0.998290235572559
   78   -0.245029578392494   -0.661067298544331   -0.709190053869975
   79    0.002971808768046    0.727652023810656   -0.685940012389496
   80    0.104196772886078   -0.708482074777704   -0.697994399862067
   81   -0.017762798473581    0.822363273118961    0.568685440305496
   82   -0.135349827483052   -0.930824134383740    0.339480271958576
   83   -0.112747551005886   -0.783427811104377    0.611170070054465
   84    0.219117341736470    0.901247476330134    0.373818909311591
   85   -0.044698885919346    0.264734766520768   -0.963284751770090
   86    0.148549915438829   -0.888143079871987   -0.434896300626503
   87    0.164815250434091   -0.309064719567695   -0.936650912743317
   88    0.359050730215844    0.209819524314673    0.909427479432986
   89    0.172851729556950    0.860228013780104   -0.479718713307191
   90   -0.136371026671841   -0.990001317863189    0.036060140232896
   91    0.132773949651618    0.502101247794732   -0.854555682946923
   92   -0.070075283596471   -0.147473519501463    0.986580465889491
   93    0.134491023809230   -0.341182997945826    0.930325924838948
   94    0.326964700007923    0.491023016650310    0.807459275795602
   95    0.387134329334284   -0.873306508334887   -0.295741024463673
   96    0.135962042830902   -0.981664770478351   -0.133598657594055
   97    0.261487564942955    0.726772031352213    0.635158773712827
   98    0.341935057378163   -0.074909874331679   -0.936733114213117
   99    0.142943205208108   -0.880759052277661    0.451476169820500
  100    0.299931803623703   -0.100755149314264    0.948624959118035
  101    0.379109267436870   -0.925043846744199    0.023875614006232
  102    0.307173755843584   -0.521898906876509   -0.795780003972235
  103    0.490761945357656   -0.292105282272038   -0.820869792998586
  104    0.160441681611103   -0.709975317299914    0.685706581291655
  105    0.126744503520337   -0.976438318197447    0.174654062601258
  106    0.570622110184551    0.018950716604998    0.820994078972977
  107    0.378571046935473   -0.726054176772847   -0.574046422175840
  108    0.231750352998585    0.223470035259997   -0.946759165377303
  109    0.402214829694222   -0.859661655726277    0.314968361026951
  110    0.309941762140317    0.676319856617141   -0.668227173666804
  111    0.272644778010587    0.957438622925022    0.094742326100824
  112    0.806029784150256   -0.444402614729633   -0.390924932799326
  113    0.329023357214882   -0.507914120294940    0.796094766225771
  114    0.295479134285216    0.935690046650813   -0.192811352883221
  115    0.587931966413282    0.315169938896437    0.744985847171225
  116    0.656059351641914   -0.638881040241040    0.401767524252170
  117    0.487425794244093   -0.271920731716938    0.829744063412351
  118    0.541907320763921    0.575302033387710    0.612669589650437
  119    0.761590168136336    0.408849696096573    0.502814420835170
  120    0.422510312641985   -0.708749411045155    0.564941862543676
  121    0.467418021129734    0.777499426994652    0.420731546887265
  122    0.527939090922360    0.836251823649840    0.148199877592356
  123    0.603786777556859   -0.471816085559688    0.642519344965299
  124    0.457157321001239    0.783291323327677   -0.421262254011141
  125    0.649821449658787   -0.046849335953864   -0.758641696246677
  126    0.702803846541819    0.634853930414233    0.320978566766729
  127    0.582072317935764   -0.503984396275765   -0.638115620403888
  128    0.549920539081477    0.824023635481887   -0.136280772171105
  129    0.599151796903404   -0.789805408978552   -0.131242295833488
  130    0.750150332190290   -0.260046372599673   -0.607988785433210
  131    0.832408075177766    0.064928825719928   -0.550346294590486
  132    0.628265141137111   -0.763894571648454    0.147472017135424
  133    0.725768056561150   -0.190362076107655    0.661077157414650
  134    0.777293635957574    0.117346586542514    0.618097388868999
  135    0.422686455914234    0.438601099581740   -0.793073285032571
  136    0.750200493888959    0.661023548405364    0.015719014674730
  137    0.494368075352578    0.161367049410391   -0.854143361173505
  138    0.796235393155210   -0.591267083323351   -0.128111025541383
  139    0.910259413064810    0.210456728089258    0.356561027776274
  140    0.593166422917082    0.562632900869970   -0.575845303516836
  141    0.893367729433928   -0.097912546993271    0.438528486129873
  142    0.707268483398758    0.637448158554493   -0.305665074135577
  143    0.681460266350764    0.287037586508352   -0.673217148709543
  144    0.815569112489211   -0.385681269916631    0.431389592814959
  145    0.826119997673613   -0.541091782618703    0.157306809217733
  146    0.913461389508498   -0.156214386693725   -0.375746397543752
  147    0.876656768013617    0.444916013733313    0.183091921775860
  148    0.879977323756298    0.450794614969000   -0.149746869047917
  149    0.814094690783813    0.382896241989916   -0.436623753714348
  150    0.972831203062773    0.231368688209164    0.008245026610567
  151    0.944126253630425   -0.282334625139888    0.170037574238453
  152    0.942391233854702    0.163286332273890   -0.291952626373445
  153    0.931907583551240   -0.342235543161182   -0.120096164455236
  154    0.984165344334371   -0.001510216843322    0.177246422407603
  155    0.992400895652469   -0.061410639049552   -0.106626430680685
   
 U =    10947.6573176318     


 http://math-lab.ru/  - см. Задача Томсона
