    223
    1   -0.075086443851755    0.018854798231153    0.996998757538524
    2   -0.997211803330113    0.031389810397062   -0.067700067225521
    3   -0.917548066850324   -0.084415389898984    0.388560917961952
    4   -0.976118330977876   -0.217020012711385   -0.009763094372014
    5   -0.819255491912144    0.205983365211238   -0.535155390730621
    6   -0.813007218078055   -0.505472477268147    0.288992799352136
    7   -0.932184036472177   -0.280078312715765    0.229323049196387
    8   -0.956542245214335   -0.147759069539795   -0.251384547037110
    9   -0.985487371696756   -0.026885614667667    0.167606097592423
   10   -0.966720713309432    0.221266325493781    0.128422255318087
   11   -0.862946483248843   -0.038271581486616   -0.503843877703170
   12   -0.901072857014018   -0.385192274857797   -0.199235081605802
   13   -0.946501121576776    0.084787404301942   -0.311362687112062
   14   -0.484288024171401   -0.206153636165009    0.850273948760107
   15   -0.835549611206754    0.508449877893190   -0.208171969493114
   16   -0.673616127312090    0.659262613419944   -0.334086994017677
   17   -0.887145525461877    0.316009930082178   -0.336319105526919
   18   -0.785091141097653   -0.602592250443051   -0.143228767627053
   19   -0.703397887977108    0.091609981275515   -0.704868088737208
   20   -0.669445758815300   -0.504633863635662    0.545148639983951
   21   -0.956203708488002    0.271107337106651   -0.110341649619407
   22   -0.892621824543079   -0.448648042051510    0.044059195552470
   23   -0.858437174388925   -0.273888333415350   -0.433671302308695
   24   -0.825250499982548   -0.335569015431222    0.454263192610929
   25   -0.750725747906594    0.465682546062728   -0.468562287985941
   26   -0.480127426233104   -0.450088731638093    0.752926150582637
   27   -0.656146245253715    0.350903373273804   -0.668086018013038
   28   -0.871053297850300    0.400601682420785    0.284226044453623
   29   -0.810527766188556    0.098435927601304    0.577369126637942
   30   -0.646172347373379   -0.666253936604185    0.372245872306736
   31   -0.888700411880794    0.457266744213878    0.033447011210973
   32   -0.918212976374046    0.163010370812441    0.360988294859966
   33   -0.547776846615731   -0.260386354339559   -0.795071992202894
   34   -0.771471527968489    0.611828545691107    0.174635369302645
   35   -0.658722774630126   -0.305819899674193    0.687428901885028
   36   -0.385244964864071    0.922466719953766   -0.025327211149704
   37   -0.771219983356763   -0.513626784638084   -0.376041571336917
   38   -0.738451084073408    0.670702704490288   -0.069626709100900
   39   -0.647329472443219    0.197514091956632    0.736174393459139
   40   -0.542388591923434   -0.028578393414796   -0.839641525164843
   41   -0.570086652802738    0.587379123482414   -0.574444926510107
   42   -0.620363069095959   -0.721346179670452   -0.307911272246872
   43   -0.797328967523807   -0.138879494779002    0.587349132524556
   44   -0.787449180108735    0.328964166429049    0.521254607607187
   45   -0.590112845835743   -0.617336177721428   -0.520252700959772
   46   -0.554269931805831    0.811863773895949   -0.183472219508534
   47   -0.470099806690560   -0.639340776840124    0.608481341389335
   48   -0.337246457811018    0.060495241266147   -0.939470676752645
   49   -0.721433008094174    0.542173803372870    0.430792272178120
   50   -0.729222311151692   -0.152617132775182   -0.667040352379125
   51   -0.469945802073990    0.769208848023043   -0.432976548136383
   52   -0.712933531405770   -0.383427475991181   -0.587119366442915
   53   -0.232148720968135    0.832190375533029   -0.503553522699480
   54   -0.263082547228901   -0.587574686389753    0.765208181645712
   55   -0.514020170129659    0.222583973357530   -0.828395822964029
   56   -0.188825741225430    0.968012219101049    0.165218591937257
   57   -0.406551225817706   -0.778432995833130   -0.478286704586673
   58   -0.650786409187676   -0.046846942539194    0.757814234223230
   59   -0.355766233013918   -0.640219730579964   -0.680844390461730
   60   -0.411231126622220    0.885366091872075    0.216831371946468
   61   -0.755164907824471   -0.647611050128397    0.101616385204616
   62   -0.116602728445341    0.142425355195921   -0.982913435617002
   63   -0.350901053355161    0.674931100827203   -0.649104352080941
   64   -0.468718289776219    0.061120658072388    0.881230633821847
   65   -0.287992581768884   -0.098515615722520    0.952551807674997
   66   -0.610539904331818    0.423162561407382    0.669458342125660
   67   -0.337240659863781   -0.185910498099421   -0.922879203379872
   68   -0.258447025457088    0.172557232607403    0.950488893416045
   69   -0.194416501150596   -0.898672138776761    0.393180125472743
   70   -0.451767706179897    0.463269420244579   -0.762422051044700
   71   -0.293829422926935    0.311623359337971   -0.903634412877986
   72   -0.594459315774394    0.800988980685332    0.070956146384318
   73   -0.333932390671159   -0.418737987340226   -0.844480702218174
   74   -0.217071793321786    0.537236585963817   -0.815019439796381
   75    0.418022166860662   -0.908158769949705    0.022474798698892
   76   -0.443690986590449    0.309905249860596    0.840890625781519
   77    0.117841007266183   -0.016744293199969   -0.992891295989508
   78   -0.526254185138953   -0.477247340708503   -0.703769499488574
   79   -0.096374806848841    0.708566357523178   -0.699031911711608
   80   -0.146970658597562   -0.573851992599393   -0.805663401242172
   81   -0.612605626973733    0.727041992695958    0.310039169552509
   82   -0.438598689098412   -0.788129772454542    0.431836371432405
   83   -0.238224604920568   -0.765614240982330    0.597564951796447
   84   -0.425358458443616    0.790043528893354    0.441476391536632
   85   -0.051329874062594    0.394987591780428   -0.917251353974589
   86   -0.172949960633961   -0.773009365654284   -0.610364507263875
   87   -0.113703328691083   -0.104983046714495   -0.987952485166726
   88   -0.006373158604821    0.256643134000448    0.966485222142494
   89   -0.336322091470629    0.902269716909435   -0.269808837396015
   90   -0.617143507170905   -0.783355219205028   -0.074084358005160
   91    0.074526740585853    0.575918308216591   -0.814103105999841
   92   -0.290232101997509   -0.364183587333643    0.884949513637307
   93   -0.055277672996320   -0.490124416159499    0.869897945481206
   94   -0.201416252324078    0.405272845931466    0.891731693756779
   95   -0.207433627119042   -0.899423061311636   -0.384719959348413
   96   -0.425041247417941   -0.869737045714900   -0.250793559136831
   97   -0.534491004728602    0.622978701237209    0.571154010463911
   98    0.117000956840159   -0.255007575325023   -0.959834315194732
   99   -0.375185884257617   -0.897711451920937    0.230975542739558
  100   -0.092189490008550   -0.257191303008679    0.961953081802154
  101   -0.415326477900289   -0.909630116108532   -0.008773176352957
  102   -0.114639513655228   -0.345652909640770   -0.931333371014785
  103    0.088802057297472   -0.486077030015254   -0.869392497961241
  104    0.015796767732833   -0.958998067683466    0.282972027431289
  105   -0.581580218431624   -0.794003772973468    0.176981518902180
  106    0.188461464001057   -0.568849255130377    0.800557806485075
  107    0.018959292555361   -0.864334223179113   -0.502560340523562
  108    0.108758245549401    0.222534073388106   -0.968839630798778
  109   -0.180468187304296   -0.975864934199933    0.122958788096097
  110    0.021301561822810    0.838427373457817   -0.544596899459164
  111    0.045886432852357    0.993709024804905    0.102160703312822
  112    0.473936964489157   -0.632901806849771   -0.612224678183670
  113    0.003868967731888   -0.848770832551559    0.528746730390291
  114   -0.154362173708391    0.984604816600460   -0.082010209457090
  115   -0.382643277462688    0.529949018582653    0.756794661659221
  116   -0.211571248397961   -0.968331387039411   -0.132559163114657
  117   -0.028024559544913   -0.690141072296640    0.723132024177852
  118   -0.288009386090008    0.722962998585526    0.627992910947473
  119   -0.132956762144676    0.613497272278336    0.778423789658979
  120    0.222320958016261   -0.961857946762273    0.159382188079462
  121   -0.212437663911516    0.887825838116163    0.408210142114511
  122    0.236810849248773    0.937600347891519    0.254609915972998
  123    0.207004086927732   -0.745298834157853    0.633781473220984
  124   -0.101721615884822    0.941386613435382   -0.321627046291887
  125    0.327827050732422   -0.354739507144642   -0.875607964147688
  126    0.009655638325318    0.937216059509344    0.348615585489675
  127    0.042008935356889   -0.691882335473200   -0.720787127528184
  128    0.092087107499315    0.986714764059418   -0.133842964027167
  129    0.209797356630903   -0.909037461091175   -0.360049945818071
  130    0.230427576279188   -0.764116704328417   -0.602518708635988
  131    0.518589738162382   -0.430356295094329   -0.738822132008344
  132   -0.003140604180228   -0.967265160474649   -0.253748391004425
  133    0.158050383455000   -0.363505526413779    0.918087037571258
  134    0.187589508148867    0.088842305259976    0.978221458172207
  135    0.236317774994982    0.402644179359915   -0.884325491009392
  136    0.138569949676397    0.922623506875891   -0.359950321025990
  137    0.343222775882328   -0.111086655813587   -0.932661718425166
  138    0.220609557177243   -0.968489319765542   -0.115584863983736
  139   -0.060286552809574    0.805989748302875    0.588851472937792
  140    0.198562371461272    0.719133333483857   -0.665898065256291
  141    0.393956473743066   -0.377696519568864    0.837940114746570
  142    0.316595167594723    0.817984467992726   -0.480280032874912
  143    0.331787183504950    0.141109835694273   -0.932740735216485
  144    0.222615359884661   -0.883243791489392    0.412701837091703
  145    0.019959504670946   -0.999777991412779    0.006751744953693
  146    0.434504530828742   -0.873635513834313   -0.219013245391117
  147    0.295597432128150    0.955261039748080    0.009924921090905
  148    0.478186317232235    0.668360666212082   -0.569764746077198
  149    0.358050291318609    0.555496911303833   -0.750481958756212
  150    0.542539396651536   -0.195971538303325   -0.816851369133954
  151    0.416423103209119   -0.577280993159507    0.702380562124594
  152    0.466633753259242    0.319733147378170   -0.824635467820080
  153    0.427774090517212   -0.859535368523881    0.279657429257098
  154    0.111410207659537   -0.135822084864506    0.984449148962158
  155    0.288248808881401   -0.576596778657543   -0.764492497687320
  156    0.471039794311426    0.866865806035967    0.163294784058347
  157    0.536533930417498    0.056872491241509   -0.841960130440115
  158    0.340737101849830   -0.154263133377262    0.927416364479087
  159    0.168308063400537    0.842999385097352    0.510905502534321
  160    0.630232118402239   -0.763529742047882   -0.140818357974101
  161    0.252024392191780    0.307502125915402    0.917565337345451
  162    0.418679713153065   -0.745345401507267    0.518813579473435
  163    0.055514407581684    0.475496136241602    0.877964449718873
  164    0.675237462351352   -0.507183737312969   -0.535554876779734
  165    0.098867417622795    0.677953150869380    0.728426220669519
  166    0.422630268272691    0.078848295340421    0.902865772228443
  167    0.296590375639520    0.514899091606750    0.804309066553742
  168    0.602463076463528   -0.354365044369080    0.715166873413053
  169    0.321201491545301    0.698151721675060    0.639854495452852
  170    0.602772428291414   -0.791138104566524    0.103758851162490
  171    0.553591126822357   -0.138310625647316    0.821222890046668
  172    0.615194575818732   -0.547692738572041    0.567069923376886
  173    0.482323102708972    0.300706072469987    0.822763807281814
  174    0.776515779460832   -0.313832254497249    0.546381332299622
  175    0.518127791893676    0.499278873833715    0.694452444311863
  176    0.405826950196576   -0.797507958190632   -0.446414093770297
  177    0.602658092408509   -0.705448554603653    0.373022198350384
  178    0.391287515299873    0.827602063578343    0.402453605688059
  179    0.526789682801565    0.668591091976347    0.524860535593696
  180    0.528916878734783    0.777711534655465   -0.339722981638418
  181    0.584988734147615    0.467595611211446   -0.662678296985924
  182    0.607798602861201   -0.697357978114236   -0.379832474546867
  183    0.342619375284460    0.910752912797372   -0.230523524853297
  184    0.707920093349877   -0.287730603204522   -0.645027318344784
  185    0.524540344921402    0.847122230258305   -0.085096142990922
  186    0.776042011794404   -0.559593911721776   -0.290883911370181
  187    0.668169422088664    0.225880699803725   -0.708891763841195
  188    0.788657081121695   -0.612976705813246   -0.047744806282456
  189    0.713035925260667   -0.036760817606157   -0.700163132117502
  190    0.676647983517242    0.595066184598224   -0.433640106943261
  191    0.777877967005768   -0.493842849614560    0.388619490416454
  192    0.700838955906941    0.689328465805773   -0.183442154678600
  193    0.620287868975539    0.720758078518980    0.309436183810834
  194    0.762668238772588    0.382611485794296   -0.521484044344408
  195    0.901689474399275   -0.408182756863381   -0.142628639329443
  196    0.703918056769056    0.515378768877979    0.488757704741619
  197    0.827703924407111    0.496587073005494   -0.261357021036174
  198    0.836333224890846   -0.357382586243768   -0.415721570276782
  199    0.944966553629211   -0.202411098441280   -0.257036884026253
  200    0.635105353013116    0.101821180489939    0.765685077416114
  201    0.791525140433429    0.554541465376215    0.256849596535093
  202    0.849112414490842   -0.131848437438323   -0.511492030341241
  203    0.827021462042865    0.129911228158276   -0.546953904930654
  204    0.747571947144730   -0.634958203817054    0.194844202499477
  205    0.893344686249292    0.282962290871558   -0.349095421761549
  206    0.675016852471344    0.734121147212774    0.073609714675987
  207    0.825565281447855    0.564267470120484    0.006647422940678
  208    0.926699642882814    0.370187626365457   -0.064721659178163
  209    0.687610949088139    0.320413498688237    0.651556883589201
  210    0.913221060739933    0.361089573935695    0.188789866825447
  211    0.937355102296911    0.022501136847936   -0.347647969990475
  212    0.810277878443643    0.120493642297840    0.573525101343148
  213    0.737834675961714   -0.107144063777795    0.666423394356510
  214    0.904219264837275   -0.288822858060016    0.314593194076385
  215    0.839537961431718    0.333521065849553    0.428881930080592
  216    0.882890561494776   -0.451256571146926    0.129891352368654
  217    0.884160793100996   -0.090617734607386    0.458310067659049
  218    0.966346879269742   -0.254216919502700    0.039337854087236
  219    0.975152683079505   -0.074847434475551    0.208506849372556
  220    0.930625200703213    0.130445831663576    0.341936574261518
  221    0.974124492682960    0.163817185091793   -0.155709353038817
  222    0.984165266828204    0.149035021809010    0.095954623876908
  223    0.996312920547459   -0.052593686878446   -0.067782508442263
   
 U =    23026.4354988963     


 http://math-lab.ru/  - см. Задача Томсона
