    277
    1   -0.014928534059141    0.001584928362553    0.999887307086619
    2   -0.987901856249455   -0.045472929228970   -0.148263735033956
    3   -0.954913440983099   -0.064589848517276    0.289773138331235
    4   -0.964468612180405   -0.258957952350782   -0.052355277031969
    5   -0.830209779733292   -0.014081308602983   -0.557273216997934
    6   -0.846139978921951   -0.447524373102739    0.289428871312039
    7   -0.950538691012630   -0.266306317818381    0.159866012579319
    8   -0.932802422812462   -0.246586985240512   -0.262820278337111
    9   -0.995890843926387   -0.057214368024929    0.070199309648287
   10   -0.988302744324021    0.151414474070487   -0.018202818561055
   11   -0.857100602156781   -0.228245783305631   -0.461825096963864
   12   -0.880592211824352   -0.446864216074233   -0.157701391454409
   13   -0.932692384711765   -0.031235003437682   -0.359317812056302
   14   -0.590184128308979   -0.069786808538375    0.804246539343626
   15   -0.871391012500420    0.360640175351128   -0.332590389602888
   16   -0.741377085331163    0.526632736001819   -0.415954298832346
   17   -0.873230891758896    0.175876723310878   -0.454461426168813
   18   -0.780216428856345   -0.624605433246588   -0.033621078232171
   19   -0.741656160328426   -0.193828087162680   -0.642165720413160
   20   -0.778340593543407   -0.357822080774580    0.515896577767916
   21   -0.956193353827301    0.165216453109728   -0.241656354599541
   22   -0.886219407054723   -0.458611943350718    0.065499984546970
   23   -0.820718274371860   -0.428747251868997   -0.377620587530473
   24   -0.893909567484758   -0.253514777070207    0.369670046076573
   25   -0.762188427834971    0.345949839159905   -0.547163146839853
   26   -0.536284355897197   -0.296220259404947    0.790349699524200
   27   -0.736532327469203    0.151454688457383   -0.659228039404481
   28   -0.935111556247609    0.332096947045564    0.123604187369163
   29   -0.893684000433446    0.078190116079459    0.441831656987991
   30   -0.711245107792525   -0.553866954509149    0.432853085173202
   31   -0.930510089869208    0.349956936603375   -0.108079207874503
   32   -0.968394665519917    0.135576705188967    0.209357896442126
   33   -0.539035394584328   -0.466212734644197   -0.701488794950353
   34   -0.855723853024214    0.516273044577835    0.034624136201875
   35   -0.705648752325071   -0.214974133632224    0.675163654391396
   36   -0.565026927893270    0.813146848459247   -0.139774009015580
   37   -0.753369869071963   -0.604181711135060   -0.259611826202899
   38   -0.824872009417218    0.530795910642148   -0.194529867438327
   39   -0.792205716226373    0.215898320531856    0.570787191841042
   40   -0.582169783486067   -0.264893502602934   -0.768706560056915
   41   -0.614777188911154    0.506977876672755   -0.604170870332958
   42   -0.634744822559505   -0.760301337125659   -0.137988720549315
   43   -0.842656327757167   -0.117251918650988    0.525530494703655
   44   -0.889302166230943    0.283697491385409    0.358688430979559
   45   -0.588499222081246   -0.725911954989999   -0.355978228565127
   46   -0.676169949662017    0.684388703521082   -0.272775185210821
   47   -0.628091233864739   -0.444007893632001    0.639029257808079
   48   -0.471387069606873   -0.098409071437304   -0.876418784181565
   49   -0.836106420924839    0.477852670059560    0.269412098104755
   50   -0.711565192730994   -0.394512122265493   -0.581407913499017
   51   -0.567121597872869    0.684164197942418   -0.458576540481447
   52   -0.664644168932652   -0.571703447543690   -0.481043965527563
   53   -0.436340051785169    0.649737370617968   -0.622453780156057
   54   -0.340570470656305   -0.356303979773322    0.870091505828344
   55   -0.656995873726824   -0.033531365975244   -0.753148105887389
   56   -0.435823449933357    0.899999712730356    0.007644447230761
   57   -0.446292683304028   -0.861348397687923   -0.242696886320650
   58   -0.750548086547252    0.019491684070923    0.660528306760837
   59   -0.409296103259138   -0.788931500948989   -0.458327161171211
   60   -0.598274547677167    0.794946657764806    0.100634869256368
   61   -0.760322133394214   -0.618954692219455    0.196990716660431
   62   -0.397306064105017    0.269854526319982   -0.877112550389058
   63   -0.288290088919589    0.580902002620801   -0.761210672535454
   64   -0.620854008486512    0.153180637996939    0.768814667061627
   65   -0.433927061743179    0.073043855548416    0.897982126912086
   66   -0.764623772465385    0.427017630726206    0.482707395457933
   67   -0.393741691550697   -0.314376687208733   -0.863790934702639
   68   -0.457431605523352    0.279609092326246    0.844141624229502
   69   -0.343259256115087   -0.689350263154489    0.637941453254258
   70   -0.610907705108539    0.308129609986553   -0.729279040757756
   71   -0.539940558154977    0.122173223434591   -0.832789227316789
   72   -0.729967623880352    0.681662742797363   -0.049831447585330
   73   -0.342809447735587   -0.509228580770953   -0.789409865069612
   74   -0.459581697783435    0.452131878284915   -0.764435365286726
   75    0.083771649944407   -0.968787205437597    0.233310225335286
   76   -0.656122110248611    0.345221117941969    0.671063451671901
   77   -0.180519814752374    0.212845487456520   -0.960265273219419
   78   -0.488145227594091   -0.640522250590920   -0.592828375902382
   79   -0.075088180665435    0.583259324024278   -0.808807966122427
   80   -0.288291715207032   -0.678059042186645   -0.676109327144595
   81   -0.737201115509085    0.651413711458746    0.179428793162365
   82   -0.541999461959122   -0.634855725980431    0.550631265390808
   83   -0.447057058580253   -0.510424211984101    0.734579546539367
   84   -0.548797853931602    0.775184166544660    0.312906413258867
   85   -0.232004076875571    0.412027894761568   -0.881139672385408
   86   -0.240584539023123   -0.909627522860131   -0.338669232789715
   87   -0.332977282813249    0.055419349818919   -0.941304852210990
   88   -0.256205421746976    0.253421076489170    0.932811095484249
   89   -0.458918012552075    0.825617588817840   -0.328252730056993
   90   -0.638503653064947   -0.763958882349455    0.093166040498078
   91    0.135143390661537    0.558711292786486   -0.818277431726769
   92   -0.400207298409188   -0.142339045617575    0.905303106364215
   93   -0.194220301833571   -0.177770472100100    0.964715571349910
   94   -0.489794829453381    0.461085050021137    0.739933511666920
   95   -0.273209845346853   -0.953301904217225   -0.128731735874886
   96   -0.481556814707964   -0.876115757292761   -0.022895720815284
   97   -0.682586746816661    0.619045630098804    0.388404223619958
   98   -0.110304013949526   -0.003775296624508   -0.993890724195583
   99   -0.424899086401967   -0.791126267103649    0.439977267450739
  100   -0.229717434819591    0.039028275133869    0.972474520941285
  101   -0.474479078855005   -0.853341002903818    0.216052624358077
  102   -0.255904231946121   -0.163794991081291   -0.952724632288231
  103   -0.181062202575015   -0.381496825723951   -0.906463816575837
  104   -0.214130096322802   -0.827948795471428    0.518313702236588
  105   -0.609210617847839   -0.720121056866220    0.332096501877592
  106   -0.018367575465238   -0.575511288977683    0.817587541753649
  107   -0.041123841401031   -0.961237719562720   -0.272636894345361
  108   -0.016806789494096    0.391319619619477   -0.920101346117790
  109   -0.278791678358404   -0.908790517519672    0.310443224027247
  110   -0.189283262214648    0.734172550723358   -0.652044869935911
  111   -0.108442151843985    0.983419502870466   -0.145349169510706
  112   -0.055385196033115   -0.741017695453071   -0.669197470920052
  113   -0.240063928685902   -0.557024286704262    0.795042925989219
  114   -0.330892953895989    0.927122543601621   -0.175936472079119
  115   -0.598079386893477    0.556776680297310    0.576455354082369
  116   -0.309284434742684   -0.947057161681154    0.086173493223468
  117   -0.132158354222228   -0.388989234186270    0.911713521396086
  118   -0.470826038123958    0.722275775064059    0.506597025830304
  119   -0.374403069537618    0.629132507204748    0.681186193268094
  120   -0.067717874224965   -0.921765650124544    0.381788391338617
  121   -0.389550131708117    0.895182882237418    0.216560158467105
  122   -0.022503134922777    0.997017749374601    0.073818807567259
  123    0.128228806245776   -0.704284679643008    0.698240977935934
  124   -0.332102803172903    0.800084636514452   -0.499572119456478
  125   -0.034468701490279   -0.227155687990527   -0.973248273582401
  126   -0.233761960493005    0.971354889086259    0.042720314543408
  127   -0.212366445341158   -0.818078677436379   -0.534460260839949
  128   -0.213795775025406    0.912084072233361   -0.349848555462925
  129    0.158005613196794   -0.970074259378886   -0.184364197958312
  130   -0.016971796052849   -0.879567200844246   -0.475471868082390
  131    0.037726881597936   -0.442728492045682   -0.895861688396067
  132   -0.074857260977536   -0.995305024923427   -0.061353873888424
  133    0.087463885077068   -0.400445967681693    0.912136555442604
  134   -0.045186579061408    0.216956501154306    0.975134887940950
  135    0.192975452552020    0.355397413082775   -0.914578128694544
  136   -0.080250347849024    0.855137968110990   -0.512151283475028
  137    0.106274945835201   -0.052674167365978   -0.992940616542614
  138    0.123944715185320   -0.991949497346308    0.025959628118245
  139   -0.319530581642535    0.852947720546231    0.412771599568298
  140    0.035317090865950    0.732966793747327   -0.679347026457414
  141    0.206111927897828   -0.088084904146869    0.974555756660273
  142    0.139623444459058    0.849504540615665   -0.508770409154027
  143    0.033295753128558    0.177459221831978   -0.983564749983645
  144   -0.115652474171764   -0.720306602976263    0.683946564379664
  145   -0.113659916127982   -0.981609159820355    0.153378227993924
  146    0.362357636266922   -0.895401860881314   -0.258751716843247
  147    0.116802351349560    0.986324375579348   -0.116281713339731
  148    0.347662149513584    0.803420086662555   -0.483370659166158
  149    0.247629097147132    0.701429196432338   -0.668338920487489
  150    0.181205427743965   -0.281366142804382   -0.942336291691830
  151    0.215238702971354   -0.538136644373101    0.814911806716572
  152    0.394522803072834    0.305535025195424   -0.866602623025332
  153    0.031359388166317   -0.831895272416534    0.554045886641942
  154    0.022940494791204   -0.209677368860967    0.977501475541739
  155   -0.121824930161048   -0.576743553416743   -0.807790542147830
  156    0.187368260554392    0.976897087937297    0.102787229345136
  157    0.312843513318756   -0.103561764476370   -0.944141883994624
  158    0.168916300825236    0.137603342758572    0.975977767870347
  159   -0.170991930606400    0.950893220624550    0.257999695034254
  160    0.336615245297651   -0.941022387931208   -0.034161997093986
  161   -0.085952618849997    0.427053402794553    0.900131956145553
  162    0.282983078994239   -0.781955383195848    0.555397475411957
  163   -0.292269014937484    0.457044876466275    0.840052857743726
  164    0.154583773802456   -0.788007356918856   -0.595943170376798
  165   -0.234585250739438    0.768962588665288    0.594698492825309
  166    0.124804117019489    0.364017640287590    0.922992464722459
  167   -0.164306520267243    0.622473119300436    0.765199701480636
  168    0.400921640978960   -0.428502096448776    0.809720810609275
  169   -0.092743763723717    0.883014429721797    0.460091416126675
  170    0.496412260170712   -0.702798479182965    0.509557813805574
  171    0.269959004436873   -0.289478740824534    0.918326845155958
  172    0.366086300851487   -0.629325626643535    0.685514460809250
  173    0.042909193547965    0.584170675497994    0.810495788389601
  174    0.443471179743237   -0.171829670201846    0.879663502241321
  175   -0.019733964671670    0.759090195159151    0.650686288661117
  176    0.179968095961011   -0.902139053546300   -0.392118110398837
  177    0.552440632537493   -0.522531374836866    0.649438457309597
  178    0.048270887948295    0.955043023646520    0.292511101260784
  179    0.122120510702886    0.857292512885861    0.500136109689665
  180    0.228039212858521    0.923863298067498   -0.307367408621525
  181    0.338774763398626    0.512269837218510   -0.789183928853297
  182    0.354959369483262   -0.801080026742913   -0.481948790609146
  183    0.013855824402303    0.945136673011717   -0.326381196545505
  184    0.252673203500476   -0.491030006688314   -0.833694059451356
  185    0.334310371948819    0.938216734396773   -0.089364056002940
  186    0.314972796291788   -0.664755826359781   -0.677415551133022
  187    0.534784320929964    0.447963672716583   -0.716473501264176
  188    0.529352991473485   -0.779859880804915   -0.334071813730245
  189    0.238549057301259    0.133690782723602   -0.961884152003468
  190    0.428956808192114    0.860153660347730   -0.275919802290513
  191    0.566678133991380   -0.313777281418989    0.761852813948571
  192    0.542554922366904    0.838249024572447   -0.054522738548087
  193    0.258014108803526    0.910498595263350    0.323142426310425
  194    0.449528494529640    0.637653132670801   -0.625557843049730
  195    0.507275935676045   -0.663524038644338   -0.549915425520233
  196    0.327396942597153    0.786710290447922    0.523352807273814
  197    0.544023799066909    0.714357352489810   -0.440149609783487
  198    0.103756770277870   -0.630919301792918   -0.768879293027613
  199    0.387168253083028   -0.327841432456693   -0.861754453988710
  200    0.243983479300889    0.515739711511627    0.821270121091798
  201    0.455625129239849    0.821559695727001    0.342703090097139
  202    0.507112456415607   -0.151662305405646   -0.848431200314541
  203    0.431457844588449    0.083415142080345   -0.898268357683162
  204    0.711063934391238   -0.395875034007041    0.581094689924092
  205    0.645277612079080    0.536405577749488   -0.543953913037455
  206    0.386303961178136    0.913649699586323    0.126544363856724
  207    0.722184343987515    0.686658738534629    0.083363961598249
  208    0.568229021760056    0.808517922196724    0.153018130678366
  209    0.187714586139242    0.706397330098691    0.682470546016467
  210    0.717459133499425    0.528975354891177    0.453252099472256
  211    0.590052893613929   -0.331056036828839   -0.736369121580347
  212    0.391551471891146    0.622662197363619    0.677480060838831
  213    0.374479468941900    0.032550164778136    0.926663700656235
  214    0.816764892222396   -0.435730587498757    0.378198315637346
  215    0.530969113330814    0.682351668553935    0.502461939961974
  216    0.186261266382226   -0.895139438558376    0.405008797661342
  217    0.327358973374292    0.272467948673817    0.904763681574814
  218    0.672199168965900   -0.586319529874158    0.452081503857103
  219    0.432875757002476    0.424518770250689    0.795237318480701
  220    0.582891592800549    0.511984799585623    0.630958759377908
  221    0.610818835965531    0.756055133459436   -0.235119086420793
  222    0.604179387104659    0.316341165035340    0.731365527969375
  223    0.458670615582605   -0.509618881626470   -0.727949079188139
  224    0.513758077533279    0.162294626948445    0.842444711439851
  225    0.854183812142634    0.360950193515992    0.374279271232385
  226    0.404860022288819   -0.840992222950201    0.358915649268148
  227    0.522671944779195   -0.846707500454482   -0.099500989014467
  228    0.596137215687081   -0.745245448018633    0.298713311187101
  229    0.677477441142973   -0.716608017067102   -0.165822997854718
  230    0.670745746167232   -0.629158941898205   -0.392758411530669
  231    0.746244332472444    0.339730684772618    0.572453018226548
  232    0.707076627730239   -0.188103149872475    0.681659627325608
  233    0.725748432291254    0.594691653531309   -0.345877218456180
  234    0.583034113859742    0.245717294451147   -0.774399272522510
  235    0.596987131400108   -0.041821946598082    0.801159965128948
  236    0.295923764630637   -0.936310430648300    0.189081736257171
  237    0.755997601508392   -0.611174347708004    0.234379058828332
  238    0.490384860411202   -0.861490056550849    0.131748135256259
  239    0.701520496159817   -0.135383766578408   -0.699671515223199
  240    0.660906631583290   -0.747420228988008    0.067567933435492
  241    0.717589495298243    0.332819113738864   -0.611797968097059
  242    0.641329850182950   -0.493867566121847   -0.587188939266740
  243    0.654537072483801    0.687130587854879    0.315329630670105
  244    0.802002136835859   -0.597285316171487    0.006543974070993
  245    0.762511667660343   -0.295513890664498   -0.575541047281750
  246    0.608207888592597    0.031327763053177   -0.793159338037332
  247    0.849887013182842    0.164263426091077    0.500709088864950
  248    0.705685026899329    0.126081098545304    0.697217469230155
  249    0.838524901300813   -0.237967891918996    0.490150254834260
  250    0.807784992525661    0.539232932705455    0.238141239889676
  251    0.790260590131625   -0.444510442553778   -0.421780352962842
  252    0.804053544198990   -0.553231591176998   -0.217790506186130
  253    0.882423680865905   -0.440933535215869    0.164030683011148
  254    0.859952791658710    0.510067905592636    0.017661477931714
  255    0.748353274170387    0.652516269387985   -0.119121346627917
  256    0.803790119367473   -0.029277921266924    0.594192096323665
  257    0.747733324315743    0.117376555812951   -0.653542362707435
  258    0.857048648026337    0.470464875468943   -0.210072406246558
  259    0.887731324979090   -0.207707849919126   -0.410841263425236
  260    0.913905244256732   -0.043214894433265    0.403620709849191
  261    0.945857826339363    0.317314936573081   -0.068294973315737
  262    0.900684425140855   -0.352318458256416   -0.254242542231841
  263    0.925440377146606   -0.252419118683689    0.282568039363438
  264    0.837054014985919   -0.049655221055016   -0.544862308310944
  265    0.938038765140593    0.008188402522601   -0.346433579720038
  266    0.968437611394068   -0.161593875321438   -0.189778851023901
  267    0.921966626546448    0.351440152703892    0.162687917812070
  268    0.941300776672297    0.160940843377105    0.296733706830209
  269    0.809044559952381    0.402949458889590   -0.427876890696431
  270    0.860203029710312    0.178316869802620   -0.477759187898041
  271    0.919853894760321    0.264017901359258   -0.290109220908474
  272    0.909714315364626   -0.411412949538784   -0.056207200361413
  273    0.967524379776888   -0.246285477006059    0.056921334780953
  274    0.978678412314410   -0.049285318563141    0.199397900299567
  275    0.981501374444842    0.105129103802616   -0.160009135665887
  276    0.998644384694358   -0.049190845469795   -0.017019213859434
  277    0.985180033531198    0.153304772946355    0.076928201092535
   
 U =    35819.8535557616     


 http://math-lab.ru/  - см. Задача Томсона
