    266
    1   -0.006839937852046    0.000313559331264    0.999976558190604
    2   -0.994498032999419   -0.031072102987736   -0.100040925506546
    3   -0.940294078268336   -0.090733903249088    0.328046346077327
    4   -0.963970033629401   -0.258794764763911   -0.061538963229185
    5   -0.866707871715374    0.082736187854375   -0.491906686604210
    6   -0.835762225421838   -0.489853655930120    0.248082442606953
    7   -0.946416999659040   -0.286668404053868    0.148714790365952
    8   -0.940573879850663   -0.205528217127195   -0.270331146017596
    9   -0.991349101588461   -0.064022390675271    0.114577887360403
   10   -0.985947110858634    0.159501920507156    0.049673251796537
   11   -0.867795373301150   -0.145417107096073   -0.475168449121917
   12   -0.879814464695369   -0.433347316016336   -0.195285973419084
   13   -0.950343461809661    0.024126886979129   -0.310266333849365
   14   -0.578242616321047   -0.156406602778645    0.800732446749496
   15   -0.892336800774300    0.392151865782506   -0.223499324713043
   16   -0.775490977064916    0.527824943459537   -0.346431195986791
   17   -0.867120069433423    0.285098499797063   -0.408438037649825
   18   -0.769186010989231   -0.630827999111958   -0.102024095364178
   19   -0.755931725384599   -0.035284865922066   -0.653698863999261
   20   -0.764662699236995   -0.425881372671183    0.483648646030671
   21   -0.964486332034673    0.194354393582728   -0.178864431940482
   22   -0.879614035750132   -0.475014186425894    0.025311475767175
   23   -0.837845400940055   -0.363913546035390   -0.406917700690872
   24   -0.885083695372851   -0.301027492355005    0.354977888088253
   25   -0.726520416912897    0.430127886182751   -0.535871332818494
   26   -0.509643609372917   -0.394336458204504    0.764697423270193
   27   -0.755518473789197    0.213626516666877   -0.619318615205469
   28   -0.915553995827997    0.337956830395990    0.218050593927382
   29   -0.869834025848496    0.047168290206473    0.491084432531918
   30   -0.694372644814093   -0.616389119508986    0.371363815529756
   31   -0.928359202983944    0.371676309797726   -0.002431248683414
   32   -0.953611026624299    0.125485775178891    0.273640878028673
   33   -0.578813561144421   -0.365423881850025   -0.728999484230937
   34   -0.831650676936750    0.539363856080722    0.132074911714453
   35   -0.686673051137091   -0.299706298162955    0.662311298169929
   36   -0.549589911398604    0.830787269144259   -0.087996833560636
   37   -0.751059477855672   -0.575123444534978   -0.324257126782725
   38   -0.819555127808048    0.564148754313391   -0.100327341688012
   39   -0.754834354399928    0.178528433321836    0.631151880226379
   40   -0.606435919331107   -0.143061967978397   -0.782156473516127
   41   -0.552971399228260    0.552297102086540   -0.623851378665104
   42   -0.618736671363675   -0.752340525903581   -0.226160705236172
   43   -0.827724648275876   -0.180815877241264    0.531203845217680
   44   -0.858954692438641    0.270120091976360    0.435008014004712
   45   -0.585316643482946   -0.681280655540270   -0.439614712274826
   46   -0.680488108206740    0.699101386014279   -0.219529466500801
   47   -0.610109672368933   -0.525951293621663    0.592571872788080
   48   -0.445636390118897   -0.012878648102228   -0.895121415353726
   49   -0.799145803347667    0.483355396426109    0.357398301251657
   50   -0.741230292372598   -0.267440409769695   -0.615673030830042
   51   -0.616661095997909    0.652968743774818   -0.439728225539133
   52   -0.698234679674807   -0.479539536136444   -0.531516853337186
   53   -0.422058504743621    0.751238438825613   -0.507451895852637
   54   -0.295845035352325   -0.465015626123262    0.834407683640661
   55   -0.621062993258167    0.096866046673947   -0.777751713213778
   56   -0.389165519439971    0.920610427418966    0.032041214185576
   57   -0.427510438252299   -0.839675945056289   -0.334931534017261
   58   -0.735453517008673   -0.047625334640839    0.675899365157211
   59   -0.386062754457996   -0.755150991969958   -0.529813673801548
   60   -0.554830734443009    0.816704513636379    0.158608302189378
   61   -0.746072248360238   -0.653304285811338    0.128723387025190
   62   -0.255304847252914    0.314836037860363   -0.914165031180669
   63   -0.349152654878630    0.645148730158925   -0.679614257918072
   64   -0.597366933393221    0.080684230648625    0.797898992237124
   65   -0.415195389985777   -0.019398195508905    0.909525424683421
   66   -0.721220132167062    0.402655363193530    0.563657856725525
   67   -0.420022666787568   -0.237157746505130   -0.875977832286450
   68   -0.422273514212154    0.203312995561266    0.883373593125141
   69   -0.317846404035989   -0.760663798511246    0.566007287122554
   70   -0.609213301292935    0.332624042935818   -0.719875266687774
   71   -0.451451634594861    0.214966927855700   -0.866014227105947
   72   -0.705282447083183    0.708396659883311    0.027401498180314
   73   -0.384389233815399   -0.445071782178801   -0.808799125639362
   74   -0.435457920820087    0.436354061662071   -0.787382710037540
   75    0.131510402511409   -0.978355738718410    0.159765648836168
   76   -0.603613983084533    0.301673463599087    0.737999512726773
   77   -0.054077325897261    0.229584856180156   -0.971785180292712
   78   -0.528593818108668   -0.567297404274476   -0.631476231192230
   79   -0.098209473761750    0.661794548907280   -0.743224645918076
   80   -0.333230945436983   -0.630789310466461   -0.700758148582249
   81   -0.693460536670202    0.670667985975673    0.263281098198124
   82   -0.520506466091494   -0.707640345639085    0.477826495687232
   83   -0.424375158054003   -0.596765857659468    0.681011186661863
   84   -0.512217407294531    0.763028814386515    0.394233884997698
   85   -0.237897211308441    0.517638454270811   -0.821860905209508
   86   -0.200275723959410   -0.865327907052749   -0.459453205090838
   87   -0.255142179611497    0.095522614096741   -0.962173528205396
   88   -0.224425690176813    0.133845123916574    0.965255713473076
   89   -0.493287680637247    0.813645790910701   -0.307648811252092
   90   -0.617394192596402   -0.786643733537642    0.004005924886425
   91    0.110124642297179    0.591611331866568   -0.798666761024887
   92   -0.390428331956453   -0.244557096520569    0.887557065290526
   93   -0.182208421224891   -0.309379849438382    0.933318916553295
   94   -0.422479660244341    0.410868630120121    0.807897212189175
   95   -0.237983270354005   -0.937712852318410   -0.253097944733821
   96   -0.451088867006226   -0.884325146895953   -0.120365562477360
   97   -0.638549259053961    0.603453164215112    0.477597238644033
   98   -0.043613889474722   -0.001246035198950   -0.999047684568244
   99   -0.397577168144978   -0.848957216974815    0.348143704691319
  100   -0.208970026487997   -0.091382091973112    0.973643076951828
  101   -0.440321591793905   -0.890556480264905    0.114131727658289
  102   -0.236982145723454   -0.128881890832408   -0.962927266632206
  103   -0.204521361270981   -0.349932017045889   -0.914176457928151
  104   -0.185906268238052   -0.882008686538079    0.433012166458604
  105   -0.586425268107013   -0.771909048202556    0.245482843043341
  106    0.004093692458237   -0.640366116359449    0.768058903145309
  107   -0.003475226149503   -0.929070548159305   -0.369886251902092
  108   -0.044207270522290    0.451001951472635   -0.891427482749351
  109   -0.241561345969989   -0.947875292302181    0.207799293493075
  110   -0.191788511198482    0.789503174351222   -0.583011067357741
  111   -0.157980172639927    0.985891915141644   -0.055311813485000
  112    0.033437741727119   -0.657550885606948   -0.752667755563973
  113   -0.208624200605761   -0.637129377073318    0.741985242300528
  114   -0.334053082887926    0.923814338596462   -0.187017661242606
  115   -0.540569043865062    0.523498246809191    0.658585373662759
  116   -0.263710504768354   -0.964111869331406   -0.030742041069560
  117   -0.035850160857456   -0.465035178929562    0.884566022592121
  118   -0.414938504974671    0.693028884206090    0.589522690611182
  119   -0.302314322813576    0.578610497173172    0.757506397849407
  120   -0.027683729416699   -0.952326415230556    0.303822332917944
  121   -0.372010529965103    0.886574215272833    0.274944224177275
  122    0.012253247092044    0.989416567848706    0.144584622979724
  123    0.164089258628967   -0.741195288202103    0.650925694645401
  124   -0.265428681924571    0.880855365912709   -0.391971222355127
  125   -0.019966840818389   -0.231256184270874   -0.972687977978657
  126   -0.207714413880754    0.965996708868903    0.153964543712579
  127   -0.154843614591784   -0.745678181044500   -0.648064429925233
  128   -0.089177007596854    0.961754694692307   -0.258989128253248
  129    0.198339975044805   -0.944564251859685   -0.261647909236781
  130    0.029774470910904   -0.823655135932656   -0.566308836178399
  131    0.014982950664685   -0.452561310648898   -0.891607408724900
  132   -0.038840375077287   -0.986366035737927   -0.159917068527727
  133    0.177422298887508   -0.365651670363195    0.913684947790034
  134   -0.023503708435898    0.224327031612975    0.974230444287937
  135    0.147911258695593    0.361577267073710   -0.920534703032206
  136   -0.027502577109421    0.890436088307177   -0.454276546711971
  137    0.168048188093569   -0.099591180400187   -0.980735134103477
  138    0.164595371443517   -0.984885435822165   -0.053935535639816
  139   -0.281783223340074    0.836234942028500    0.470435263107125
  140    0.053458938003509    0.773459474304229   -0.631587352277231
  141    0.202091588605568   -0.115699220559229    0.972508447355016
  142    0.200974387819189    0.855894240361826   -0.476502198060150
  143    0.149776094819725    0.135696561624353   -0.979363857094942
  144   -0.084226889451542   -0.786116831567165    0.612312141166676
  145   -0.066941443408179   -0.995809772573610    0.062303611462934
  146    0.413547037685917   -0.855884339426748   -0.310549263636612
  147    0.069811390060735    0.994942989712599   -0.072213690111660
  148    0.401907666552312    0.770211458177094   -0.495221705157590
  149    0.261587042880858    0.699371270156052   -0.665170688979272
  150    0.193097577429531   -0.327972851710192   -0.924741658049387
  151    0.202271634219137   -0.556579681308500    0.805794790467677
  152    0.345818679566220    0.266543215235239   -0.899646683579247
  153    0.076116848328969   -0.870436834048171    0.486359890752375
  154    0.012591658079846   -0.228096516489571    0.973557101207794
  155   -0.161298190552539   -0.556144164378192   -0.815283117789495
  156    0.230264540100449    0.964305559900627    0.130740310222470
  157    0.372804980731093   -0.196126110560867   -0.906945971432894
  158    0.188095624983167    0.123200900894832    0.974392925816323
  159   -0.116371587752291    0.930330656391471    0.347767915918397
  160    0.383858906975230   -0.918150746914826   -0.098242279470343
  161   -0.035372343012516    0.435046272285707    0.899713031093868
  162    0.326734093220416   -0.797082143568256    0.507843370274799
  163   -0.232671072795667    0.363620498527498    0.902022341704865
  164    0.222907364260267   -0.724765238276885   -0.651941451622759
  165   -0.180358191092388    0.745949918472941    0.641115934941641
  166    0.172324583816516    0.353418005662657    0.919456334518337
  167   -0.091062610755569    0.606393915208976    0.789932921531891
  168    0.396173746423360   -0.449926046883284    0.800382980191896
  169   -0.017708210249905    0.852621536118853    0.522228815210413
  170    0.529785551192744   -0.696807324198498    0.483515069765906
  171    0.368668993297369   -0.247757409730398    0.895934952608050
  172    0.376497895690688   -0.641024293054655    0.668832707225256
  173    0.144582464420315    0.561935724792177    0.814447145114058
  174    0.537603232610127   -0.122420277875487    0.834263771149167
  175    0.071557702263719    0.729560211388853    0.680162769640466
  176    0.225145569656753   -0.858471243930200   -0.460799952049554
  177    0.566677239697152   -0.526268874674766    0.633970013137666
  178    0.119637020749357    0.932179553020985    0.341655183183009
  179    0.218549143059091    0.825331535408867    0.520638193689033
  180    0.371852106827271    0.878492072790743   -0.299962812181682
  181    0.305831231534298    0.490824578588565   -0.815817682372460
  182    0.418972867072772   -0.748944278123593   -0.513365566553456
  183    0.145707325050308    0.948363624255554   -0.281737132120623
  184    0.403639801985411   -0.393603209104648   -0.825924587378110
  185    0.288286235286135    0.953357535681863   -0.089445266521781
  186    0.402470092863889   -0.598593644632846   -0.692606290005584
  187    0.506720049846654    0.378348902589830   -0.774652760269061
  188    0.597577944730671   -0.722638956185887   -0.347409756590167
  189    0.348635620038096    0.040652784955783   -0.936376289488361
  190    0.579068771497033    0.753002507638233   -0.312516529750749
  191    0.572990471311948   -0.328197495528346    0.750978244501552
  192    0.489410802515406    0.865659960620377   -0.105403505444331
  193    0.342118126507172    0.880640257309507    0.327761994015577
  194    0.450759114965736    0.585479340776200   -0.673817602767673
  195    0.590464528976452   -0.601466613791198   -0.538135254852501
  196    0.435165457391040    0.745919577436993    0.504217223714010
  197    0.577227309435028    0.645260267091097   -0.500447620591730
  198    0.219042560882081   -0.537290243817051   -0.814456598242800
  199    0.608634360895186   -0.244361873391329   -0.754885083685185
  200    0.352044511151610    0.477901120215748    0.804782692075667
  201    0.545949449198612    0.778963099386865    0.308473157200657
  202    0.529915462542146   -0.066487980412293   -0.845440093099114
  203    0.535832706032724    0.157354611217906   -0.829531697690998
  204    0.729721313319225   -0.381253754051603    0.567584689636026
  205    0.644209694166372    0.455492432069018   -0.614426980421530
  206    0.437435037926770    0.891900823369141    0.114732335753499
  207    0.664400790974661    0.738608853774380   -0.114142674221090
  208    0.626156728953895    0.773078510160491    0.101377354048103
  209    0.299868874036650    0.671858802811136    0.677262436186430
  210    0.801996105016827    0.455494000084714    0.386429118241191
  211    0.775439354761841   -0.173552765272955   -0.607102334662494
  212    0.504965768371599    0.571662069921804    0.646693165717405
  213    0.380652306999154    0.010354718497528    0.924660262464576
  214    0.846451412240969   -0.378665862158756    0.374342318674813
  215    0.632914547450517    0.623236247080088    0.459342743440053
  216    0.237661208984051   -0.909950594259617    0.339863304507575
  217    0.365367313882196    0.258892677947539    0.894137185923760
  218    0.704711804084688   -0.562145913118583    0.432866313713343
  219    0.540494380095380    0.368879350988264    0.756170516153458
  220    0.686767444764818    0.437822510334863    0.580225754560482
  221    0.782682619649563    0.588156585625366   -0.203665774454148
  222    0.703204971786056    0.231783109506888    0.672145339790949
  223    0.569254633724736   -0.444356617706926   -0.691734311916778
  224    0.536653659762366    0.146571106860396    0.830975186210381
  225    0.876276785876123    0.449847027017831    0.172559111083219
  226    0.454811935133695   -0.835071732072472    0.309517860475654
  227    0.579280028889639   -0.803774912252897   -0.135574844873473
  228    0.642308039354417   -0.717498811876670    0.269510366287184
  229    0.742420437807508   -0.644592700039042   -0.182516148825480
  230    0.747145163480165   -0.536617342887397   -0.392193742939209
  231    0.832934751915599    0.253699586118672    0.491788795169749
  232    0.725952135978379   -0.184056676082195    0.662658763058335
  233    0.735776313068292    0.541736419670444   -0.406392505750634
  234    0.688496630188521    0.236595194944141   -0.685561889218177
  235    0.676667732436317    0.014789659183825    0.736139963499278
  236    0.344622530952306   -0.930707089928634    0.122554575257721
  237    0.799289681228340   -0.558557209251254    0.221697653292383
  238    0.539383517702406   -0.837572785253644    0.086817338322662
  239    0.694407761328348    0.000242022188451   -0.719581685725959
  240    0.709397898914821   -0.703400340350116    0.044526196902245
  241    0.796857282899697    0.329854793948022   -0.506176140883014
  242    0.733472294439400   -0.385101852687829   -0.560102630190400
  243    0.732034357317249    0.631035995210550    0.256747487730168
  244    0.844651928326987   -0.535308809102218   -0.002756604989437
  245    0.894031542455358   -0.085893620016795   -0.439692946424324
  246    0.821097579644276    0.086136969543392   -0.564250996614267
  247    0.921675789700543    0.257503239800507    0.290182391216494
  248    0.819283338797074    0.034191956605531    0.572368518415369
  249    0.859095504861425   -0.177738484497178    0.479962440880054
  250    0.789669934039465    0.612405757042883    0.037156210986055
  251    0.865078121692119   -0.303047739471705   -0.399752312026741
  252    0.864419588003883   -0.447103108482070   -0.229951269317800
  253    0.915893123420219   -0.365809207855313    0.165297942878381
  254    0.964752147027190    0.254194023416173    0.068107953029913
  255    0.897390278801970    0.436844800494896   -0.062107228180754
  256    0.921980238950807    0.041822500150645    0.384971839834244
  257    0.906636762624304    0.177149938551839   -0.382919939320480
  258    0.871557425748087    0.392734503667686   -0.293508540339570
  259    0.956886035905131   -0.197311087430805   -0.213160618001162
  260    0.983020559462077    0.048974855236844    0.176839031973700
  261    0.959350346505756    0.233217363758708   -0.158923169804547
  262    0.938851276400573   -0.339994642567262   -0.054423559480931
  263    0.947101204915964   -0.167286541447050    0.273887788514591
  264    0.966793304460640    0.010688373410698   -0.255335984780660
  265    0.998268106656723    0.037284543125543   -0.045504396226319
  266    0.986735895033724   -0.155417840616433    0.046878228103459
   
 U =    32983.5022137668     


 http://math-lab.ru/  - см. Задача Томсона
