    134
    1   -0.173301269599076    0.130212200837930    0.976223054792444
    2   -0.990547487272594   -0.085573355656654   -0.107204833191464
    3   -0.890902447107908   -0.016724790161581    0.453886672123332
    4   -0.911238535306660   -0.411482093825432    0.018078114758205
    5   -0.836753252204997    0.331023077455144   -0.436196878847713
    6   -0.852460738725123   -0.383221315888598    0.355601057339301
    7   -0.970200973905493   -0.151596115027368    0.189020337904264
    8   -0.897604681607356   -0.331767311576466   -0.290234881649124
    9   -0.972292961938035    0.159867853382861    0.170553996202137
   10   -0.879272617385088    0.453663397192968    0.145152286802901
   11   -0.792265819196299   -0.222221048361194   -0.568271658098896
   12   -0.762710403948231   -0.631893844788244   -0.137778839550409
   13   -0.920102900761121    0.014546557438125   -0.391406501833668
   14   -0.296853997952986   -0.162713658108862    0.940958006164016
   15   -0.637158090802546    0.750809838246478   -0.174109603747618
   16   -0.406296351376550    0.841635859523784   -0.355770087024983
   17   -0.840117828751536    0.516215747142474   -0.166503261877783
   18   -0.565550481913925   -0.823801060776721    0.038787429279038
   19   -0.753528252736898    0.097866720078417   -0.650090207146954
   20   -0.637640040754354   -0.562269433875202    0.526562685875525
   21   -0.962518969725734    0.232974846371087   -0.138852273573322
   22   -0.745011606444331   -0.634087582024800    0.207100566356493
   23   -0.713980597668981   -0.542245374977230   -0.442946565025678
   24   -0.747675613059120   -0.255282451572026    0.613035111193515
   25   -0.656126580137129    0.606449811262874   -0.449128642213765
   26   -0.352711549249658   -0.671099222224302    0.652089255359911
   27   -0.613344094013336    0.403426729365040   -0.679010969258072
   28   -0.699643613209089    0.703709054993630    0.123662364588836
   29   -0.728705283885662    0.123830849805643    0.673538810963058
   30   -0.494421507069759   -0.792017600662721    0.358127761542350
   31   -0.472695439063047    0.823342493254103    0.314111700977711
   32   -0.842244085065962    0.314636082292987    0.437754539543248
   33   -0.304600687838625   -0.461522348644610   -0.833195980949140
   34   -0.205523637664132    0.863265285445228    0.461013103183057
   35   -0.482471527524519   -0.411670128632227    0.773142244557936
   36    0.097325869214328    0.942983716858738   -0.318291352256003
   37   -0.538973308335331   -0.781895474066191   -0.313284599903784
   38   -0.432416792265159    0.901652981092258    0.006133470025510
   39   -0.605444302147296    0.415312975297516    0.678934701975748
   40   -0.572321493384799   -0.144185412239280   -0.807253786059367
   41   -0.394333657712341    0.666968899800831   -0.632181503283413
   42   -0.330207299981375   -0.935621797195318   -0.124799806297981
   43   -0.570912662600204   -0.111550713671434    0.813397301422951
   44   -0.688891204044911    0.590531356858322    0.420358924678212
   45   -0.225402697825170   -0.884972519798987   -0.407452160398944
   46   -0.177454954991406    0.969125040878872   -0.171191104005211
   47   -0.196076600765486   -0.866187715731823    0.459644218659975
   48   -0.294484129130199   -0.165389508932269   -0.941236106418348
   49   -0.426051290882463    0.669375772775408    0.608618412766745
   50   -0.575965959345578   -0.427438771520330   -0.696820859530137
   51   -0.138049954517955    0.847885052110259   -0.511891735101842
   52   -0.423049883335536   -0.683268555992198   -0.595124253078402
   53    0.162904208456009    0.772223521073915   -0.614111596021054
   54   -0.179886493403803   -0.461633738971779    0.868639822097640
   55   -0.507931612326162    0.154567169830286   -0.847416348208129
   56    0.118424791588781    0.992929251065105   -0.008189695747916
   57   -0.026642805843128   -0.990913390083946   -0.131836316123998
   58   -0.462857494743153    0.171489975842475    0.869686223729938
   59    0.091471874368629   -0.892247245632616   -0.442185197468775
   60    0.123445474500088    0.947238404779300    0.295805036023080
   61   -0.263223765003556   -0.949320109139217    0.171768972521981
   62   -0.229130181477379    0.139171602198607   -0.963395362806785
   63   -0.087084005930077    0.641503352361850   -0.762161285306253
   64   -0.314428457549192    0.436282473852072    0.843085018306429
   65    0.134730612258497    0.097007829404803    0.986122275965115
   66   -0.130457429542374    0.658750004485568    0.740965107591080
   67    0.001445641981951   -0.251642533897585   -0.967819169707266
   68    0.001908566686451    0.397611397167730    0.917551924533718
   69    0.142599520268108   -0.478413446404791    0.866479054056355
   70   -0.325375515775847    0.433390181650776   -0.840418779051437
   71   -0.006981014287673    0.379774476776946   -0.925052761861891
   72   -0.169982512297867    0.971575280951766    0.164764738206942
   73   -0.009070193074341   -0.532108398678057   -0.846627653489932
   74    0.250968291332320    0.539053679113199   -0.804012467428372
   75    0.423131753272792   -0.799715914456092   -0.425927195114316
   76    0.201339917364263    0.611218732049446    0.765423999667909
   77    0.056225576882879    0.053378878097721   -0.996990160371313
   78   -0.119242535206104   -0.740331899608485   -0.661581360242044
   79    0.489557588378032    0.637985464753987   -0.594397101628301
   80    0.219428714586798   -0.709309441740163   -0.669873984472486
   81    0.077218467480105    0.819956175263216    0.567194128079392
   82    0.106490581384768   -0.880560286200555    0.461815264410706
   83   -0.033325207309372   -0.705458176627240    0.707967648687111
   84    0.419550106587948    0.882418202259548    0.212875138010686
   85    0.294707779749609    0.244765949590203   -0.923708262643711
   86    0.270957751264436   -0.944654018223367   -0.184961301044748
   87    0.309893542703252   -0.124076339902464   -0.942640469143584
   88    0.331341829971955    0.353770045020655    0.874676709965985
   89    0.375901173355703    0.840224152669724   -0.390796214337153
   90    0.048456651420308   -0.983805415319343    0.172565517185402
   91    0.546727318935170    0.377518076828304   -0.747374966397604
   92    0.004808853173686   -0.195160389303077    0.980759551255161
   93    0.316249311585612   -0.214922180351453    0.924010188966877
   94    0.512061191023942    0.536055088215964    0.671146987659870
   95    0.564998470014446   -0.816090007863059   -0.121547636535667
   96    0.346327585089829   -0.931805929653714    0.108604388806460
   97    0.377306768119746    0.773390050961441    0.509418719527356
   98    0.538806689980941    0.069412577827214   -0.839564914030573
   99    0.292144776408514   -0.685569743512288    0.666817483572315
  100    0.435642966676517    0.066553753940992    0.897655726557596
  101    0.630093552982188   -0.753464795484759    0.187810852869031
  102    0.282837631725411   -0.440756841716288   -0.851901567412717
  103    0.543038140000191   -0.291689953875790   -0.787417646051365
  104    0.470231820792750   -0.438845257818613    0.765700251014750
  105    0.395234021060413   -0.831034595673372    0.391371395723309
  106    0.638579342824786    0.234865882101836    0.732839982767037
  107    0.515830812827081   -0.576425460598666   -0.633760412862596
  108    0.773749377298998    0.209086465140808   -0.597992266859978
  109    0.591206822934302   -0.623771606713609    0.511256760516525
  110    0.742051192263262    0.486239946748022   -0.461444191909652
  111    0.409694927894346    0.907603270542991   -0.091686255007569
  112    0.695792923889183   -0.628511555650030   -0.347628294993548
  113    0.627168390850238   -0.132759154852635    0.767486036564273
  114    0.637691958024694    0.720369849276899   -0.272793414369572
  115    0.755342094208309    0.416436371654831    0.506003032678624
  116    0.808939884251692   -0.511070875010761    0.290556060653695
  117    0.818801632728210    0.032086933803727    0.573179129871887
  118    0.639478586566367    0.676952608636123    0.364420502968522
  119    0.913518180122401    0.220312180643601    0.341975258821332
  120    0.729266284061552   -0.353699550421136    0.585719484875603
  121    0.669951825445965    0.741041487448031    0.044967382205647
  122    0.844516158081256    0.515589125737854   -0.144776766646274
  123    0.898738051397867   -0.207011822734999    0.386543684746625
  124    0.919811813388834    0.237496730700655   -0.312316395433934
  125    0.738134023477764   -0.090360533371579   -0.668575453777157
  126    0.844860424421256    0.502229985081524    0.184325541723731
  127    0.756808023158328   -0.379767312267757   -0.531994741154560
  128    0.966010346583111    0.258467355670123    0.004316983584752
  129    0.801304021739026   -0.596902677562995   -0.040237523072245
  130    0.904864110138362   -0.075776370991371   -0.418901997826327
  131    0.897773930067360   -0.363169095152575   -0.249219138144460
  132    0.943622285535407   -0.324511577309809    0.065339256445376
  133    0.989700430271494   -0.051676461696828   -0.133501316948242
  134    0.984937843439207   -0.018072351666960    0.171961724423053
   
 U =    8122.21480086584     


 http://math-lab.ru/  - см. Задача Томсона
