    162
    1   -0.012215237308127    0.004055581265556    0.999917166688374
    2   -0.955506113568911   -0.159983399723085    0.247817228508187
    3   -0.768869382447526   -0.063636474043866    0.636231303777191
    4   -0.868239881125119   -0.439086785815443    0.231002821078235
    5   -0.973259190865622    0.161417317675616   -0.163434993040060
    6   -0.689430995347581   -0.532570153627430    0.490972437229728
    7   -0.833172775545477   -0.280612332157232    0.476528955186488
    8   -0.938819397336193   -0.342477273038302   -0.036434278331739
    9   -0.905974055800801    0.060978412600138    0.418918420951638
   10   -0.875975581092691    0.375259802337885    0.303062472237416
   11   -0.947407982436112   -0.147005081992300   -0.284266812492723
   12   -0.806282351681775   -0.590005411323368   -0.042454492997214
   13   -0.997363876236115   -0.071320798439844   -0.013365705711784
   14   -0.283241491518444   -0.043102082624991    0.958079572872627
   15   -0.773324968942654    0.610097313209151    0.172481189770999
   16   -0.776781841578896    0.613999059639932   -0.140054008705848
   17   -0.914238772197189    0.405175449106308   -0.000568201441551
   18   -0.606052363897527   -0.794424478810318   -0.039878310911751
   19   -0.894237798816798    0.092337304210818   -0.437964132570655
   20   -0.447053594354886   -0.563599348742702    0.694621377349689
   21   -0.975438333916964    0.157751877228464    0.153734843012877
   22   -0.707485061050993   -0.666766821734462    0.234279520709339
   23   -0.848982716092632   -0.431404769951086   -0.305152867001816
   24   -0.631751521859414   -0.333913819841731    0.699565276115831
   25   -0.873205922555577    0.375946229408251   -0.310122313624129
   26   -0.176589143627028   -0.557571435955480    0.811129069975684
   27   -0.750854123498075    0.311340626000054   -0.582481845062858
   28   -0.693411486306373    0.546481446717621    0.469615309643757
   29   -0.634928004808826    0.149948205929086    0.757879914134246
   30   -0.484181747998915   -0.736987582551758    0.471611426991788
   31   -0.562323126179194    0.757560065888156    0.331504824000483
   32   -0.783824340765444    0.277431038549254    0.555564057218518
   33   -0.629339387556958   -0.279964362272375   -0.724949578334146
   34   -0.305520280451462    0.835860618890056    0.456064013074473
   35   -0.369292104335253   -0.336612735407218    0.866207370112556
   36   -0.090621421517299    0.995850110937797   -0.008385374610641
   37   -0.672972349460499   -0.676361124285553   -0.299405822282733
   38   -0.606065996054968    0.794908286458469    0.028369429771510
   39   -0.289876243502318    0.486683138027258    0.824082087302549
   40   -0.743266257785166    0.022917842511233   -0.668603053038696
   41   -0.705072166048752    0.564903582206992   -0.428669083878264
   42   -0.423077618873969   -0.875740203694458   -0.232560581443033
   43   -0.533680642367099   -0.099734684904326    0.839784475082551
   44   -0.558448540337727    0.421187047450098    0.714658449089445
   45   -0.468955692560014   -0.733465067458276   -0.492046291759204
   46   -0.341912694221683    0.930764834362871   -0.129508812995588
   47   -0.224681835834520   -0.766340816977664    0.601863626480315
   48   -0.531819440160613   -0.035933443467431   -0.846095071908485
   49   -0.445877971189556    0.653972907129568    0.611156503318411
   50   -0.822011484332308   -0.220846193425303   -0.524903875462308
   51   -0.561782715344255    0.787813389142828   -0.252488107893675
   52   -0.681295092412342   -0.500199918937654   -0.534450220459888
   53   -0.274110944001168    0.874536277260476   -0.400061857884723
   54    0.097807784254597   -0.488449697383109    0.867093149820453
   55   -0.553086056802904    0.242758926757030   -0.796971716718975
   56    0.139580948613821    0.967763309733413    0.209645737180361
   57   -0.211589750890489   -0.888581783434091   -0.407003920702480
   58   -0.397130338047240    0.213707073864171    0.892533910382625
   59   -0.230273959172738   -0.712097644325953   -0.663242677058964
   60   -0.130953371195185    0.954618507182426    0.267497140764931
   61   -0.491368833909809   -0.845139207712836    0.210467072599573
   62   -0.279773724142671   -0.056738771445325   -0.958387904292524
   63   -0.479587825378938    0.712657151771999   -0.511971973624068
   64    0.006566066943825    0.524948353537208    0.851108755026914
   65   -0.129334280004295    0.265735355759773    0.955331023632645
   66   -0.154370681612435    0.708591660724936    0.688525635695280
   67   -0.374211043129542   -0.312052872733722   -0.873263476746011
   68    0.154455657022416    0.293916495334219    0.943269072844130
   69    0.316782881015474   -0.600717995796723    0.734020773426409
   70   -0.532747052870697    0.496986918429368   -0.684970496129335
   71   -0.298928978855868    0.220841071024725   -0.928369908467977
   72   -0.381765546864075    0.911446000936903    0.153366406372779
   73   -0.158964421526153   -0.500938166547568   -0.850759229150538
   74   -0.285345031627758    0.479256379851997   -0.829994900765367
   75    0.769065854251531   -0.527410000810502   -0.361076727122407
   76    0.164057596854839    0.708948710144615    0.685913136846424
   77   -0.029514192888226    0.068070314017626   -0.997243874269327
   78   -0.453650336220831   -0.534582420975778   -0.713037872507768
   79   -0.247782875314244    0.704921506487729   -0.664597108323589
   80    0.073176453548708   -0.647778215846604   -0.758306395674350
   81    0.003166374690723    0.864779275092066    0.502142190462581
   82   -0.249386428068619   -0.907986977719740    0.336698764159520
   83    0.047959915588762   -0.726070563866070    0.685945612117991
   84    0.281341275312202    0.853264984853198    0.439073971477672
   85   -0.027899877077443    0.359848471572838   -0.932593520439508
   86    0.014079819697755   -0.829174652297777   -0.558812271397237
   87   -0.069040371618966   -0.246384462645484   -0.966709948047299
   88    0.449584523970811    0.226549229516400    0.864030787884011
   89   -0.031339969344121    0.958779158873079   -0.282418715442411
   90   -0.308169047837946   -0.951002814829180    0.025009680958199
   91   -0.003501568612886    0.617776025521051   -0.786346311308614
   92   -0.101511079533179   -0.284223798497722    0.953368938606422
   93    0.191974398292800   -0.235792773216008    0.952652926568339
   94    0.319411810522041    0.493071029420693    0.809232386428676
   95    0.122919253178575   -0.937584228534470   -0.325310116045358
   96   -0.099757160495812   -0.982754646347147   -0.155697829184954
   97    0.449140685108650    0.657881353851515    0.604536822066804
   98    0.201405207107495   -0.122516113080602   -0.971815694761928
   99    0.007878112902109   -0.900273786074279    0.435252852310682
  100    0.264248271428605    0.032917077892584    0.963892793328183
  101    0.193813915734731   -0.979793065623329   -0.049413708867165
  102    0.151264089028308   -0.412768728498333   -0.898187704293655
  103    0.416164538263625   -0.312460093871252   -0.853917892323256
  104    0.265476402905644   -0.821380822840420    0.504832470598192
  105   -0.034734611808539   -0.989134472003571    0.142851331938934
  106    0.499450057072194   -0.081187833752387    0.862530101585549
  107    0.296123423101629   -0.786353187205150   -0.542180397342873
  108    0.221535273693181    0.185515528067433   -0.957343256807896
  109    0.242825593159071   -0.941274734881683    0.234600947952821
  110   -0.013434909138832    0.832748952795228   -0.553487745875988
  111    0.394913749129975    0.910248892722614    0.124459166176549
  112    0.932013699071438   -0.228816223137893   -0.281058002504971
  113    0.500907254477867   -0.677889358113719    0.538105882301630
  114    0.196055510750490    0.976291330539598   -0.091746796225188
  115    0.592951016340200    0.401687034914874    0.697894417661024
  116    0.465026268143117   -0.885220798539131    0.011606367675970
  117    0.421111515174245   -0.353687586534612    0.835206670782132
  118    0.696369103965313    0.534104398555107    0.479377265300134
  119    0.817975845785599    0.268060159411461    0.508978650483138
  120    0.502932740362885   -0.816043966283411    0.284834871045519
  121    0.532851794391029    0.772821011077575    0.344697911295230
  122    0.622818806282198    0.781956418599053    0.025315883412623
  123    0.614671429434938   -0.447809269182083    0.649342661674880
  124    0.233358541477478    0.890142196729430   -0.391395785262450
  125    0.648078220970467   -0.193976873713417   -0.736456103218735
  126    0.745550366074447    0.627997113751859    0.223101494315016
  127    0.354244603819987   -0.581497419917227   -0.732373887638021
  128    0.447997155028249    0.873513065869570   -0.190455960373363
  129    0.551185861127892   -0.692352600157911   -0.465662993534256
  130    0.596595547496754   -0.475841664808287   -0.646257272871668
  131    0.684568659447122    0.082072027399309   -0.724313421676927
  132    0.399090027983526   -0.875545501245304   -0.272299880303348
  133    0.697486500172182   -0.181604977802436    0.693204309071242
  134    0.686120570934597    0.115278293054254    0.718296232268332
  135    0.237383814041282    0.474434342901022   -0.847679762119687
  136    0.688785216050580    0.686345691303654   -0.233462027274383
  137    0.454001922516637   -0.012931398643374   -0.890906860047852
  138    0.645320534032120   -0.741264772737004   -0.184629209649114
  139    0.887668242250434    0.387225938702162    0.249201051555274
  140    0.236412769453341    0.725348464369410   -0.646512650824669
  141    0.820492998974209   -0.330050727241438    0.466752349840583
  142    0.483619066019314    0.746578349119727   -0.456873470020169
  143    0.459276757741398    0.279279245724068   -0.843248458466628
  144    0.711069496274717   -0.593919975834431    0.376349882120946
  145    0.703811525487744   -0.703640931505863    0.097666658078257
  146    0.796507969056729   -0.311047872753154   -0.518482667101671
  147    0.839960524489387    0.541883649842638   -0.028782413601651
  148    0.704140816045541    0.539566998435955   -0.461576825000490
  149    0.464692018029617    0.562720454384451   -0.683671718441621
  150    0.842042749189979    0.237252659816955   -0.484432847716133
  151    0.868156103746563   -0.458252761259254    0.190550219957514
  152    0.658034270015902    0.356489757492647   -0.663254063151876
  153    0.844885557650112   -0.525228752420182   -0.101504443771680
  154    0.860869104535399   -0.025132688416168    0.508205404171774
  155    0.856236582833966   -0.041428232250657   -0.514920009117337
  156    0.961786519530594    0.079243084550216   -0.262082476331771
  157    0.878724730702449    0.397359057184918   -0.264478028057194
  158    0.949715811796111   -0.173317229195676    0.260770042160497
  159    0.962763666097784    0.269979882177002   -0.014035186555494
  160    0.959183524215957   -0.282165080034775   -0.018703862746115
  161    0.956609038123729    0.116884149671608    0.266903060558582
  162    0.999938298899921   -0.011100566131052    0.000419314562472
   
 U =    11984.2414653545     


 http://math-lab.ru/  - см. Задача Томсона
