    228
    1   -0.063577047312277   -0.028875809849460    0.997559094320026
    2   -0.995890260196869    0.044056473800477   -0.079130378245529
    3   -0.928007426518419   -0.073380013745746    0.365263726517342
    4   -0.978220514499617   -0.204118643171400   -0.037685600989928
    5   -0.829168167232563    0.233926791740893   -0.507699129951988
    6   -0.831736023418141   -0.491706067197363    0.257760219641976
    7   -0.943548430437668   -0.266230271523391    0.197073087820724
    8   -0.956027989790060   -0.115661217738869   -0.269505037891946
    9   -0.988848193920710   -0.016528268498626    0.148006978619883
   10   -0.964251878026222    0.227202435195038    0.136372171517314
   11   -0.870078095280567   -0.014222418969012   -0.492708667380239
   12   -0.904491886531781   -0.365590174155231   -0.219632082718641
   13   -0.942560048143876    0.134470288872498   -0.305774912400546
   14   -0.516718008896134   -0.216270855576228    0.828389652464793
   15   -0.857094707594276    0.500013336678481   -0.123997279637639
   16   -0.725191074230545    0.638547771247136   -0.257593962840095
   17   -0.866537450399564    0.378531667620294   -0.325310042365161
   18   -0.790519710565196   -0.591430542301861   -0.159023585799232
   19   -0.724317400270233    0.101261340752275   -0.681990061903267
   20   -0.703701211184413   -0.493735552536410    0.510910764751690
   21   -0.954719428518057    0.280864884406896   -0.098110802245498
   22   -0.898826576073389   -0.437986162052993    0.016700538742142
   23   -0.859691299099916   -0.258329389564398   -0.440677656274043
   24   -0.848050087513295   -0.321121093190577    0.421535636188426
   25   -0.724353583785311    0.511083665481618   -0.462715217531530
   26   -0.519640396662869   -0.456060233075954    0.722483855849224
   27   -0.677468919477560    0.357879899214555   -0.642617958728269
   28   -0.853347853992030    0.402986035808203    0.330756247153076
   29   -0.814880367491571    0.100179790479228    0.570906293761367
   30   -0.671891829943160   -0.658537990457641    0.338952922954861
   31   -0.882310754903862    0.458640233491451    0.105720707545326
   32   -0.917054047149332    0.168769918532183    0.361287405268534
   33   -0.563929956287916   -0.260147862396208   -0.783776813953942
   34   -0.743707346004806    0.622533710435719    0.243620940950534
   35   -0.686742991562990   -0.303184671529047    0.660653554057600
   36   -0.393354562390369    0.919347871483850    0.008466371406694
   37   -0.774064979863547   -0.503857350993501   -0.383342114564340
   38   -0.742169283304174    0.670188600068997    0.005656435036869
   39   -0.646646555667414    0.196883655794755    0.736943049444367
   40   -0.564527800620900   -0.028226920258507   -0.824931271863813
   41   -0.542828975054788    0.612268914507587   -0.574859530814851
   42   -0.624457856908771   -0.715690636869440   -0.312792738474409
   43   -0.815227619274760   -0.133557272471367    0.563530286445739
   44   -0.772048999298041    0.328402534232696    0.544143472066362
   45   -0.593607687978242   -0.615129378587431   -0.518888967286612
   46   -0.579961688244476    0.805227040676582   -0.123506490241815
   47   -0.517669090636891   -0.642060315151393    0.565488518280317
   48   -0.356456918761902    0.036160589493724   -0.933611737733753
   49   -0.689434960463997    0.549005318502456    0.472517296557516
   50   -0.741174643522103   -0.142716579886502   -0.655966558313290
   51   -0.554607347498674    0.743686706839063   -0.373283768963177
   52   -0.716125340929063   -0.377967510084822   -0.586775133589958
   53   -0.350668102222096    0.805912446062866   -0.477008397583232
   54   -0.325028709377310   -0.606116250481885    0.725933487987915
   55   -0.543124434852608    0.213671457096827   -0.812010071789848
   56   -0.181397095103189    0.972330888488304    0.147199650745749
   57   -0.408337296831156   -0.779149178165862   -0.475591431987674
   58   -0.670748782761821   -0.047414730709566    0.740167490325855
   59   -0.363624116421085   -0.646140773377347   -0.671028764611703
   60   -0.380537633291742    0.888530731379457    0.256328400773316
   61   -0.763917584391400   -0.640393787225936    0.079534404756881
   62   -0.130412281819245    0.134898871284303   -0.982239752441795
   63   -0.327268244600012    0.666291631433440   -0.670038027247850
   64   -0.485844554783776    0.042365368920530    0.873017894491964
   65   -0.315731271906843   -0.122123179362170    0.940956796565369
   66   -0.592792001889273    0.426783963810382    0.682973711595407
   67   -0.362122113294311   -0.201884137375821   -0.910005697860888
   68   -0.257881133612210    0.115398345295422    0.959260414501693
   69   -0.213147727294417   -0.907591283690334    0.361726565403423
   70   -0.489174869428477    0.449281624378783   -0.747565361099078
   71   -0.329375605758308    0.272067409471125   -0.904152108350702
   72   -0.580619598707162    0.803322398353881    0.132491531427874
   73   -0.343591279156025   -0.433176252781274   -0.833248682515790
   74   -0.274057485597537    0.491618858662031   -0.826561184907565
   75    0.429331521289367   -0.901332097727406    0.057226693366571
   76   -0.439710098138580    0.280105868253976    0.853343853417042
   77    0.079867740072482   -0.006526632990217   -0.996784102580657
   78   -0.532281588012062   -0.477562666765802   -0.699006588219949
   79   -0.087677150935037    0.627167484558866   -0.773933888336736
   80   -0.157150670919982   -0.593088349940748   -0.789651743361566
   81   -0.561433090065624    0.740345393042310    0.369704725937326
   82   -0.466202687688735   -0.792460267826436    0.393270616634720
   83   -0.283546327109509   -0.778663055267215    0.559718971220945
   84   -0.346924040359404    0.804160720957098    0.482668877275578
   85   -0.088688573918630    0.378483155141364   -0.921349465800311
   86   -0.176428524932717   -0.782301341299965   -0.597392322507029
   87   -0.141640094559490   -0.113928563378474   -0.983340412095270
   88   -0.001109035642765    0.204609689688716    0.978843013422188
   89   -0.383778750821435    0.890734313927242   -0.243528750685633
   90   -0.622012094116638   -0.778093458460510   -0.087587240358383
   91    0.105693539268361    0.506126584478366   -0.855958384643314
   92   -0.332873091429442   -0.375796060151994    0.864854222500211
   93   -0.134875223519518   -0.517414306014070    0.845039117445186
   94   -0.203977282596299    0.340378281852157    0.917897539722165
   95   -0.203649213045302   -0.903059365667665   -0.378167661369854
   96   -0.426443268122512   -0.866522024106880   -0.259394912846624
   97   -0.490971897219217    0.636854465289924    0.594443425551371
   98    0.079043280285968   -0.261400638265757   -0.961988495854233
   99   -0.384230341280627   -0.901357321105267    0.199804966227842
  100   -0.128396915980495   -0.264349272483986    0.955841877144899
  101   -0.416075223842869   -0.908775812119750   -0.031747935526510
  102   -0.141240791364144   -0.354077326174196   -0.924489202719081
  103    0.051049172700314   -0.498960698215291   -0.865119762578063
  104    0.006041433472182   -0.964415405866994    0.264322579451705
  105   -0.590750737952769   -0.792214469961665    0.153002611715017
  106    0.116962162229046   -0.595800335861846    0.794570206082268
  107    0.019828201635192   -0.874980554849127   -0.483751869304739
  108    0.100062218524875    0.241671220696334   -0.965185253467449
  109   -0.182282457267329   -0.978139189053661    0.100084127662836
  110   -0.126999180213072    0.799010653032621   -0.587752655940909
  111    0.019195373574701    0.999721270934054    0.013744747190387
  112    0.430682201884705   -0.644743982591601   -0.631520417636408
  113   -0.034394209853519   -0.859280837690250    0.510346431658823
  114   -0.186593422951156    0.975595275512122   -0.115744342884647
  115   -0.380902308288239    0.501252171477691    0.776955399060713
  116   -0.201898593672755   -0.968756668870642   -0.144039836127445
  117   -0.085691524508040   -0.710694750997313    0.698262080835237
  118   -0.249904674399494    0.699256326034492    0.669767306020551
  119   -0.149035472499521    0.549041716133484    0.822399916027503
  120    0.225585723942032   -0.960248989414110    0.164417029174993
  121   -0.153279110967469    0.904625010497289    0.397692223363498
  122    0.221901655942381    0.965001136429886    0.139758583919051
  123    0.162761180044933   -0.759989898952359    0.629225040633925
  124   -0.160004781332954    0.919044232018808   -0.360216836840746
  125    0.280683422094631   -0.397869167780815   -0.873451167433331
  126    0.038519305656869    0.958338272724974    0.283026532541079
  127    0.036846464437941   -0.713055440412300   -0.700138755502682
  128    0.047385584379840    0.972063254848901   -0.229886134783160
  129    0.232451340909200   -0.907172726214830   -0.350719287923360
  130    0.231267580638581   -0.786775914332560   -0.572275254376547
  131    0.527191223932305   -0.450671190091414   -0.720392179184607
  132    0.018421404840294   -0.968602740829768   -0.247930196427889
  133    0.060694069441616   -0.399275619609474    0.914819768872583
  134    0.195336545299485    0.052722154375958    0.979318134473379
  135    0.295736871996697    0.358772239402756   -0.885337327110712
  136    0.067032197481827    0.884125288142919   -0.462416651264806
  137    0.285231759451508   -0.137228973226833   -0.948583708645318
  138    0.239716994616058   -0.965651466755932   -0.100264685928603
  139   -0.053417839729885    0.803658635422914    0.592688225046501
  140    0.100007660123564    0.730801913871692   -0.675223689304575
  141    0.289320502241089   -0.383579439869962    0.877017936129023
  142    0.286183283736995    0.793634292856604   -0.536883355405538
  143    0.307485742412405    0.109340476648211   -0.945249796815336
  144    0.189034258884035   -0.889131154276045    0.416787523162476
  145    0.029855219896108   -0.999553341998862    0.001335044516466
  146    0.435468098674910   -0.875314160147207   -0.210220493963478
  147    0.262396372680223    0.960502749373808   -0.092642387974499
  148    0.473305461867703    0.661285967675993   -0.581964611227372
  149    0.293710033016714    0.602874670241506   -0.741806274229678
  150    0.465303560637310   -0.264735930519075   -0.844634526615175
  151    0.349882409343082   -0.579011694362701    0.736429057970633
  152    0.507808126011188    0.212724296667241   -0.834792956824884
  153    0.399545576288862   -0.856396654095351    0.327029208668415
  154    0.129769119831275   -0.178566622850218    0.975332731298445
  155    0.250481868947502   -0.598603066393473   -0.760876601186354
  156    0.448508288579612    0.888051366873088    0.101020220105817
  157    0.505903229180606   -0.026738655542240   -0.862175717011578
  158    0.362842304812512   -0.143056010187592    0.920804235322336
  159    0.141826204789654    0.864480882159475    0.482242814374398
  160    0.606237211761320   -0.791874085596702   -0.073565451376629
  161    0.248298370164329    0.285661373851627    0.925605476897657
  162    0.384319227729330   -0.740446182109299    0.551396574705804
  163    0.049942185534223    0.429924722932045    0.901482396231823
  164    0.627751168454592   -0.582332828494966   -0.516543267656203
  165    0.045292285344089    0.653415343752408    0.755643432736123
  166    0.425597310529038    0.105764864460688    0.898710588964023
  167    0.261187247772448    0.517525069605911    0.814830671937704
  168    0.498869535350380   -0.339140583975158    0.797566831682640
  169    0.237652740908772    0.718944843122602    0.653176459531393
  170    0.583369457962270   -0.783906495936043    0.212533952925368
  171    0.569192855852392   -0.087336168177115    0.817552375432141
  172    0.556789700802667   -0.526383854331626    0.642577051394662
  173    0.458531555496692    0.351064995090047    0.816395848737737
  174    0.684120059044923   -0.276049049827589    0.675112336505308
  175    0.455773772672707    0.571315151668634    0.682546163726333
  176    0.444263884531522   -0.783346507316705   -0.434738830075808
  177    0.581645378789723   -0.679296888548373    0.447486749011699
  178    0.326482843237310    0.884341210204359    0.333690840458606
  179    0.415825313474412    0.753436257709285    0.509335954202072
  180    0.492553139004620    0.789862079405046   -0.365389245565099
  181    0.476785620311411    0.444743560788778   -0.758207516054267
  182    0.635055548573263   -0.708783474042523   -0.307132605156997
  183    0.280254703787658    0.904944557923662   -0.320207195561311
  184    0.658812010286501   -0.205472211581473   -0.723704294149259
  185    0.485882213948121    0.863364575665548   -0.136088514044059
  186    0.792577950922657   -0.488833863049707   -0.364501915011626
  187    0.683469436165730    0.273447184319803   -0.676828018934552
  188    0.785852247989370   -0.599842000824488   -0.150418809917269
  189    0.693566626464939    0.038694454534788   -0.719352537941098
  190    0.669540117017624    0.626906071652123   -0.398377721552963
  191    0.734547266849243   -0.453158176413925    0.505062352500672
  192    0.677227990641169    0.715011825955855   -0.173552117346344
  193    0.555609575160970    0.775514857554686    0.299791103439348
  194    0.637384674719230    0.491874809671356   -0.593127261254976
  195    0.908980269879603   -0.383165431737976   -0.164131413479124
  196    0.615759154368023    0.616331150285071    0.490893651415721
  197    0.822008169406935    0.513378118061877   -0.246465975995685
  198    0.734712533824371   -0.365233550359099   -0.571665939455431
  199    0.885805573502413   -0.258834147731680   -0.385166678101930
  200    0.621136763770272    0.168917284114185    0.765281694424009
  201    0.740519473381928    0.621048055062436    0.256768812057300
  202    0.820783025328481   -0.109961613423721   -0.560556570656235
  203    0.835701409877680    0.143969891144493   -0.529977191935937
  204    0.747546570464131   -0.591620080442728    0.301926821273396
  205    0.799108460030091    0.387001492828769   -0.460060336974012
  206    0.649052778988086    0.758058629147634    0.063856126273464
  207    0.811478022856253    0.584381229819643    0.001413030709924
  208    0.922885125690463    0.375962203096125   -0.083279448979962
  209    0.637942889375081    0.408547792028479    0.652776816013274
  210    0.879652935302482    0.438066620352719    0.185225132059540
  211    0.932550208356293    0.000345129333981   -0.361040149817686
  212    0.779705738690653    0.224129065916124    0.584658124774152
  213    0.743459221661730   -0.027934850346338    0.668197597917160
  214    0.872148876865317   -0.386540705077664    0.299904351253245
  215    0.775099942560385    0.451802921698925    0.441694689788323
  216    0.737660645489930   -0.670861640611764    0.076167127102656
  217    0.837469432093964   -0.220401063139341    0.500068317008049
  218    0.873787770542732   -0.481048533219599    0.071324895634232
  219    0.876924063831763    0.022286291532476    0.480111973900375
  220    0.892100733880274    0.267976485988967    0.363792363261355
  221    0.915770960442285    0.258011714495190   -0.307885535863359
  222    0.968525757934097    0.231309951131127    0.091943258186227
  223    0.973718297003766   -0.146472506184358   -0.174408953360079
  224    0.944577878272011   -0.164085752590794    0.284338702388293
  225    0.983737991162918    0.115925086748999   -0.137189427453372
  226    0.962095467283937   -0.266416333333791    0.058263617847510
  227    0.962385646099654    0.068794787894912    0.262832922861361
  228    0.998370195432064   -0.031939534622610    0.047295020890507
   
 U =    24091.8924315531     


 http://math-lab.ru/  - см. Задача Томсона
