    104
    1   -0.088885270338518    0.009626749744512    0.995995348586631
    2   -0.953504706346401    0.157543267624773   -0.256921960527653
    3   -0.896294153249482    0.076348693980870    0.436838262722269
    4   -0.839742804591899   -0.503604738267619    0.203013028474861
    5   -0.527071217836097    0.534099236665291   -0.661009785647934
    6   -0.830691567152096   -0.282665778092347    0.479636923263674
    7   -0.972939720997459   -0.180917888743337    0.143725491260390
    8   -0.960196793013613   -0.185048260273458   -0.209234939855033
    9   -0.982136438595137    0.163579408876505    0.093004263210212
   10   -0.851896745468366    0.426652483617556    0.303709718783211
   11   -0.835000269817908   -0.032657995685975   -0.549279532407495
   12   -0.846608336445358   -0.513075675893677   -0.141448490509690
   13   -0.791830333408235    0.340501580105727   -0.507014198065603
   14    0.030935176249781   -0.316704794543168    0.948019560971062
   15   -0.509340548729636    0.850993254571364   -0.127994867451123
   16   -0.018013739802464    0.908312802912025   -0.417903526240723
   17   -0.689298698118541    0.639222512366116   -0.340971970191736
   18   -0.634868313124781   -0.770207753056926    0.061010180470937
   19   -0.607687495475264    0.171158513491676   -0.775513166298497
   20   -0.584239062846684   -0.409459837231490    0.700719172806332
   21   -0.877717103267267    0.469265185642655   -0.096968408133177
   22   -0.622399850078953   -0.650527408524867    0.435238460363531
   23   -0.788220355038266   -0.389889871476777   -0.476124521552054
   24   -0.693892174971436   -0.040047651323097    0.718964418547201
   25   -0.364565395400690    0.814357972658036   -0.451567453261008
   26   -0.319899363371665   -0.723704664188335    0.611486677161860
   27   -0.299398083890412    0.355503498584089   -0.885425349680718
   28   -0.708948307733879    0.696571201067028    0.110366928041455
   29   -0.462242563676462    0.197568086248244    0.864464379614347
   30   -0.368162588851569   -0.884810536109314    0.285598710361338
   31   -0.396086889891904    0.892362870341620    0.216341589370662
   32   -0.703285949579264    0.337478910965999    0.625697097466175
   33   -0.188233406269712   -0.660139681022123   -0.727175210182602
   34   -0.036827947884570    0.974989468946036    0.219178552096088
   35   -0.263045012052432   -0.468730567751936    0.843266847735213
   36    0.368715230083734    0.842506638217214   -0.392723367861181
   37   -0.615607732066367   -0.723702930934736   -0.311899323462839
   38   -0.184134830422684    0.976875899434833   -0.108663891558308
   39   -0.404948888203057    0.547173772074643    0.732541644616000
   40   -0.610526139737387   -0.211949980574501   -0.763108798554854
   41   -0.189647997320737    0.665676069713072   -0.721740263061159
   42   -0.356869663582901   -0.928883654015658   -0.099091879166495
   43   -0.390588198955772   -0.149222814673667    0.908390560506523
   44   -0.596568201968736    0.662572658416860    0.452883928527172
   45   -0.022520090093487   -0.962784486151549   -0.269330426740239
   46    0.182603122983595    0.977389076455361   -0.106614692713411
   47   -0.024983723218376   -0.878718729613742    0.476685648829665
   48   -0.305426801400702   -0.369956531733967   -0.877409045778256
   49   -0.253107991767687    0.811387569744517    0.526864836715656
   50   -0.527932521817236   -0.565859958006923   -0.633316477230852
   51    0.154049930467520    0.730139878756367   -0.665705923341974
   52   -0.304798573214797   -0.838984028994795   -0.450781131878748
   53    0.465444820649778    0.582426317255401   -0.666438822322505
   54    0.041701820695057   -0.650458334183891    0.758396277444341
   55   -0.340009157494742   -0.015663141932283   -0.940291677515294
   56    0.542422311039573    0.836301605013355   -0.079860265079538
   57    0.252165659410602   -0.966293543296960   -0.051858156510071
   58   -0.155123966868121    0.354124773813572    0.922243026254243
   59    0.095752503147233   -0.812490269483234   -0.575057405948398
   60    0.433559541677081    0.739758885577959    0.514570612286803
   61   -0.068928789753301   -0.990374759571241    0.120027736575141
   62    0.001228556594520   -0.228922313708024   -0.973443919769012
   63    0.084027054317288    0.460160663011927   -0.883850450222878
   64   -0.024012818137661    0.636323657628875    0.771048368980117
   65    0.302522771944699   -0.078155800950211    0.949932441404507
   66    0.106340730701575    0.847899487119802    0.519382430137785
   67    0.118166461483613   -0.532230707687748   -0.838312090557353
   68    0.183021714452308    0.262841512724237    0.947321165829083
   69    0.352630061789069   -0.433217463384089    0.829442384341247
   70   -0.020019962026296    0.144883079931644   -0.989246225299842
   71    0.397978728910169    0.299189157583641   -0.867236288055013
   72    0.335088140789637    0.918093652076027    0.211707307195210
   73    0.410231652358658   -0.327619580474914   -0.851102462628634
   74    0.701256332723691    0.309678878412040   -0.642135926483155
   75    0.377060588926858   -0.852110067281880   -0.362951436854850
   76    0.315340870019025    0.538886720472536    0.781128182946947
   77    0.289889847080093   -0.016986207563722   -0.956909267021948
   78    0.426529477838428   -0.628736312563919   -0.650202471387494
   79    0.677413708405817    0.627459881752454   -0.383933281254798
   80    0.673001628229121   -0.634902129818171   -0.379431276983464
   81    0.643290099210661    0.469116265927767    0.605068407123960
   82    0.623257781667508   -0.497052639569460    0.603728756220812
   83    0.340074301145793   -0.731161494743825    0.591398628933291
   84    0.662937870454001    0.704980046950988    0.252024826790728
   85    0.616685962254362   -0.017471394335120   -0.787015358387877
   86    0.573586588058737   -0.818117366808922   -0.041017071138390
   87    0.697803823640438   -0.351136611234322   -0.624317951018278
   88    0.522692124715420    0.203037808112888    0.827990695139259
   89    0.808808125463059    0.585768593443379   -0.052005491251392
   90    0.274838025736519   -0.917178663114161    0.288526185184936
   91    0.882319250443859    0.323966098337463   -0.341406952805869
   92    0.613153093750310   -0.157544585188716    0.774094947213931
   93    0.794429937360864    0.134672475691143    0.592236776058388
   94    0.853030833056389    0.407558893521232    0.325935800683006
   95    0.819158528224310   -0.571284794544400   -0.051117405643729
   96    0.586253315716603   -0.750358351931411    0.305400382282119
   97    0.960569896621147    0.277782396049698    0.011933739989136
   98    0.854459394981663   -0.017426821212959   -0.519225816220632
   99    0.843823918291468   -0.210487327664799    0.493615518203962
  100    0.961682736530358    0.042152677957274    0.270904902134517
  101    0.818777517366706   -0.494574044783992    0.291547408290341
  102    0.889378436842323   -0.332860904117019   -0.313384132639653
  103    0.983439277448402   -0.009922194364167   -0.180966122881508
  104    0.965405112870911   -0.249912351985343    0.074409571748918
   
 U =    4822.88031753244     


 http://math-lab.ru/  - см. Задача Томсона
