    290
    1    0.027633119019470    0.000764757978167    0.999617839916080
    2   -0.170164343688917    0.034304080327498    0.984818422964256
    3   -0.961840402479345   -0.194449162777451   -0.192490423796924
    4   -0.974498977680299   -0.094590452251102    0.203480684201188
    5   -0.911480177091034   -0.396955331875218   -0.107844106310603
    6   -0.806313617599592   -0.091130268094781   -0.584425892915801
    7   -0.821045853757281   -0.498822761140446    0.277596035627670
    8   -0.909240625007415   -0.402893392483929    0.104682377356062
    9   -0.876548258008652   -0.365554287958558   -0.313102561371047
   10   -0.975205244852714   -0.219203479913117    0.030406657260182
   11   -0.998681239250161   -0.025775305072587   -0.044400630830861
   12   -0.803175771369317   -0.315666960854227   -0.505235638202966
   13   -0.804670540861885   -0.568895438195068   -0.169892027681945
   14   -0.904210108302025   -0.150182422778690   -0.399811605550367
   15   -0.675733916354386   -0.052269607013307    0.735290121292975
   16   -0.918514197317235    0.240173231422768   -0.314083568870803
   17   -0.826817961080706    0.452910131497492   -0.333533314709743
   18   -0.884244368924346    0.075255169992013   -0.460921420000263
   19   -0.687819012106236   -0.725774889198103   -0.012482659759978
   20   -0.692560740423951   -0.248197048564122   -0.677316651137035
   21   -0.808219424010951   -0.370079385203376    0.458063981665114
   22   -0.963565825702488    0.016522799998461   -0.266960477633850
   23   -0.815392290678767   -0.576920833290919    0.047935001997971
   24   -0.759019527753427   -0.531706545439724   -0.375735952532519
   25   -0.916992771982858   -0.286610281443968    0.277450541001101
   26   -0.817609625151243    0.291228148726446   -0.496689708217727
   27   -0.603127380486691   -0.266968769375003    0.751641562904593
   28   -0.760585031805078    0.120155014626223   -0.638022869381843
   29   -0.951999075389979    0.302159310286435    0.048964391794963
   30   -0.930523711833896    0.038425196936395    0.364210277113740
   31   -0.696662955716870   -0.567289845557491    0.439138881516079
   32   -0.977933513270412    0.174384012396843   -0.115048945423093
   33   -0.986634062942778    0.102707880246230    0.126508170393667
   34   -0.556595437329442   -0.396731860456874   -0.729935168383107
   35   -0.851030459345677    0.525020663434526    0.010022985216835
   36   -0.760392887179850   -0.218739802052246    0.611519056223464
   37   -0.634697330993338    0.757954850719460   -0.150544818246175
   38   -0.662219075200347   -0.712672194012003   -0.231439496030637
   39   -0.908004255782117    0.391850581663124   -0.148261232734097
   40   -0.847788494470186    0.200665059296996    0.490905492555653
   41   -0.523099247458474   -0.200007515101758   -0.828470983928344
   42   -0.711120211990184    0.495190801843431   -0.499093291748842
   43   -0.531360770233907   -0.841968260322118   -0.093515669631219
   44   -0.885564180071806   -0.156762492761632    0.437266056122482
   45   -0.928818772598560    0.236581972462260    0.285174784955423
   46   -0.483358079517951   -0.816648487833386   -0.315357280372853
   47   -0.780662947284472    0.598408402371130   -0.180201960890425
   48   -0.663443521018602   -0.429783971588295    0.612477291157992
   49   -0.472623705341765    0.004373532894544   -0.881253485303202
   50   -0.882066725169164    0.427689381388469    0.197585640664738
   51   -0.675279269388998   -0.474115637936706   -0.564988734575594
   52   -0.668816212768880    0.649961446957086   -0.360880854309207
   53   -0.603491150501359   -0.669459221943021   -0.433154454463982
   54   -0.516866321660577    0.677588478796085   -0.523185491901174
   55   -0.420429435935301   -0.300221049528484    0.856216334123065
   56   -0.657731712721953   -0.041402237646671   -0.752113587696496
   57   -0.548227458042347    0.835379027506249    0.039856425468684
   58   -0.348629222553732   -0.919632010980212   -0.180927138821328
   59   -0.820203875728688   -0.002312176262417    0.572066653529613
   60   -0.396515842247050   -0.765816325111848   -0.506261338677265
   61   -0.623279584988494    0.745226487163047    0.236981100021068
   62   -0.707419521328262   -0.671512758813578    0.220518107180046
   63   -0.495036727463547    0.373373383328387   -0.784557808631139
   64   -0.386834330985756    0.586869247855085   -0.711297185635378
   65   -0.719367144229263    0.162299109707813    0.675403517011487
   66   -0.560193009293537    0.123441225840608    0.819112969071800
   67   -0.821142873521986    0.408777443395311    0.398278022284997
   68   -0.318591731102728   -0.151735302268673   -0.935668588186224
   69   -0.409164930490142    0.297164387119861    0.862715124873022
   70   -0.341351411637785   -0.645638981524122    0.683102861441369
   71   -0.678947460494301    0.324427992595886   -0.658617357430355
   72   -0.594649085969784    0.166455597519790   -0.786565317446447
   73   -0.720228764863454    0.692824277243924    0.035567500962221
   74   -0.361240848546377   -0.344260178063645   -0.866596780020028
   75   -0.567528660074223    0.514674201761622   -0.642667632634003
   76    0.179756390478964   -0.917220265800752    0.355520216143010
   77   -0.728332549077297    0.364268070583526    0.580379591911985
   78   -0.203073995373872    0.265541861371121   -0.942469348181920
   79   -0.509495752788543   -0.607767301303897   -0.609124769941442
   80   -0.170897972578237    0.620101638895660   -0.765681291666164
   81   -0.390961244339966   -0.521227619640216   -0.758598097775324
   82   -0.768481605935292    0.596744859392671    0.230936342154144
   83   -0.534228264103504   -0.618821359720091    0.575899545569480
   84   -0.488331077109267   -0.472081914974362    0.733942385125319
   85   -0.540998120712971    0.722208701477119    0.430970561518728
   86   -0.300670375939812    0.437694172283046   -0.847361278665524
   87   -0.264814449782460   -0.885796649805908   -0.381100514797661
   88   -0.402242061052349    0.214110453297534   -0.890144953425611
   89   -0.213063252762573    0.249718968775028    0.944586939861106
   90   -0.513717497432683    0.798584958588785   -0.313618234079669
   91   -0.564152577027187   -0.812252975011811    0.148246330200937
   92    0.043372862455474    0.652998865363309   -0.756115914815083
   93   -0.500797312224634   -0.091759112812726    0.860687119274132
   94   -0.297674501988144   -0.123160411496887    0.946689708355398
   95   -0.583818338687291    0.332737181849086    0.740568778188454
   96   -0.214012283189869   -0.976339737545182   -0.030975143810226
   97   -0.399203591051477   -0.914803602956060    0.061407335964168
   98   -0.693529480011826    0.577767948754653    0.430349924766308
   99   -0.054184865806182    0.079688531751778   -0.995346039437949
  100   -0.385271241361136   -0.770271425427969    0.508181071813202
  101   -0.375057537178601    0.087097134599819    0.922900825089036
  102   -0.416709109165612   -0.857027824346618    0.303078911562822
  103   -0.264375158477174    0.051948645004773   -0.963019788925615
  104   -0.106108894443326   -0.130044381102822   -0.985814060289058
  105   -0.174149710077939   -0.772511360454027    0.610653810640070
  106   -0.568428368499140   -0.730420305999326    0.378649397819747
  107   -0.066662991781933   -0.448670310182834    0.891207606726469
  108   -0.124377432122511   -0.964373222777955   -0.233483493137032
  109   -0.086438731597428    0.465925617664058   -0.880591655924694
  110   -0.215758320609548   -0.878755976180257    0.425718547182561
  111   -0.273218999000988    0.736783974458545   -0.618466453064326
  112   -0.198588997749178    0.974777984280110   -0.101834627390597
  113   -0.193636223321536   -0.521240993108168   -0.831151514539547
  114   -0.288029731755129   -0.489360048560397    0.823143739876599
  115   -0.432820099328102    0.892040387324521   -0.130118057930216
  116   -0.594402934333340    0.524654372563912    0.609444780932189
  117   -0.249492354690472   -0.943942573751148    0.216161935620178
  118   -0.215098637920163   -0.311176221435566    0.925689977896474
  119   -0.439189791059227    0.662174433227528    0.607155126313823
  120   -0.428090847330494    0.492547423979570    0.757717138227023
  121    0.005350815910852   -0.859849531226424    0.510519492692284
  122   -0.447302927086286    0.864417594200270    0.229569846140684
  123   -0.103523829967965    0.990101246938884    0.094775194216789
  124    0.088369702422913   -0.570364370277380    0.816624320487563
  125   -0.367014000019044    0.810775894380192   -0.456007864934391
  126    0.110407865523739   -0.091894057144599   -0.989629014071433
  127   -0.333770558018197    0.940765266834503    0.059648363917434
  128   -0.285021944153732   -0.681604737623634   -0.673926904790010
  129   -0.289552607263780    0.914093089164500   -0.283889260044209
  130    0.021622684127398   -0.997301503763320   -0.070158179298970
  131   -0.165618282105891   -0.811386213334034   -0.560555971731415
  132    0.061156162260809   -0.298895972769556   -0.952324063163202
  133   -0.069951615231148   -0.990300219681027    0.120051015931821
  134    0.113619010230802   -0.349827573940815    0.929898590720976
  135   -0.008295632646200    0.219384781156572    0.975603146917784
  136    0.125180661227725    0.494369622618163   -0.860190954548445
  137   -0.155503863224254    0.874788185305669   -0.458872726768487
  138    0.163699545111705    0.112870453737347   -0.980031999275200
  139    0.135897112106211   -0.979623377107136    0.147885137679222
  140   -0.361109422405822    0.834395752281183    0.416393700270373
  141   -0.055445696280162    0.781044200239582   -0.622009430825706
  142    0.174213999050091   -0.139348525362804    0.974798169373633
  143    0.065424635742111    0.887439548390391   -0.456257235548842
  144    0.004445828582845    0.286891531580207   -0.957952756515568
  145   -0.126822911952041   -0.628304363058323    0.767560796527467
  146   -0.033375779727675   -0.945817596041676    0.322978532329186
  147    0.108150083892254   -0.959903176281327   -0.258629950932059
  148    0.027281970571868    0.996134305415568   -0.083499339254627
  149    0.283607304770593    0.853181484775922   -0.437776484882769
  150    0.171823662142385    0.772109858604955   -0.611819414021013
  151    0.275057144336375   -0.227413379214391   -0.934144915044668
  152    0.275376125130654   -0.478228990044928    0.833945455523702
  153    0.352320053498189    0.436716368969052   -0.827737514540401
  154    0.046895931371913   -0.734526883928428    0.676957183584866
  155   -0.052140789813666   -0.197895283229813    0.978835427900420
  156   -0.152610251871723   -0.331946829610951   -0.930871319428678
  157    0.121682026245252    0.984907536892294    0.123087888362765
  158    0.332779199537313   -0.014311463741129   -0.942896169448626
  159    0.193290677132728    0.130957523633854    0.972362505003798
  160   -0.233872324148832    0.937047484279499    0.259317851685313
  161    0.235106909403664   -0.970722984736501   -0.049210040184044
  162   -0.026801409000372    0.421533775592175    0.906416549115582
  163    0.257421847803627   -0.664710455381323    0.701351554343555
  164   -0.233357916003724    0.448240536218659    0.862916279095955
  165   -0.073048093309466   -0.676391326058961   -0.732911147476999
  166   -0.261004501535722    0.767446565182929    0.585578705014974
  167    0.179080784631935    0.346164284119121    0.920923645573240
  168   -0.248927119346588    0.623008323235903    0.741549673611012
  169    0.464264094729580   -0.379688639636127    0.800184595750374
  170   -0.135453080744465    0.882303605628506    0.450769132052952
  171    0.420719669003652   -0.724025604487264    0.546609443899672
  172    0.322697641654445   -0.265614270008280    0.908468651984551
  173    0.448654175163891   -0.564856778918015    0.692564979202943
  174   -0.043943215928669    0.603900743223351    0.795847275617710
  175    0.487991152852495   -0.132058892048581    0.862800720774267
  176   -0.062003751529510    0.761783884057740    0.644857231320368
  177   -0.030629843945685   -0.906104003953609   -0.421944719932719
  178    0.606588649743568   -0.595928871891998    0.526230928060871
  179   -0.007900358305325    0.955386690644463    0.295252189963204
  180    0.074298537255482    0.861589610278005    0.502138497650489
  181    0.159821774751576    0.950377394593742   -0.266907864553420
  182    0.269642887256032    0.618596245432232   -0.737991462341792
  183    0.052121618601971   -0.796897993570187   -0.601861217157345
  184   -0.061876402387462    0.958110581827508   -0.279634446765306
  185    0.218179381821973   -0.440372975393686   -0.870901486903481
  186    0.242241186847475    0.968301017444404   -0.060929032577744
  187    0.138488007228422   -0.638346832046841   -0.757188479752342
  188    0.483954255834593    0.534722028609187   -0.692719734365682
  189    0.192567548089190   -0.876121837872790   -0.441959573519255
  190    0.208303029837362    0.314945297226028   -0.925969388001452
  191    0.370759405577710    0.896692005094819   -0.241828267939662
  192    0.630188456874328   -0.430418338979624    0.646221759377054
  193    0.439975057197995    0.897484827494899   -0.030707221627382
  194    0.201338407954312    0.920104040933535    0.335963389880806
  195    0.389153718029851    0.712297918789123   -0.584115620945227
  196    0.261408362828277   -0.748330931718884   -0.609644555848887
  197    0.274925576345482    0.797452529400687    0.537108360411148
  198    0.488791282533728    0.773996988494183   -0.402506824688688
  199    0.011483904508545   -0.497242561380270   -0.867535564163930
  200    0.416725202582228   -0.357224099636913   -0.835901338778326
  201    0.161941577574095    0.542497887792087    0.824300289453993
  202    0.397630264008006    0.842065571595960    0.364438947256865
  203    0.482830779687491   -0.141937030886053   -0.864134432510140
  204    0.379020380226191    0.201005377359864   -0.903294187762554
  205    0.773946431909883   -0.397610309779129    0.492862011207301
  206    0.587698710957276    0.614217663611925   -0.526637339016390
  207    0.330207998503175    0.930727809641996    0.157189128388510
  208    0.723508360066462    0.675197033228304    0.143682355331594
  209    0.525450118098384    0.831150619400771    0.181908826778989
  210    0.136899470615307    0.714918541994556    0.685674859724073
  211    0.637892559477238    0.566421036130582    0.521785676683766
  212    0.530289496245426   -0.477410174571404   -0.700622990907002
  213    0.332870380036408    0.631667477391680    0.700138206427880
  214    0.343928082975968   -0.006876636224971    0.938970811907753
  215    0.882057098690375   -0.344902516656984    0.320963438188211
  216    0.467554649846176    0.699350123887885    0.540649658859802
  217    0.220053888779218   -0.811563799789938    0.541239766557910
  218    0.372060671432977    0.229557267158266    0.899374403609348
  219    0.744310043615882   -0.560845770748740    0.362566656500257
  220    0.357692516538631    0.440120328824631    0.823620155027522
  221    0.513587500646491    0.513247408804208    0.687608156245588
  222    0.565146280068317    0.799328704142895   -0.204164896243656
  223    0.539732878007568    0.311126647307166    0.782233104472746
  224    0.341524307711603   -0.570280618788926   -0.747088457330074
  225    0.528350911553101    0.092201409799535    0.844004866272693
  226    0.796438618741976    0.413523550887975    0.441229871424606
  227    0.382602629046350   -0.846642294374177    0.369881134452207
  228    0.317265562599933   -0.916459870991496   -0.243811131104382
  229    0.570402716803512   -0.732918758959711    0.370770594071494
  230    0.509824839034929   -0.832658238904419   -0.216238041721618
  231    0.398632791347707   -0.813582120606454   -0.423291897739421
  232    0.684094615968715    0.375117330017113    0.625541001952269
  233    0.618780511213045   -0.245375980491156    0.746258204069427
  234    0.676546678940637    0.657864888857263   -0.330905393161270
  235    0.526630750814139    0.318657807944001   -0.788109924904680
  236    0.669611540879810   -0.038547392092969    0.741710511509306
  237    0.334233131167241   -0.927064334935828    0.169823240223865
  238    0.523860336818351   -0.832582927708028    0.179933365437577
  239    0.434439253633931   -0.900327522970998   -0.025940051713508
  240    0.607593777453514   -0.269807927750737   -0.747016387854124
  241    0.620036700669912   -0.784509547681303   -0.009962902149836
  242    0.655949027441556    0.408704816130177   -0.634579582613934
  243    0.454353949351501   -0.672397659970558   -0.584331990887725
  244    0.584791948315354    0.729700177901807    0.354338859787639
  245    0.776006857158054   -0.630557433000072    0.014514865898058
  246    0.630104010952148   -0.567877440048965   -0.529607541926519
  247    0.531348263727488    0.078529402073105   -0.843505871730496
  248    0.822134781256290    0.214999790537364    0.527133276807262
  249    0.692708255156452    0.170546730229507    0.700763216818725
  250    0.767151469583527   -0.214802697428449    0.604432315394616
  251    0.735165678840396    0.590960473820611    0.332110136907711
  252    0.588319042882516   -0.710265192798822   -0.386528213304349
  253    0.683292450944334   -0.701630122954430   -0.202055925539039
  254    0.694692140812276   -0.691773918335789    0.197108283448479
  255    0.843658000421991    0.536579760749628    0.017981620556556
  256    0.619707858953534    0.784826300616987    0.003138058489279
  257    0.811957296613029    0.002521638516141    0.583711392570041
  258    0.675398534038143    0.189042754815767   -0.712811094940864
  259    0.739476749563117    0.663255686540952   -0.115178258046635
  260    0.710450384248603   -0.385644361491251   -0.588675358725858
  261    0.915154462787706    0.055710490420796    0.399235081746106
  262    0.919607611798337    0.378829337228534   -0.103971984580218
  263    0.763404566767033   -0.523689783819510   -0.378103792314112
  264    0.882936792216627   -0.166262051388681    0.439066681972386
  265    0.663756387935945   -0.047915926643695   -0.746412433878284
  266    0.798373295731474    0.056375387394540   -0.599518053405383
  267    0.768227970095841   -0.178398512051132   -0.614816848224222
  268    0.856359110827864    0.467464548775961    0.219376318092445
  269    0.907699749122550    0.269125499375283    0.321951286732735
  270    0.747781548588869    0.484069050219922   -0.454422611903518
  271    0.798291397810363    0.266683014511020   -0.540010198008604
  272    0.823910406571753    0.514295573020795   -0.238058197745805
  273    0.815890385575383   -0.550392664181677   -0.177174473163175
  274    0.844938687537570   -0.502833139959805    0.182311402990739
  275    0.975261642827798    0.105827296883301    0.194075529789818
  276    0.871566773438614    0.339046130133776   -0.354145564816382
  277    0.897200647028717   -0.371084353818803   -0.239431412563457
  278    0.942235116581883    0.318948617657194    0.102297430928101
  279    0.901768672573730   -0.431980648002921   -0.014352035242035
  280    0.909210474482775    0.109859998915626   -0.401580743722936
  281    0.953892669663949    0.204891179336251   -0.219336224531164
  282    0.840691653085442   -0.316811513290118   -0.439167404846139
  283    0.950495365878636   -0.282294407520989    0.129878508328408
  284    0.988448396325466    0.150451405637550   -0.018279560807074
  285    0.882409804423356   -0.086318725027336   -0.462495421347270
  286    0.941865822724820   -0.167437003870856   -0.291296449888509
  287    0.970401963972419   -0.226684199045750   -0.083272457760404
  288    0.961659449653025   -0.110060062854448    0.251192924775990
  289    0.982384406100809   -0.002010803087460   -0.186860470193413
  290    0.997408508915580   -0.060292467110808    0.039256652334243
   
 U =    39323.9410859355     


 http://math-lab.ru/  - см. Задача Томсона
