    249
    1   -0.160998174449902    0.067415262402298    0.984649567216189
    2   -0.975633411488152   -0.100270515934779   -0.195154477330559
    3   -0.962800485868455   -0.029541176746870    0.268593639701088
    4   -0.959442100640168   -0.277002140058040   -0.052351408027372
    5   -0.836638322836358    0.153034678986160   -0.525943631760258
    6   -0.846364669285740   -0.440248159390332    0.299747234746653
    7   -0.949373556727837   -0.256531978042386    0.181331723720911
    8   -0.905507643736153   -0.268920546574431   -0.328234134065166
    9   -0.997577766709341   -0.056373522622735    0.040750770720421
   10   -0.978759654144460    0.173107759428922    0.109832795851315
   11   -0.875247010283951   -0.093285833998161   -0.474595010682026
   12   -0.877292765128719   -0.444457707359690   -0.181148421526037
   13   -0.939115274287441    0.070774970731440   -0.336234152218342
   14   -0.587567524241373   -0.096808880015583    0.803363208771097
   15   -0.930616510626525    0.356509312295642   -0.082789011322759
   16   -0.827225871015204    0.499695177351871   -0.256908715411564
   17   -0.903930248548308    0.292806798904909   -0.311727901020191
   18   -0.771995896699880   -0.632396727463679   -0.064005582348559
   19   -0.740625030165725    0.001213382394646   -0.671917474393383
   20   -0.766486908880548   -0.378587136064182    0.518815573129280
   21   -0.984111827502977    0.134326077557728   -0.116105193065191
   22   -0.881455721279264   -0.467344152406334    0.068009224636494
   23   -0.789952228240435   -0.406452494951124   -0.459098950604311
   24   -0.887597958469250   -0.219132918904242    0.405155066577880
   25   -0.783139415186433    0.376762034876945   -0.494715095238496
   26   -0.614748500093451   -0.312396091080325    0.724218864646997
   27   -0.686326405904354    0.240949537341411   -0.686221090475491
   28   -0.838024884598330    0.408023653446581    0.362258182822776
   29   -0.814632227651504    0.213846710850432    0.539114011995607
   30   -0.698261519569304   -0.594376397227693    0.398933012807156
   31   -0.908600601325486    0.391402158383177    0.145771388427070
   32   -0.923430642880979    0.193539221262143    0.331388620235617
   33   -0.616683143666212   -0.368611110764147   -0.695577277762277
   34   -0.777368758672780    0.587978756938553    0.223559375622084
   35   -0.764201933525077   -0.165363921889138    0.623418140684066
   36   -0.554735168128453    0.827640552230859   -0.085322971962396
   37   -0.755083026503774   -0.580068832184338   -0.305564678937534
   38   -0.828967357827815    0.559148832707706   -0.012872549769988
   39   -0.640141760195347    0.284845341611431    0.713499585295093
   40   -0.601144612043350   -0.148362424355830   -0.785247570165302
   41   -0.613593545038467    0.461107937936698   -0.641001116269615
   42   -0.617570787974857   -0.766239035721664   -0.177437487517290
   43   -0.872258223094595   -0.002160071332332    0.489040822770144
   44   -0.718233207954721    0.421606679187149    0.553524043792006
   45   -0.591092692265715   -0.703292376216331   -0.394954760328389
   46   -0.711038022198099    0.680338081527316   -0.177665488523649
   47   -0.608492935167410   -0.514025495564413    0.604577652383140
   48   -0.408230639413349   -0.084871963984683   -0.908924911515550
   49   -0.668658688458430    0.605675514973793    0.431338299841648
   50   -0.763139138700031   -0.229786393716294   -0.604000718747119
   51   -0.693323767012795    0.576370283622834   -0.432549939604343
   52   -0.633068943960817   -0.543755620971603   -0.550956928311209
   53   -0.501534851173712    0.656312096514141   -0.563664106562920
   54   -0.428227633453601   -0.437085119210054    0.790934695478623
   55   -0.563417071743955    0.085012463257291   -0.821787128372302
   56   -0.330272560539711    0.943092500516934   -0.038685542819773
   57   -0.426651334684529   -0.845453800670528   -0.321211004705114
   58   -0.723146298430992    0.056500370381628    0.688380083393101
   59   -0.433741723027660   -0.708955297811333   -0.556102961159389
   60   -0.468058054503335    0.873494826007372    0.133897149158985
   61   -0.750490646825799   -0.637313370108595    0.174915571942066
   62   -0.124946943273082    0.208625842384006   -0.969981195310650
   63   -0.408824815790385    0.528508822219224   -0.744003155121271
   64   -0.533279432583958    0.131779165118759    0.835611930517710
   65   -0.374794645261498   -0.011218499074785    0.927039977110921
   66   -0.544888585950017    0.536419433793072    0.644477012740184
   67   -0.435621230847834   -0.318209228232965   -0.842007737673472
   68   -0.335985252868186    0.231023896478463    0.913094666018266
   69   -0.274329725230491   -0.772258771686203    0.573026693452129
   70   -0.496584702487020    0.316467948998904   -0.808239859517151
   71   -0.356302988505894    0.150509955456368   -0.922168603721842
   72   -0.679614228192259    0.729808703339406    0.074187312720536
   73   -0.256590761015309   -0.482770767379370   -0.837313303086437
   74   -0.277598112528101    0.373934800088218   -0.884936185950049
   75    0.244507106294987   -0.955501966444907    0.165022020019049
   76   -0.453351303889010    0.393143040905398    0.799944463478429
   77    0.043284066754060    0.040658001162313   -0.998235150907197
   78   -0.450513031765001   -0.533216594978089   -0.716043344393257
   79   -0.181979566485795    0.574468983707522   -0.798040615595277
   80   -0.252332737866744   -0.675269668711000   -0.693064978136689
   81   -0.582876527131874    0.758600559986075    0.291170301554777
   82   -0.508536260634150   -0.717108436858421    0.476598742556784
   83   -0.418260727324688   -0.621768664962831    0.662164398958568
   84   -0.363749453596032    0.861856083797481    0.353398395341373
   85   -0.035601548341482    0.417197152442260   -0.908118420554147
   86   -0.257464132663751   -0.838712444506309   -0.479868373433752
   87   -0.192409964695546   -0.020511770339883   -0.981100235839021
   88   -0.123965720424535    0.303430966401790    0.944755073438667
   89   -0.568918911475150    0.745065081196513   -0.348151255846600
   90   -0.609570189409654   -0.791233196238593    0.048725900229122
   91    0.207044792569109    0.437842713454417   -0.874886399565617
   92   -0.411598747081458   -0.232552765954885    0.881195598291155
   93   -0.215939003519856   -0.391708810144845    0.894390605280356
   94   -0.243962413198373    0.477198127586117    0.844253686977280
   95   -0.242668920650077   -0.943113960385266   -0.227261639255165
   96   -0.433380878784395   -0.897214144147962   -0.084780855415035
   97   -0.469878348849541    0.720884738940526    0.509450223716782
   98   -0.013741804800230   -0.187319561366442   -0.982202904053086
   99   -0.349660150131765   -0.861495965585835    0.368188105034862
  100   -0.190746974636282   -0.170575059260791    0.966705612286017
  101   -0.404075526717636   -0.902990012527652    0.146054804724722
  102   -0.233032635839575   -0.256609866977355   -0.938001688060061
  103   -0.049266387062009   -0.419982094408972   -0.906194164338807
  104   -0.110586341138390   -0.881219796789700    0.459589306772409
  105   -0.570679132727168   -0.775486741976728    0.270084506197759
  106   -0.016747081950229   -0.537362072866287    0.843185352037735
  107   -0.069196213927479   -0.922986965783973   -0.378559037629533
  108    0.127336883636151    0.246500426525735   -0.960740785950333
  109   -0.175845576549148   -0.955014277971771    0.238801302505146
  110   -0.275584458214925    0.713794313541471   -0.643856260625185
  111   -0.198906874285072    0.946667190206377   -0.253490209572097
  112    0.158593412414749   -0.717990801360668   -0.677744301857354
  113   -0.065370714939292   -0.738021184416925    0.671603604055373
  114   -0.410800246046120    0.876761953772530   -0.250063260527057
  115   -0.344403423464072    0.626565977002006    0.699143303171638
  116   -0.218415789831566   -0.975822237913199    0.008093376695130
  117   -0.222457759969918   -0.596149024629878    0.771439489177221
  118   -0.244438000440140    0.797780764390418    0.551176846311115
  119   -0.121572064236752    0.684995985825563    0.718331909774361
  120    0.058106194851489   -0.946168881291409    0.318415009375570
  121   -0.236026216935786    0.954741070078140    0.181000314985993
  122    0.127963658577686    0.991493493819267   -0.023789783468480
  123    0.145151774948806   -0.664472222958173    0.733080914460495
  124   -0.351843372085063    0.815735874406971   -0.459109164279375
  125    0.161656126279815   -0.339828872290949   -0.926489953746756
  126   -0.104849223377955    0.994179262724835   -0.024783743158424
  127   -0.069619770774526   -0.789685860560119   -0.609548463330626
  128   -0.130863323163389    0.877052662235132   -0.462226587635223
  129    0.158241723162703   -0.942429129094265   -0.294596153547741
  130    0.120420914917164   -0.857474716960620   -0.500235857395106
  131    0.176605653372301   -0.541603367474418   -0.821873612873241
  132   -0.025476047636709   -0.989359436896665   -0.143244111991824
  133    0.007117590589468   -0.323173016582314    0.946313130658816
  134    0.065210586752049    0.136394552165504    0.988505996701601
  135    0.393240954882432    0.301534335657755   -0.868584247970564
  136   -0.050321580449429    0.764379885062549   -0.642799447613979
  137    0.221014552304627   -0.104523588513822   -0.969653230342569
  138    0.200931353526369   -0.977630888781592   -0.062164591771973
  139   -0.120195878795376    0.913646449368967    0.388333769167822
  140    0.042529644576810    0.612750664984909   -0.789131073962192
  141    0.225165662858414   -0.219093567904675    0.949367385563845
  142    0.180292104996315    0.771558766265299   -0.610075263451295
  143    0.309201646049142    0.106212727253236   -0.945046664800173
  144    0.107592990249515   -0.831564749001765    0.544907163346931
  145    0.011347608013249   -0.995761246845796    0.091273057757934
  146    0.366803982736672   -0.901071562155165   -0.231354442628114
  147    0.019942296110490    0.971272022127266   -0.237134906453378
  148    0.425985829239976    0.683219277137752   -0.593083040251614
  149    0.265192851633233    0.612891910942149   -0.744336118258623
  150    0.369685039685783   -0.270350423879069   -0.888956477979057
  151    0.199465816849995   -0.454349329214542    0.868205088070014
  152    0.552663409868228    0.139897352505261   -0.821578898313998
  153    0.273441273471143   -0.879846943882332    0.388714838028342
  154    0.031719024348752   -0.091998576280915    0.995253819614197
  155   -0.042889765406192   -0.619765080717630   -0.783614517952846
  156    0.352352632402245    0.935060931304184   -0.038841693935257
  157    0.463555811044210   -0.059410859299327   -0.884073729868986
  158    0.264180200622486    0.014215236054140    0.964368575111709
  159    0.000373429638888    0.981288742211494    0.192541592803446
  160    0.423204044102489   -0.906034078696979    0.000765045759344
  161    0.097064419287434    0.357095128926501    0.929011069581713
  162    0.324892784228199   -0.736272925943066    0.593588120905132
  163   -0.017291196550760    0.531156388928751    0.847097340936691
  164    0.376290471205605   -0.655647462172074   -0.654623469352560
  165    0.005080849463781    0.819977872273536    0.572372670513270
  166    0.291889673125978    0.247847349102343    0.923781419095097
  167    0.127536143657159    0.676284484543433    0.725516249319672
  168    0.399876832689429   -0.335035458893706    0.853141113745056
  169    0.124865946873431    0.910792909717512    0.393528615121835
  170    0.474376983392549   -0.765027003739403    0.435545819836325
  171    0.447792865549417   -0.103996160395806    0.888068887072377
  172    0.363031965223560   -0.570557385810959    0.736662786980912
  173    0.244945436179155    0.500277564124571    0.830496292663964
  174    0.640596561130264    0.007105228611934    0.767844750971479
  175    0.251531198407610    0.785563600267098    0.565351117592445
  176    0.334433303820013   -0.810761938893309   -0.480436721887485
  177    0.577523605120377   -0.602895315610487    0.550439573380852
  178    0.233134174383024    0.954308802931826    0.186930910717224
  179    0.361976516238417    0.852515167875296    0.377082073605277
  180    0.339787317524252    0.832905865864095   -0.436820784142484
  181    0.452866553695720    0.486853968520699   -0.746917062249490
  182    0.562077870389084   -0.640844978299358   -0.522863444321142
  183    0.096493534242199    0.892321753546056   -0.440965855818726
  184    0.567880923328677   -0.265884549984435   -0.778984379175182
  185    0.247098211188775    0.936808314914720   -0.247654305704445
  186    0.584435151297928   -0.466479875426222   -0.663951865536730
  187    0.616344015016446    0.333747717482456   -0.713254874661686
  188    0.514870747776347   -0.780672637600267   -0.354200996591578
  189    0.666870166700713   -0.059897886275479   -0.742762696952595
  190    0.564300648239935    0.716099334494295   -0.410812027006048
  191    0.606146840569324   -0.227550666104885    0.762106752379908
  192    0.471779541405497    0.849821418269403   -0.235005577299347
  193    0.452156220837614    0.876040984828288    0.167651259640153
  194    0.616737888196553    0.537930827540079   -0.574686699032527
  195    0.698141859533453   -0.644631222834387   -0.311526131350511
  196    0.491850372415242    0.708462469965355    0.506126604522600
  197    0.742555539857456    0.554573928891001   -0.375578257652650
  198    0.391202316318803   -0.472687165625743   -0.789637632816158
  199    0.736759265337865   -0.275168317711681   -0.617631105002438
  200    0.444108453001508    0.385074478974657    0.809002674664926
  201    0.590036118015403    0.755028478952842    0.285988418310026
  202    0.823421076027955   -0.064498111617613   -0.563753248461351
  203    0.742346402273268    0.145413375452259   -0.654046458037589
  204    0.541513795439349   -0.449116161698514    0.710673963678187
  205    0.768652153923030    0.358621375432863   -0.529683467131199
  206    0.567239715324315    0.823445236630389   -0.013305924601932
  207    0.670085673582804    0.714488864650609   -0.201223389170753
  208    0.726093346721118    0.686421786000143    0.040169435541219
  209    0.375596467270509    0.621255762064895    0.687727105671341
  210    0.751018099829317    0.611419793898341    0.249274245276306
  211    0.863598470648285   -0.278850632952000   -0.420047623485971
  212    0.569215738472907    0.498048546282205    0.654172063467194
  213    0.476248985381155    0.132687623494775    0.869241565098408
  214    0.713512584627577   -0.380623383532114    0.588239433807900
  215    0.673737744804434    0.574945907870207    0.464235559009798
  216    0.459848164133120   -0.859147011427647    0.224512981135481
  217    0.627078824925112    0.258123524444596    0.734945163572658
  218    0.758870556407413   -0.514061669662844    0.399820057527573
  219    0.743766071164738    0.360739511718145    0.562742424266666
  220    0.835972699965771    0.424581836250115    0.347677881433980
  221    0.821863968426753    0.550082282198199   -0.148152287236644
  222    0.877574889950276    0.213094662494485    0.429479891665631
  223    0.738742260657242   -0.474723074249367   -0.478432727866999
  224    0.779043491966508    0.114408977091498    0.616442879418285
  225    0.866138662744361    0.492419041603074    0.085599675035132
  226    0.648360400556763   -0.693859463528951    0.313349383055385
  227    0.582879457324843   -0.801104129697555   -0.135954814590067
  228    0.886422596130408   -0.403765853956766    0.226336290170159
  229    0.755495301571826   -0.649764011077903   -0.083866436736336
  230    0.882905938887744   -0.468813019106373   -0.026295554626580
  231    0.937431524092422    0.297495332090259    0.180883014742306
  232    0.770430366115445   -0.139490555036014    0.622076712329730
  233    0.873655962287653    0.366858628322776   -0.319593501786827
  234    0.874797626784987    0.155639831258184   -0.458808625787788
  235    0.888716126409168   -0.033432812079228    0.457237240102727
  236    0.629482819855579   -0.771820237128853    0.089693372469931
  237    0.851359398845196   -0.285436254721302    0.440128752172160
  238    0.787233368022002   -0.597270474757326    0.153400144249912
  239    0.930319255652613   -0.061616639663674   -0.361537649876919
  240    0.961691986470381   -0.271604424991913    0.037142421615521
  241    0.957751021606825    0.157703035705426   -0.240505162398597
  242    0.842287918738504   -0.472512489742227   -0.259389685578979
  243    0.931092617207734    0.353491199018331   -0.090058372169583
  244    0.946823567113469   -0.173916498094362    0.270699435627634
  245    0.941194615521766   -0.273827354055788   -0.197917346090839
  246    0.988192139326044   -0.056591762078441   -0.142385632137072
  247    0.987560305465367    0.157234257623386    0.001425236392202
  248    0.961635426092600    0.082151138082730    0.261741280266250
  249    0.995182140342960   -0.053469521489560    0.082179789571907
   
 U =    28831.6975831061     


 http://math-lab.ru/  - см. Задача Томсона
