    196
    1   -0.057007861171552    0.008646169493214    0.998336289793043
    2   -0.997940708746037   -0.055509358993174   -0.032141140173047
    3   -0.911444387824093    0.095363505848384    0.400218602336611
    4   -0.952548965718287   -0.300972401104383    0.045454171233051
    5   -0.825858738752743    0.078785548455133   -0.558345933074069
    6   -0.881833466121015   -0.349807099125940    0.316235246976190
    7   -0.965779416714322   -0.107706312616724    0.235943782442878
    8   -0.938788634131431   -0.263471277303595   -0.221943205486571
    9   -0.976418184501830    0.154203078596762    0.151092486661086
   10   -0.910039906356028    0.413710507904113    0.025903368298987
   11   -0.848414944668801   -0.171461810691593   -0.500792301395494
   12   -0.854619990938080   -0.497363350065062   -0.149178983442892
   13   -0.953171149860619   -0.027354505176698   -0.301191782955517
   14   -0.562341747015637    0.028314578091997    0.826420016838214
   15   -0.867699069798068    0.436126789343768   -0.238519910884319
   16   -0.709452982507742    0.588255309397173   -0.388113587209861
   17   -0.909584610159427    0.213985214160214   -0.356182769209755
   18   -0.704084471170557   -0.706163178030653   -0.074823949709472
   19   -0.681088455547604   -0.052496809630915   -0.730316781060353
   20   -0.731928752109748   -0.389165947600356    0.559312226813775
   21   -0.974797643245946    0.195953130898638   -0.106639229241259
   22   -0.844217855909589   -0.523610332650690    0.114579366837359
   23   -0.815726509009049   -0.408668555007095   -0.409365697938070
   24   -0.856740989939108   -0.155795611972671    0.491652929868437
   25   -0.776596229017685    0.363218962996268   -0.514752641562359
   26   -0.457180318978263   -0.209868882524895    0.864257605165662
   27   -0.662547227708293    0.220210430187291   -0.715917968410336
   28   -0.780360560926853    0.605255714274306    0.157171610948754
   29   -0.800481085550865    0.299577220972586    0.519118021599763
   30   -0.732381097537888   -0.566235337396354    0.378147419206897
   31   -0.768606122836206    0.630879706548014   -0.105997282062260
   32   -0.886802290989384    0.365859945954030    0.282361818669758
   33   -0.470496271550495   -0.427425773954940   -0.771971804029204
   34   -0.613954154115027    0.787598442020244    0.052430818915837
   35   -0.678232223519217   -0.187585699123527    0.710501693498697
   36   -0.188129150112745    0.967423393404790   -0.169408974883319
   37   -0.695173585047800   -0.641918591355199   -0.323533937515596
   38   -0.590414577820022    0.772653867658944   -0.233273717099206
   39   -0.626042703146420    0.478917848164052    0.615392743333098
   40   -0.485527677248033   -0.189143776067931   -0.853514795771517
   41   -0.594052948078457    0.487147590397674   -0.640147108131431
   42   -0.507085909380494   -0.841454530804067   -0.186596230125545
   43   -0.771325262894123    0.051290071153767    0.634371080222258
   44   -0.729202741682076    0.555547676079230    0.399537408919753
   45   -0.486019288757574   -0.762013250734534   -0.427926461743803
   46   -0.370467803905325    0.865662273296840   -0.336723083349081
   47   -0.528747835646845   -0.430653519780543    0.731411834877866
   48   -0.261999644730542   -0.099063019511766   -0.959970158039447
   49   -0.577067306553576    0.755482537011932    0.310224853899579
   50   -0.685214752752445   -0.300400862148440   -0.663505888919517
   51   -0.504970415844148    0.701816418087940   -0.502452579279282
   52   -0.638441926155956   -0.531677238832825   -0.556517044333213
   53   -0.255037781785633    0.786184095167563   -0.562912336307727
   54   -0.289319350385554   -0.429207367747385    0.855614018681228
   55   -0.483001086557192    0.072976247427861   -0.872573445445093
   56    0.091884361653646    0.987701884283497    0.126500007376801
   57   -0.275988047586860   -0.903935587719932   -0.326697185238278
   58   -0.628994311219999    0.256538346108914    0.733862543960776
   59   -0.228801482712905   -0.795462398975529   -0.561150116568171
   60   -0.171467275125936    0.982035082388785    0.078778617140306
   61   -0.679107490931135   -0.712161172855581    0.177874898842365
   62   -0.020864591989386    0.003978510091392   -0.999774394680404
   63   -0.369514884197235    0.587715275620297   -0.719756559650040
   64   -0.409793255554505    0.286420184101088    0.866044436412786
   65   -0.328454601702772    0.045122794727034    0.943441311378877
   66   -0.486385940368896    0.686263417468681    0.540806100978596
   67   -0.248922451088291   -0.358499406854896   -0.899730953468250
   68   -0.164738010793747    0.266059520488619    0.949775615267672
   69   -0.075031488741942   -0.782686433949874    0.617877189907507
   70   -0.456594945786031    0.335864674912976   -0.823842203111890
   71   -0.252858938378394    0.167604677280944   -0.952875138428799
   72   -0.419064882164130    0.905803231608450   -0.062491040513444
   73   -0.214120933473735   -0.592614233872511   -0.776505373877112
   74   -0.223561284851404    0.422639140098678   -0.878291813221687
   75    0.560553943219556   -0.817511307004099    0.132115629890853
   76   -0.414005854980328    0.515527842987818    0.750220097802195
   77    0.216882633707198   -0.110700209182313   -0.969900709806536
   78   -0.421715017679404   -0.640954872237718   -0.641352707656552
   79   -0.115138985687946    0.660972199808966   -0.741524622014972
   80   -0.003029666984972   -0.734782967364620   -0.678295519658507
   81   -0.387085568541254    0.899243347155620    0.203779697770536
   82   -0.548538749270875   -0.624256098410550    0.556245956520659
   83   -0.328125205725410   -0.638312326969566    0.696341311862477
   84   -0.102027901668066    0.942006492945490    0.319709359465358
   85    0.001029215460044    0.254840778183589   -0.966982480963497
   86   -0.011025880240792   -0.893364422187867   -0.449197550231360
   87   -0.017718221319095   -0.257516552087534   -0.966111427338605
   88    0.075976022840787    0.456100452939433    0.886679209625296
   89   -0.092542260662556    0.914704811537104   -0.393384084251427
   90   -0.497132460899708   -0.864445803319463    0.074784820940938
   91    0.023995144199868    0.490658511514416   -0.871021502681355
   92   -0.212705838902197   -0.190106061991745    0.958444526976342
   93   -0.028258329352052   -0.357838657408938    0.933355753229175
   94   -0.178064379680801    0.503099154858824    0.845685708209160
   95   -0.058983632722620   -0.977936323685684   -0.200403288114175
   96   -0.288806967599812   -0.955566066685403   -0.059025652602830
   97   -0.306750915293232    0.842042050688371    0.443699291006067
   98    0.223980019011550   -0.375351214345339   -0.899413373801538
   99   -0.308526558201858   -0.808599399057104    0.500977419379962
  100    0.131895299505973   -0.161861334249590    0.977959374638421
  101   -0.301891397430916   -0.923924995611107    0.234998269445170
  102    0.005570393102358   -0.506723268408097   -0.862090772468016
  103    0.219263145233753   -0.628254416534882   -0.746471741760274
  104    0.159849766057471   -0.858656402158555    0.486987921126898
  105   -0.509669649998613   -0.784834841978383    0.352521089705364
  106    0.156603278993652   -0.506576604431257    0.847853499639728
  107    0.208673374917543   -0.929469442491144   -0.304207130218417
  108    0.243056131407260    0.145448384385858   -0.959045611253647
  109   -0.090464239929249   -0.919003829914355    0.383729308102432
  110    0.039483586072926    0.810013228861018   -0.585080862360896
  111    0.336769079380874    0.926107552660544    0.170033491048254
  112    0.658921726059333   -0.512299446695051   -0.550791644674221
  113    0.174187062733696   -0.703404377529147    0.689116208522947
  114    0.065705724823278    0.989565174430247   -0.128232302015846
  115   -0.238645954863109    0.705283525014331    0.667550191049958
  116   -0.084297742336538   -0.991963313846521    0.094353985711210
  117   -0.085452555241239   -0.597552986086882    0.797262999029426
  118   -0.036557212994620    0.834815977639146    0.549313984581190
  119    0.023363462166804    0.667424961800596    0.744310465465220
  120    0.385383645570253   -0.854129960596137    0.349201168581984
  121    0.162492581930759    0.910029935692164    0.381368164588488
  122    0.554912716017597    0.807895710111630    0.198434873913833
  123    0.404074198505966   -0.532819298875106    0.743523797095965
  124    0.167071908138560    0.920104452833336   -0.354252414793756
  125    0.426452718608631   -0.484200884785623   -0.763994490794356
  126    0.408977249142047    0.809733010407210    0.420796936230625
  127    0.230036289668005   -0.808014085689960   -0.542398877914027
  128    0.320045901051261    0.943715986925623   -0.083491060846559
  129    0.414649144757307   -0.900067146525164   -0.133959764474573
  130    0.454209373769412   -0.810959737301935   -0.368833498011197
  131    0.612822620869612   -0.323866159372249   -0.720804513140677
  132    0.143839971803356   -0.988306184850167   -0.050605804988324
  133    0.316675570105083   -0.318255602457868    0.893549078004560
  134    0.088115319291893    0.216650302768900    0.972264540552740
  135    0.257234733015816    0.393730654075657   -0.882500121343582
  136    0.410767087059805    0.857507081707999   -0.309761206430103
  137    0.436138929776881   -0.212302034078443   -0.874477375498779
  138    0.337844681552520   -0.935224170335505    0.105909028731938
  139    0.228767237412096    0.762772957270772    0.604849540582812
  140    0.180867292783362    0.648050140059510   -0.739809460854663
  141    0.567270906714575   -0.324133199034403    0.757061019785689
  142    0.305438823243700    0.779514916665854   -0.546867095326580
  143    0.470454585180827    0.044022646798792   -0.881325416546672
  144    0.413206870595706   -0.716229810921000    0.562383267923729
  145    0.125994854782627   -0.961281644591224    0.245077327266921
  146    0.635159542526449   -0.764152729458836   -0.112440924925950
  147    0.562790676920482    0.824896390324651   -0.053033943854351
  148    0.532002873700655    0.665855310856699   -0.523077095061688
  149    0.415830136092127    0.548337880834079   -0.725541774372774
  150    0.665305653942879   -0.074313563149642   -0.742863299109360
  151    0.621374914432457   -0.527303047516477    0.579521105563803
  152    0.483719178478944    0.294468038068295   -0.824199205852484
  153    0.612136660159444   -0.697847843584922    0.371883175866718
  154    0.275890775295196    0.052527113781232    0.959752667318424
  155    0.456839629135435   -0.671782259836109   -0.583100461859609
  156    0.743263450147301    0.658056130809453    0.120505486925796
  157    0.685325562735813    0.176944354896444   -0.706413171119510
  158    0.453163553272159   -0.109846858550339    0.884633518273173
  159    0.642744530252237    0.656080590793060    0.395522094471928
  160    0.813979351676580   -0.569324816068446   -0.115355402356388
  161    0.322085432817626    0.324475047493883    0.889368830981008
  162    0.786575495352631   -0.492732152113914    0.372174712176894
  163    0.292427572466870    0.564925829140765    0.771585978637996
  164    0.792534366349685   -0.258698315362878   -0.552235873321457
  165    0.485821324815787    0.629468684763065    0.606421318273765
  166    0.515211387288145    0.148236573518862    0.844146400027870
  167    0.529453870549171    0.404862975578847    0.745496190443616
  168    0.760202049256748   -0.292895500746947    0.579918157974068
  169    0.702446373755268    0.446301681122766    0.554422132878068
  170    0.749134267776039   -0.648330023947370    0.135889767429559
  171    0.666085483989500   -0.069980708215137    0.742585233152519
  172    0.896507916136661   -0.254035338567781    0.362959506092697
  173    0.708872282721359    0.197303884693611    0.677178900936983
  174    0.940434524446500    0.006143505842958    0.339919347147295
  175    0.829355897820250   -0.030662930565583    0.557878642215220
  176    0.667169181623373   -0.660628743676554   -0.344172843380091
  177    0.889395878737580   -0.438907844013134    0.127807962773651
  178    0.819144544533004    0.481461312601564    0.311764686309717
  179    0.852433544630237    0.238438247030675    0.465300176597934
  180    0.622224426213089    0.728928872277735   -0.285481107227258
  181    0.637692281802587    0.431328411237204   -0.638204007656643
  182    0.828808863278090   -0.437020619175883   -0.349412144274934
  183    0.778157049867440    0.614207902948676   -0.131225979504795
  184    0.836535489618546    0.008816394101144   -0.547841807279905
  185    0.892955381659689    0.448745075369058    0.035475959423509
  186    0.920404180992447   -0.170622725698666   -0.351772695197881
  187    0.821335344834507    0.280197837244887   -0.496887737148813
  188    0.935066565730522   -0.331965569917927   -0.124295527039361
  189    0.938235528575350    0.115269329033060   -0.326231627380306
  190    0.741220400690854    0.528536928753136   -0.413812798912615
  191    0.972534668474913   -0.201708470796173    0.116146508442828
  192    0.884597403313847    0.392374849652666   -0.252050414422289
  193    0.937464109555041    0.270032068317772    0.219644543242488
  194    0.970771267234031    0.224637053063315   -0.084506455989254
  195    0.989051220029650   -0.064870459770918   -0.132550019264320
  196    0.993862260925197    0.052140055698046    0.097566494763625
   
 U =    17693.6267095706     


 http://math-lab.ru/  - см. Задача Томсона
