    212
    1   -0.123991363233480    0.022985105095793    0.992017049645438
    2   -0.998699445641434   -0.043235097352782   -0.027021170078054
    3   -0.919234710377628    0.078445931943430    0.385815737105792
    4   -0.957993649911461   -0.283797687011029    0.041316335468031
    5   -0.838112671730912    0.098730829055684   -0.536487998820150
    6   -0.888236948910128   -0.341016006567967    0.307803843145700
    7   -0.967573111956157   -0.109164728054612    0.227783526990520
    8   -0.947358872998884   -0.237873299929320   -0.214306926931959
    9   -0.977296320561139    0.150327007476580    0.149310725136527
   10   -0.911953416927373    0.409471426888227    0.025963742345984
   11   -0.867311793875166   -0.143555507882392   -0.476615220446924
   12   -0.871284163738264   -0.467981232573227   -0.147842727173699
   13   -0.958957273706565   -0.005906923811813   -0.283489074668415
   14   -0.589474864560921    0.012520736432182    0.807689677543350
   15   -0.870544183223721    0.434762238322685   -0.230509481765921
   16   -0.718849324405175    0.578287090343080   -0.385797472703954
   17   -0.913325961520846    0.224788051529512   -0.339567401117345
   18   -0.734931895568424   -0.673514338866136   -0.079079353929549
   19   -0.713205203885677   -0.034070926081757   -0.700126780766399
   20   -0.745578027194382   -0.386616224654008    0.542808714188723
   21   -0.974428956876025    0.202663736788034   -0.097034106336962
   22   -0.860156250007719   -0.498282028440647    0.108840459874682
   23   -0.836073710254275   -0.380112217908459   -0.395595061670849
   24   -0.863664028096879   -0.158480661639808    0.478506349443435
   25   -0.785026604495898    0.364843037004235   -0.500622401199914
   26   -0.497691906977555   -0.226223633665387    0.837332450882129
   27   -0.677662870111578    0.230089319134860   -0.698449668689301
   28   -0.790156539711171    0.597274718984247    0.137533824254101
   29   -0.823833230670579    0.270703728224356    0.498014356789351
   30   -0.749088916997189   -0.552213344155314    0.365959310537091
   31   -0.775540999475834    0.621095980562537   -0.113030708487048
   32   -0.896258646042681    0.351990346697678    0.269857805566911
   33   -0.522387123165131   -0.410399504443375   -0.747451630745355
   34   -0.627580590205090    0.778198543719011    0.023444175213506
   35   -0.699460107435980   -0.192302675371095    0.688313329197370
   36   -0.198593244408959    0.958200650765312   -0.205942312670455
   37   -0.723882931584918   -0.611944408885414   -0.318618175554858
   38   -0.606476865363774    0.756785170857873   -0.243848348257991
   39   -0.678640182195436    0.444288007264945    0.584855255349808
   40   -0.543431237053169   -0.178804825606500   -0.820189810308987
   41   -0.609192660457798    0.478895291206051   -0.632094615152686
   42   -0.553229762641366   -0.809581960087261   -0.196249534086188
   43   -0.784331305626714    0.041369845567160    0.618961177208751
   44   -0.758603734916085    0.535032111412643    0.371834658321001
   45   -0.525718096356838   -0.736475376337137   -0.425704713636126
   46   -0.402559005614800    0.844296547183356   -0.353708336645726
   47   -0.555801244551296   -0.437042597475743    0.707162459797525
   48   -0.340369273554830   -0.095110842538716   -0.935469232658848
   49   -0.615300936009294    0.736520505655245    0.280966729160998
   50   -0.721929761607882   -0.277952413884622   -0.633687521512376
   51   -0.524159812127153    0.683977083434853   -0.507377414442918
   52   -0.672077244194453   -0.507080083171089   -0.539612793665227
   53   -0.290240364756093    0.745607945530395   -0.599857751661337
   54   -0.331644349361345   -0.450535733152554    0.828872474322426
   55   -0.524625935717370    0.079529355360676   -0.847609998294374
   56    0.013925722313734    0.991458290425611    0.129678574191596
   57   -0.328863038851161   -0.882655924028661   -0.335808906157491
   58   -0.652556696375434    0.236906873445705    0.719753354510946
   59   -0.284140562191679   -0.774253039827125   -0.565505412207393
   60   -0.217877556367996    0.975267973059116    0.037171913540671
   61   -0.710108133835713   -0.684557841695235    0.164702761464171
   62   -0.123767617823497   -0.000091438669037   -0.992311225582613
   63   -0.392354530570374    0.564724378951204   -0.726047035775974
   64   -0.442469736660518    0.247974020191764    0.861817508205482
   65   -0.369262461152841    0.014695706981035    0.929208949041965
   66   -0.555021715471361    0.649534256968284    0.519669264417174
   67   -0.319050294526576   -0.347443436497458   -0.881753915782256
   68   -0.202869678593344    0.249874729665370    0.946787469806235
   69   -0.147727687310797   -0.796418178902715    0.586425284853139
   70   -0.473311477998294    0.334768795580352   -0.814804331297245
   71   -0.305465740402900    0.176765916403482   -0.935651907622779
   72   -0.431552038796665    0.896580160540734   -0.099533178062356
   73   -0.277520448302132   -0.574902584548828   -0.769720351201176
   74   -0.234108031836649    0.431812425793869   -0.871051926327922
   75    0.471799679502187   -0.835723304823017    0.281018896512900
   76   -0.488955622915537    0.469940059436843    0.734900496227738
   77    0.121984033072444   -0.143299295287271   -0.982132988777769
   78   -0.469076890049279   -0.619486067559394   -0.629447283989290
   79   -0.122639077673915    0.633599473360650   -0.763879155354038
   80   -0.073581981120968   -0.717777927088884   -0.692373121545239
   81   -0.438133987516720    0.884327060708763    0.161258360034132
   82   -0.573329851577897   -0.619965872537126    0.535663325400336
   83   -0.364463665333104   -0.644515323783808    0.672135577141853
   84   -0.220437708456074    0.932637439619509    0.285647725197666
   85   -0.067589340186170    0.275879943870072   -0.958812775083564
   86   -0.088649554427086   -0.883783843880358   -0.459420693695808
   87   -0.104605973926408   -0.255866470341499   -0.961035867995514
   88   -0.020003411404619    0.434803305966282    0.900303253716751
   89   -0.171962537942227    0.882653213219964   -0.437438213622154
   90   -0.545141635729424   -0.836452534394955    0.056282809973434
   91    0.049819423029038    0.483643704772623   -0.873845977231037
   92   -0.274983576871524   -0.222117258206920    0.935439979933284
   93   -0.084630330783852   -0.430284875894079    0.898717215083940
   94   -0.270238329130527    0.468919058318953    0.840884155049914
   95   -0.124690912279605   -0.970177879028606   -0.207863078584042
   96   -0.353452325862791   -0.931837412335282   -0.082161367530426
   97   -0.401015683286287    0.814909068200181    0.418461028440577
   98    0.140281134564103   -0.382692008825845   -0.913163747455103
   99   -0.361535531519371   -0.806110436476999    0.468484816885102
  100   -0.035038705407058   -0.203600581652264    0.978426845642666
  101   -0.362225117856746   -0.909248577228257    0.205085320786393
  102   -0.071789519754521   -0.496527335093091   -0.865047322612335
  103    0.142619922038333   -0.618060234085887   -0.773085444746878
  104    0.054437170207394   -0.884237910553266    0.463853330310569
  105   -0.550698677924090   -0.767359924860090    0.328465693568410
  106    0.135647919285652   -0.549563160458981    0.824366408012729
  107    0.110791454369859   -0.941183836395409   -0.319215036842928
  108    0.100285783243010    0.101811556334316   -0.989735908551428
  109   -0.161307768250720   -0.925886453894449    0.341634422148493
  110   -0.009679118993059    0.796179518577774   -0.604983048401178
  111    0.238925615208743    0.944727965901152    0.224507507316338
  112    0.525314092031001   -0.719784832847155   -0.453822541437552
  113    0.103087724062735   -0.737635195215622    0.667283477936309
  114    0.034660862604089    0.992104214199740   -0.120531542637841
  115   -0.343844144081042    0.670112420962655    0.657814979954657
  116   -0.160365843523758   -0.985291900868262    0.059014119618288
  117   -0.122505800711520   -0.630293235946606    0.766630788262503
  118   -0.178536296233158    0.821638271791608    0.541327388236219
  119   -0.110696821754162    0.644132062526656    0.756862008346755
  120    0.245952612226022   -0.918123351944582    0.310735937981497
  121   -0.000688158909660    0.924365648923228    0.381507108096368
  122    0.438923717311801    0.817164686743973    0.373614567595824
  123    0.353515170000720   -0.631321729480681    0.690260746721762
  124    0.054443925487050    0.929543314647562   -0.364671201456303
  125    0.350222524883812   -0.466517197374428   -0.812222806634926
  126    0.217446515833007    0.860788980211778    0.460173167729338
  127    0.128482060716468   -0.811178050303898   -0.570510763070441
  128    0.262624561873424    0.964562415585858   -0.025449674653450
  129    0.326908328258935   -0.929613958196237   -0.170143567735231
  130    0.326041290501890   -0.850300535882089   -0.413141713660693
  131    0.534903520694420   -0.523487828878083   -0.663203374965195
  132    0.084249481149256   -0.994344155952684   -0.064666254328089
  133    0.175826834648019   -0.321277564221118    0.930519022344951
  134    0.063492280814001    0.200715970975929    0.977589806244023
  135    0.222673263940198    0.303725717822860   -0.926373200097675
  136    0.279168024628367    0.920055970757036   -0.274885839394146
  137    0.355221310892620   -0.216198337925401   -0.909437243005818
  138    0.297855927744118   -0.951806820915119    0.073113760450044
  139    0.053186192775859    0.776830013537124    0.627460244928649
  140    0.156990722400404    0.662155954171903   -0.732736927849891
  141    0.376832453299047   -0.423999344953113    0.823542262194207
  142    0.232226993844513    0.819909112282222   -0.523277814288471
  143    0.333415666429831    0.042168319195963   -0.941836411610498
  144    0.311879416443251   -0.797501384627196    0.516452099537530
  145    0.041880605621601   -0.980495861607795    0.192025728075058
  146    0.524459719969928   -0.850832775881545    0.032024828098964
  147    0.463675212935173    0.877876465349155    0.119742258604034
  148    0.399912992738391    0.659592552622601   -0.636401809208479
  149    0.330300348083742    0.487357518599053   -0.808321921712341
  150    0.554112231409537   -0.287605635800310   -0.781180282174507
  151    0.573838766009195   -0.499614451035045    0.648917923116626
  152    0.463036750670931    0.245560799925093   -0.851643623276928
  153    0.539807936003969   -0.688300483029913    0.484613079980228
  154    0.151689494154215   -0.043470135125749    0.987471845024144
  155    0.343407145306384   -0.689520500564712   -0.637677827632033
  156    0.636050059457292    0.723520001677866    0.268251987944984
  157    0.542806411248549   -0.025385597505100   -0.839474104035842
  158    0.370865691143490   -0.159487852007288    0.914889208699481
  159    0.543513068231361    0.648685032492434    0.532730019129785
  160    0.716266506819981   -0.697745712308647   -0.010640120431736
  161    0.234879810263160    0.372477539522766    0.897826240027439
  162    0.733497729828721   -0.533511525915329    0.421125316327112
  163    0.148997336042597    0.594628030158122    0.790074236766699
  164    0.692002582087099   -0.545098336314062   -0.473286625769659
  165    0.318918305169648    0.711213486375896    0.626471460981873
  166    0.323121911335751    0.122015762417018    0.938458514872408
  167    0.402137985574454    0.519338125398162    0.754037765676258
  168    0.564175074077718   -0.271582436912202    0.779711142507423
  169    0.618861289675076    0.438745699268502    0.651546556675035
  170    0.669504012524635   -0.702759340547143    0.240611068920692
  171    0.536038826639395    0.008952473991570    0.844145857979822
  172    0.746948147157164   -0.332669137075131    0.575673267310692
  173    0.472786040745207    0.289014232166962    0.832432659907943
  174    0.712169877438670   -0.103138395662581    0.694389326681465
  175    0.665232719493251    0.187571878612615    0.722690956958331
  176    0.541590134985860   -0.812212241030310   -0.216775001341296
  177    0.879538015538640   -0.349998869712270    0.322356433815869
  178    0.735291369367934    0.537338312058883    0.413054645932881
  179    0.794776714436213    0.315680673961346    0.518339354358984
  180    0.459828257200658    0.788459035171642   -0.408522121476927
  181    0.557783039192416    0.433948149041984   -0.707507657295882
  182    0.724191314878411   -0.642595279488009   -0.250236380717124
  183    0.484407938206836    0.862900993552496   -0.144051465554215
  184    0.727086196910541   -0.334949841381065   -0.599294807270149
  185    0.656329362765967    0.754394946138869    0.010955948674300
  186    0.866561037507798   -0.488927617560600   -0.100108706214416
  187    0.667323741213125    0.172048706713198   -0.724622844610653
  188    0.832931882533178   -0.531029220797176    0.155667741421532
  189    0.721141409366346   -0.098121239694393   -0.685804119277477
  190    0.608995931751716    0.599677181875858   -0.519144712625765
  191    0.874100157292094   -0.146077422583106    0.463260511627544
  192    0.651722117446863    0.709974620130655   -0.266822638471531
  193    0.804528576660661    0.572123159171745    0.159401568611204
  194    0.747126285538947    0.348837611439935   -0.565786739241612
  195    0.947415981560851   -0.313274936070554    0.065282251133666
  196    0.889011635963048    0.354350933222879    0.289989184705876
  197    0.777345574847043    0.508126425289137   -0.370865734718919
  198    0.846302588713153   -0.405081653585008   -0.345949103577753
  199    0.949398152875735   -0.245607100776493   -0.195755713490840
  200    0.819237768046240    0.073247231195551    0.568756821962427
  201    0.925169390374690    0.376744816085586    0.046097100411660
  202    0.868001798898330   -0.176569822758514   -0.464107718962193
  203    0.832026894319136    0.072130505215575   -0.550025851526089
  204    0.967659635513852   -0.113863200399092    0.225099980879776
  205    0.891066977030383    0.236375222319206   -0.387461477723244
  206    0.801432075550172    0.589889871061989   -0.098674050782427
  207    0.900229356363791    0.387963204798175   -0.197665519662799
  208    0.996968613918054   -0.072049873889352   -0.029366622802807
  209    0.928164878864837    0.108665895817815    0.355951795511603
  210    0.978194829347805    0.160886186393041   -0.131341200181520
  211    0.951582158739649   -0.010157757897587   -0.307226651062182
  212    0.982680684559169    0.139640835836029    0.121815882221234
   
 U =    20768.2298940308     


 http://math-lab.ru/  - см. Задача Томсона
