    279
    1    0.033314549541321   -0.002269712762460    0.999442339103580
    2   -0.983347578264471   -0.048785470591966   -0.175064325836309
    3   -0.967340713839444   -0.058896897378918    0.246542286084420
    4   -0.964390270620579   -0.260160678924854   -0.047621708009315
    5   -0.817660639069830   -0.036804134964619   -0.574522875928734
    6   -0.858682774794346   -0.393168683073432    0.328758694062661
    7   -0.949337049627939   -0.261250429538636    0.174663617475413
    8   -0.931057328672227   -0.252777221739462   -0.263127206680372
    9   -0.997788851769324   -0.055750011866083    0.036184851274892
   10   -0.986838297973928    0.154177014779427   -0.048781366992169
   11   -0.852070398499407   -0.245122593896643   -0.462483459123073
   12   -0.882455300065425   -0.444790139323550   -0.153082903509756
   13   -0.923576886267568   -0.042350821345203   -0.381067110997120
   14   -0.550267584423024   -0.021252836505265    0.834717858005764
   15   -0.865077318405055    0.348416234407916   -0.360897992211272
   16   -0.737166906387454    0.506791542141025   -0.446930962164710
   17   -0.862812747247950    0.158964923207233   -0.479879481095163
   18   -0.794123143474950   -0.607275345615293   -0.024188584193599
   19   -0.733202153503316   -0.224272716158973   -0.641962889024573
   20   -0.783816043227847   -0.286540072507960    0.550933024264997
   21   -0.949745962745915    0.159664944024137   -0.269239135152383
   22   -0.892034050057783   -0.444726548776745    0.080582568528390
   23   -0.817579205613614   -0.440599406878517   -0.370724163235298
   24   -0.896545831876067   -0.186669517273878    0.401696480774213
   25   -0.752241101263358    0.321843211978750   -0.574935015869874
   26   -0.506829226654808   -0.241781936732181    0.827445242948755
   27   -0.722525486382808    0.122510698242656   -0.680402858858914
   28   -0.935994834566726    0.338874495059716    0.095277207465530
   29   -0.911642285907458    0.070837572752981    0.404833769381817
   30   -0.732184727661456   -0.486956005082186    0.476213579913170
   31   -0.927090754943924    0.349190125675443   -0.136268074868156
   32   -0.973729445929893    0.144806991925555    0.175732470586785
   33   -0.531244679422225   -0.505460111979654   -0.679918499368191
   34   -0.855420565700119    0.517852958902774    0.009163445472662
   35   -0.685664273656084   -0.149350238047008    0.712431758294769
   36   -0.573793905249598    0.800986078824384   -0.170826976288738
   37   -0.751484237020421   -0.610956438462529   -0.249005365024568
   38   -0.822414985436927    0.523067434574383   -0.223682924284695
   39   -0.816190168806157    0.203974277647439    0.540581263458495
   40   -0.572855502241909   -0.307093937911391   -0.759953871527243
   41   -0.607207707271362    0.477903295471767   -0.634749746283905
   42   -0.645118925654375   -0.755825000133961   -0.112027411534160
   43   -0.824089216901778   -0.051982063541499    0.564069878345034
   44   -0.899098709469074    0.283886338622794    0.333211730547395
   45   -0.582876216691036   -0.741571502377189   -0.332155118699055
   46   -0.676893946881221    0.669508166478537   -0.305897694816600
   47   -0.633146854928341   -0.367261981310461    0.681354311044016
   48   -0.461706267545419   -0.147317483926863   -0.874714171280388
   49   -0.842497716680188    0.477502679875691    0.249376799442536
   50   -0.705289717282051   -0.420027107946158   -0.571089873213132
   51   -0.567345581089086    0.658232900744309   -0.494821624422802
   52   -0.658584958826265   -0.592317676039667   -0.464139658571398
   53   -0.430749059479669    0.621413744604932   -0.654446488090093
   54   -0.303327001643877   -0.321830809646889    0.896893338159986
   55   -0.644934413600659   -0.072816321067091   -0.760761056797618
   56   -0.451007597341657    0.892278056200847   -0.020785032175698
   57   -0.459417347124470   -0.866589954810920   -0.194826978064955
   58   -0.714200433160167    0.080977153940179    0.695241283162600
   59   -0.398014923693917   -0.817174908155562   -0.416904413502513
   60   -0.610558860048484    0.788380961279107    0.075321566028114
   61   -0.788509091649325   -0.570933942414049    0.228665357642794
   62   -0.389138077678517    0.231315693497298   -0.891663953764271
   63   -0.278179482718746    0.550108650352728   -0.787398659004085
   64   -0.571376722387869    0.201830300896232    0.795482979549803
   65   -0.383067931526334    0.102940332522673    0.917966365275034
   66   -0.778554791931467    0.421174777436457    0.465257179215863
   67   -0.385962694254109   -0.366634742269131   -0.846529246042544
   68   -0.399845606723909    0.310081433205659    0.862538692213117
   69   -0.365849505258945   -0.644196862645909    0.671687830512771
   70   -0.597458144598550    0.275491810503938   -0.753092310276849
   71   -0.529151117298603    0.080018224573827   -0.844746221535020
   72   -0.733336848396617    0.675482834726003   -0.077071439419804
   73   -0.336071255572782   -0.559188835362950   -0.757868034411771
   74   -0.447974301629458    0.420607350992113   -0.788928692196574
   75    0.025619731258605   -0.965397478439171    0.259521363270015
   76   -0.682758988362339    0.330428542113532    0.651657227664331
   77   -0.175332189875118    0.172799757048267   -0.969225911311525
   78   -0.479414376464925   -0.675107391782981   -0.560706576739320
   79   -0.067615738109534    0.551427463632275   -0.831478120164313
   80   -0.280859388870199   -0.723531262071207   -0.630571579195498
   81   -0.744297333753001    0.647931199690902    0.161884648547300
   82   -0.569988359214333   -0.560187135846900    0.601085387604622
   83   -0.447890924032292   -0.453926917879188    0.770288305372865
   84   -0.567817857978875    0.769465125152890    0.292414605199073
   85   -0.223729606177548    0.375199954481137   -0.899538802652221
   86   -0.254760066487344   -0.928957350941096   -0.268580618540998
   87   -0.327469719295350    0.012837013846630   -0.944774467277840
   88   -0.204403024916816    0.277731403219710    0.938661105548997
   89   -0.468947252144735    0.803975021651643   -0.365667388846944
   90   -0.679759481613826   -0.723969261083471    0.117454485492699
   91    0.140140056482738    0.529715222891663   -0.836518109311359
   92   -0.350274602661995   -0.109645596259241    0.930207259674390
   93   -0.139105565184446   -0.163387625545782    0.976705751776464
   94   -0.513342643994010    0.441788827481355    0.735732262286960
   95   -0.306961945716368   -0.950263499480983   -0.052665410244081
   96   -0.510189041495815   -0.859582079038630    0.028736585273972
   97   -0.694786287216125    0.612177500867547    0.377505923831662
   98   -0.106718990122974   -0.042967621206691   -0.993360378047650
   99   -0.483417863411889   -0.723065794972414    0.493439991767181
  100   -0.177035378057216    0.057308675676220    0.982534574764866
  101   -0.538955965330990   -0.803538132369862    0.252691387391211
  102   -0.252929893200565   -0.205483291503552   -0.945411596098978
  103   -0.177678385089018   -0.413611471261360   -0.892947894511864
  104   -0.256439344624180   -0.799173590726222    0.543654701455324
  105   -0.653666853116573   -0.659020897494215    0.372036425370683
  106   -0.029467888336267   -0.569649305333671    0.821359429537317
  107   -0.036584899546090   -0.951579076988137   -0.305219274233474
  108   -0.009935164734624    0.355529539532608   -0.934612239927034
  109   -0.368059436912400   -0.853256008171140    0.369440706229806
  110   -0.187175406064017    0.708426238725373   -0.680512771114688
  111   -0.142550638603850    0.973619008545724   -0.178172224636940
  112   -0.062913810947246   -0.751779022145750   -0.656407003507483
  113   -0.242475518247725   -0.523875492834281    0.816553789445702
  114   -0.353965796759054    0.911293865739826   -0.210360892253506
  115   -0.615639713985509    0.543376071915623    0.570727769635742
  116   -0.347366722046586   -0.923314015398024    0.163791298255397
  117   -0.089173496470432   -0.375732353252576    0.922427930109729
  118   -0.497681380783202    0.714683948407263    0.491467289970279
  119   -0.406278488710359    0.621607175635457    0.669733013080389
  120   -0.171551979546261   -0.926885881235060    0.333844996189648
  121   -0.412179803820949    0.891102855888837    0.189851282715925
  122   -0.048193205478704    0.997611982558399    0.049474712748916
  123    0.063020441287072   -0.758969318534679    0.648069438797254
  124   -0.335476347393081    0.776487659980770   -0.533406537490294
  125   -0.029397369326474   -0.259319464816507   -0.965344088832559
  126   -0.254711647408362    0.966896519731188    0.015267508186822
  127   -0.197652178393288   -0.857313288895881   -0.475339395652113
  128   -0.228815143420140    0.894787167593572   -0.383405209734419
  129    0.142455406763724   -0.975312344162673   -0.168737335547569
  130    0.014722160504589   -0.868801269491138   -0.494942029050538
  131    0.043238794208972   -0.466741315260789   -0.883336261739538
  132   -0.088719366663854   -0.990853188090368   -0.101680055221847
  133    0.133310012223126   -0.426901611470836    0.894417941884370
  134   -0.003181724293003    0.225925064591693    0.974139487865964
  135    0.199266410310356    0.325233551528835   -0.924400364929593
  136   -0.087486442599600    0.836120886846804   -0.541523762119246
  137    0.111374613242445   -0.083474573689968   -0.990266474779579
  138    0.086151896795828   -0.995303212363410    0.044151626669447
  139   -0.351604802717679    0.851398573655175    0.389222984269680
  140    0.034667321351142    0.708686102494277   -0.704671685937365
  141    0.244301096979493   -0.075350532077971    0.966767433941681
  142    0.130791377200563    0.832826009083112   -0.537860998999441
  143    0.037649310928663    0.141550757717180   -0.989214795874126
  144   -0.142248981053531   -0.704342088608527    0.695462040375901
  145   -0.140593662354403   -0.983847732222585    0.110801903892723
  146    0.356972810483723   -0.904174072946574   -0.234605324719101
  147    0.070369946121797    0.986532721470662   -0.147652497948748
  148    0.339102450278458    0.789690144463900   -0.511271947158975
  149    0.245838323854422    0.679826259582081   -0.690941224205855
  150    0.187822342454672   -0.305421240183540   -0.933509846610944
  151    0.169764223353840   -0.617597436562200    0.767954109840469
  152    0.400725140956404    0.283156496696635   -0.871344799596554
  153   -0.050149856675253   -0.863502462735190    0.501845084389310
  154    0.077814402007555   -0.224683918017332    0.971319749528747
  155   -0.122296753954339   -0.598166942285760   -0.791984730363368
  156    0.161632570779406    0.983836658127363    0.077073615381805
  157    0.319038929068357   -0.126136382020917   -0.939310265497822
  158    0.199105031800825    0.155624004915453    0.967542430803770
  159   -0.199451534609147    0.951761939770271    0.233170099598528
  160    0.306373140473466   -0.951793148622199   -0.015010031054855
  161   -0.083320738729330    0.455608150585435    0.886272456763561
  162    0.258238020064934   -0.788526386447706    0.558157023487715
  163   -0.290587145855077    0.489438849277793    0.822197496640211
  164    0.181311102246728   -0.784323831372317   -0.593264200625258
  165   -0.273308319786567    0.772454839442232    0.573250454302235
  166    0.121499163272902    0.397202659101106    0.909652681481781
  167   -0.182421818056679    0.650081020720175    0.737642831454567
  168    0.344967017312799   -0.471396458796368    0.811654566672643
  169   -0.128643568009549    0.890879972044751    0.435641719557846
  170    0.479471018292981   -0.718096203153487    0.504425797946178
  171    0.303067082989857   -0.280247899473637    0.910830092854114
  172    0.358413156445183   -0.644964409682000    0.674952531316500
  173    0.023520283359702    0.617209004667795    0.786447608444243
  174    0.466018571671972   -0.143623945622086    0.873040006586616
  175   -0.047929633381807    0.783304004480389    0.619788340329885
  176    0.192522999491327   -0.906304131802155   -0.376228275579075
  177    0.535561417735671   -0.531905241236202    0.655935044176187
  178    0.018421674543209    0.963441910578150    0.267283233384640
  179    0.092942692310991    0.877755482877906    0.470007412945540
  180    0.209264508998065    0.916311978473346   -0.341439194264602
  181    0.342661946633500    0.489354590894525   -0.801944433673426
  182    0.366547979043824   -0.806728675471877   -0.463499108122420
  183   -0.004291899542070    0.933605857469001   -0.358275986493501
  184    0.259655547756592   -0.508167372586873   -0.821185069248935
  185    0.275807829246525    0.952976246168723   -0.125563989919442
  186    0.336023745327350   -0.665154914555286   -0.666826050945170
  187    0.537453524636792    0.433029657060023   -0.723622156212735
  188    0.528635399914964   -0.790134526995784   -0.310212899805753
  189    0.243423743819249    0.105775052146976   -0.964135114643339
  190    0.413063313619287    0.856095520156724   -0.310610945250554
  191    0.515521264011934   -0.344269215028704    0.784676069429327
  192    0.468546418139262    0.878548634404772   -0.092825379257930
  193    0.232009169930404    0.927126396446015    0.294293034374298
  194    0.448704666229103    0.622084419786810   -0.641619121568815
  195    0.518898061631097   -0.671226029912484   -0.529339605927438
  196    0.302512241763080    0.815251696025749    0.493812733443171
  197    0.538623132350087    0.706267667406242   -0.459424752569913
  198    0.106717373756983   -0.646712906673796   -0.755230970286536
  199    0.394209454522567   -0.344618908608721   -0.851960511875025
  200    0.224635401866520    0.555729182310665    0.800439886660196
  201    0.434649542837307    0.844089667062096    0.313994281588565
  202    0.513289173224966   -0.168635442043603   -0.841484588294277
  203    0.436453196450958    0.063001768944177   -0.897518459095770
  204    0.684955710367103   -0.391585661213432    0.614407311779032
  205    0.645758886120633    0.529280081928299   -0.550325409071952
  206    0.364530868338476    0.925549187167449    0.102352079422312
  207    0.744522988244892    0.659072354190318    0.106344496411091
  208    0.555624508503196    0.820073261498439    0.136971717248105
  209    0.162957164271127    0.738167556840410    0.654640069535140
  210    0.708646147785445    0.551378247382252    0.440230241512922
  211    0.600978177228897   -0.339572008244938   -0.723544111793560
  212    0.369954160178494    0.661770988562553    0.652068307820251
  213    0.396666832786941    0.067757244943161    0.915458562428955
  214    0.794543663573156   -0.437124128719659    0.421453274713611
  215    0.510744949216154    0.716603248557557    0.474994085233643
  216    0.147546718293739   -0.896388158185363    0.417993104950071
  217    0.320338974900124    0.318355971518910    0.892206487623907
  218    0.654152188657760   -0.592573632986229    0.470044044280707
  219    0.417196329226321    0.473188953475474    0.775912003508689
  220    0.566637377414828    0.557661223673199    0.606577317518349
  221    0.602995921438568    0.753975157202387   -0.260609633456035
  222    0.595024270882826    0.373506188163457    0.711645448565482
  223    0.474039811947801   -0.513914963260588   -0.714966899391407
  224    0.507917387358406    0.224527717482584    0.831629263374655
  225    0.857217970077655    0.349243609056733    0.378426020919508
  226    0.369136833555642   -0.855215539423056    0.363791670110582
  227    0.504882683264877   -0.859772122235951   -0.076716191023450
  228    0.570497968438271   -0.761427427067162    0.307831676923748
  229    0.668204652410523   -0.730376636689007   -0.141606889224314
  230    0.674028119878317   -0.640879105563821   -0.367369113651404
  231    0.742851516076654    0.370405418816058    0.557648142446756
  232    0.656574855944731   -0.191110937452874    0.729647906957212
  233    0.724928559186371    0.591531888777079   -0.352942783799009
  234    0.588210585104697    0.228662358291671   -0.775707311729934
  235    0.599238828617692    0.014842333285413    0.800432715110734
  236    0.242593361036868   -0.948335793436968    0.204469274139446
  237    0.734255751493726   -0.625644000700541    0.263511054390142
  238    0.448640396562686   -0.881187524981733    0.149098425171575
  239    0.708620524076254   -0.146892699975154   -0.690130051187386
  240    0.630087700388198   -0.771147878475637    0.091216442278989
  241    0.715849452465289    0.326739907682032   -0.617090426220568
  242    0.649904319076677   -0.504242028925578   -0.568651345123264
  243    0.644147847513697    0.703231498555425    0.300897008929903
  244    0.776549684807777   -0.628733655408859    0.040799235056024
  245    0.768156395749553   -0.308409259092446   -0.561087765483355
  246    0.612216407509494    0.014833625126380   -0.790551095086067
  247    0.840389020690756    0.164209403418702    0.516509018054192
  248    0.699859364772397    0.179136757359045    0.691452740035980
  249    0.803892420115497   -0.225859832653959    0.550222057786105
  250    0.815779795922390    0.521174697844970    0.250759364513129
  251    0.792362415845611   -0.459004876914593   -0.401841168776826
  252    0.800806822795717   -0.567820232633587   -0.190495711174209
  253    0.861848075831284   -0.460470742132963    0.212566671483166
  254    0.870274974951573    0.492179294185463    0.019519486369718
  255    0.642698048051125    0.764495290322593   -0.049861509261645
  256    0.770243863644077   -0.022607061729451    0.637348657548288
  257    0.751115980714189    0.101721052166645   -0.652286448626577
  258    0.772944590665823    0.619497379227149   -0.137038888243947
  259    0.889076561922222   -0.224521014502063   -0.398915004841290
  260    0.894136898501411   -0.041587707235934    0.445858351211610
  261    0.952333720294910    0.298920204337262   -0.060886752485459
  262    0.897844527572939   -0.371516496990825   -0.236327520130415
  263    0.899027093723690   -0.254518460224087    0.356329395582088
  264    0.841197739074581   -0.063604847729690   -0.536973730382685
  265    0.931854370781226    0.028223438371278   -0.361733146369569
  266    0.967840228494521   -0.123733006933742   -0.219032954376294
  267    0.927089681900479    0.335496835626052    0.167172351178580
  268    0.937993972215393    0.148513447966214    0.313226856863800
  269    0.809333021488895    0.402377534701860   -0.427869582811058
  270    0.852502172081243    0.189497719978057   -0.487165947824641
  271    0.868940988590730    0.445482777138518   -0.215607638129817
  272    0.888521255823867   -0.458758158609610   -0.008421986600462
  273    0.951183883808965   -0.269132717334536    0.151052307636203
  274    0.969399782264275   -0.059642597879963    0.238131943812891
  275    0.925961683026543    0.246718753672709   -0.285875529125591
  276    0.962079328171214   -0.265733720691175   -0.061554496125384
  277    0.986286515427928    0.135403007610992    0.094365963222626
  278    0.997552656485280   -0.067504986543554    0.018214673505573
  279    0.986179551515920    0.089954945335566   -0.139133029800745
   
 U =    36347.9810966554     


 http://math-lab.ru/  - см. Задача Томсона
