    274
    1    0.027538531795248   -0.002882561469185    0.999616586550032
    2   -0.992958790445078   -0.054246836935770   -0.105309644194212
    3   -0.941193320625312   -0.069908464188589    0.330557014515031
    4   -0.964134145625404   -0.262857160826031   -0.036762239344875
    5   -0.861772473150700    0.008216689861014   -0.507228440180017
    6   -0.839676123251038   -0.454330606025943    0.297536062470092
    7   -0.945709319321708   -0.269544508458728    0.181602977144689
    8   -0.936233474598741   -0.238969506695811   -0.257605232692059
    9   -0.991645015496329   -0.060839450744014    0.113748514163709
   10   -0.988530430974865    0.147784979773709    0.031099626845544
   11   -0.859743339690894   -0.209390978714375   -0.465829161700063
   12   -0.883427736995299   -0.440493029758373   -0.159753949064345
   13   -0.946807850853374   -0.020841166985884   -0.321123869123865
   14   -0.559784722902175   -0.054293068862433    0.826857500830000
   15   -0.902962008907215    0.339761580489649   -0.263100130926274
   16   -0.794247748011948    0.461943040588121   -0.394688664684142
   17   -0.874763089183300    0.213588066967535   -0.434936403916207
   18   -0.781576652145565   -0.622199226997165   -0.044789047155082
   19   -0.747895953591299   -0.118069177717068   -0.653231438216944
   20   -0.759645234476316   -0.358849845627089    0.542370635295493
   21   -0.968547861536832    0.152644695200933   -0.196506073543401
   22   -0.886651240797844   -0.457427637274123    0.067893547922156
   23   -0.827377124269792   -0.410365782581180   -0.383467102528475
   24   -0.880079750935989   -0.267325583598578    0.392424087367388
   25   -0.742047456237421    0.347630980661900   -0.573165136741252
   26   -0.503192368162237   -0.272580891638250    0.820059204043816
   27   -0.756929041585167    0.131238272201435   -0.640183522057966
   28   -0.923641503823528    0.339763293286144    0.177333800923471
   29   -0.874923673606900    0.083319539487073    0.477039222393578
   30   -0.708164460974458   -0.548853756398438    0.444142601311876
   31   -0.935996599585459    0.349364464552433   -0.043067812487388
   32   -0.957252987623191    0.135895167737415    0.255341381432965
   33   -0.559292456249250   -0.441442336740611   -0.701655621879900
   34   -0.844846608344459    0.530223069038516    0.071398217262344
   35   -0.681844964511185   -0.206455819844973    0.701757393137315
   36   -0.574430042705347    0.801230342545568   -0.167511385349909
   37   -0.759271889865817   -0.591867605236499   -0.270553017228053
   38   -0.835387352621385    0.526324060255356   -0.158464364058767
   39   -0.767857048686261    0.226701358369514    0.599167795276283
   40   -0.595731874687868   -0.230377545574706   -0.769434675574120
   41   -0.574381121607872    0.461773543436985   -0.675907923997147
   42   -0.637245939311983   -0.756537018246474   -0.146865083846103
   43   -0.826864718599843   -0.123013361170726    0.548782698441089
   44   -0.868950436341505    0.296625174841179    0.396154824320425
   45   -0.605381869044678   -0.703871090240477   -0.371588860107047
   46   -0.704059488919945    0.649995765282024   -0.286017029523106
   47   -0.606410571896442   -0.428123821508683    0.670056872025824
   48   -0.444997442735624   -0.105313799205266   -0.889317873235273
   49   -0.812948786095721    0.501887562926600    0.295335648652668
   50   -0.727245689481621   -0.338791018302374   -0.596937478340941
   51   -0.646967358633796    0.575802593054055   -0.499884597376870
   52   -0.681758225254759   -0.534005842817048   -0.500043480244204
   53   -0.465199845314041    0.663578152045992   -0.585878093161895
   54   -0.298035891726265   -0.336424803153979    0.893304516425243
   55   -0.619928844987071    0.006721356141254   -0.784629243990191
   56   -0.401008060018236    0.914015775743314   -0.061381572908800
   57   -0.461942030861213   -0.853829727502415   -0.239967407280591
   58   -0.731618766970699    0.021443751165220    0.681376654540085
   59   -0.426533481265329   -0.782569948041782   -0.453490314980995
   60   -0.569832021717093    0.819270579249179    0.063931095740072
   61   -0.763914150461778   -0.618199720244670    0.185106122572086
   62   -0.259230615337689    0.226944819230325   -0.938773421596584
   63   -0.371319457712964    0.555797205152440   -0.743781773821117
   64   -0.599178221129697    0.163023931767948    0.783842239863846
   65   -0.401891213042527    0.091073735277908    0.911147094393510
   66   -0.740591941157227    0.443983978483948    0.504382596391405
   67   -0.406802121266763   -0.324186621504115   -0.854058000706398
   68   -0.434323774960118    0.296272807987709    0.850638161471416
   69   -0.353622618382883   -0.659919911551824    0.662915344599495
   70   -0.615522315144627    0.243301379321166   -0.749624384861790
   71   -0.456402517601820    0.123407329956717   -0.881173860733326
   72   -0.724296917473612    0.687782788103369   -0.048464540924071
   73   -0.360282339490296   -0.520952921489490   -0.773824714934180
   74   -0.443379096368082    0.345095342472501   -0.827238890229183
   75    0.075875631323687   -0.939739661477618    0.333365050983398
   76   -0.628396903368076    0.361954703819780    0.688553646581113
   77   -0.052496746509111    0.171067738084838   -0.983859705746960
   78   -0.505575555975688   -0.625998453271771   -0.593733352357121
   79   -0.119994456740568    0.588720393820536   -0.799380778009660
   80   -0.301575632862399   -0.691077000056586   -0.656859739713459
   81   -0.710194989637934    0.680733589409448    0.179512832251355
   82   -0.546090958366276   -0.614512089425708    0.569350118240308
   83   -0.423068207035404   -0.481770151418865    0.767405247178890
   84   -0.534233271118821    0.793716578008240    0.290875928575352
   85   -0.245871500786755    0.429597079278144   -0.868903650916807
   86   -0.258641184811227   -0.913668091406723   -0.313552796614287
   87   -0.264752308945986    0.013627736418216   -0.964220151058816
   88   -0.229715289388793    0.266831971257259    0.935965589611065
   89   -0.531786296910586    0.753695794693963   -0.386194230250482
   90   -0.638024977187793   -0.765303391211065    0.085057909011218
   91    0.096122804850841    0.548683415670173   -0.830485951570596
   92   -0.356381384929210   -0.122413141611210    0.926286851486521
   93   -0.141361621432891   -0.171106925579515    0.975058619778622
   94   -0.459550720601194    0.482129354211880    0.745898398578626
   95   -0.282613417852019   -0.953562716157129   -0.104152783952421
   96   -0.478359374738180   -0.878039439001102   -0.014800410762115
   97   -0.660244900078279    0.639413272180882    0.393989009084722
   98   -0.056815239069546   -0.048611810631310   -0.997200541755075
   99   -0.454632872225167   -0.771279251386268    0.445462981484805
  100   -0.190697269354995    0.049014802763616    0.980424449190549
  101   -0.476570904496912   -0.850382300870088    0.223002500779453
  102   -0.235734710311576   -0.205075925173838   -0.949933161474223
  103   -0.189062087785927   -0.415311682760395   -0.889815561296135
  104   -0.256959090573211   -0.805035408186420    0.534686840438319
  105   -0.623762634318915   -0.710743871450263    0.325212738408905
  106    0.007936358550247   -0.592206692096958    0.805747012435380
  107   -0.063751824618599   -0.974761651277656   -0.213951929311835
  108   -0.044512141216917    0.384303615976363   -0.922133070674605
  109   -0.282626902940333   -0.896769352877419    0.340480192484337
  110   -0.232961089474258    0.715072159906848   -0.659090992896369
  111   -0.131623385995341    0.978757492566414   -0.157191141621365
  112   -0.066140530179849   -0.768544167851618   -0.636368833561789
  113   -0.211568680132215   -0.545027753470971    0.811285055657689
  114   -0.381015086926916    0.885937081613342   -0.264467372196476
  115   -0.572904287561527    0.575453311189148    0.583638727240633
  116   -0.301130454408759   -0.946505866266188    0.115961608091938
  117   -0.087584298417799   -0.386547607606826    0.918101267684617
  118   -0.455499733866230    0.741098350732577    0.493247632522700
  119   -0.349526484091300    0.650019439100863    0.674763636920198
  120   -0.065245181038837   -0.876495074067619    0.476969025709646
  121   -0.384659671241868    0.906842687261667    0.172259333216334
  122   -0.005313706480530    0.998531883560014    0.053905862738012
  123    0.206342700581063   -0.644327327513191    0.736386437230224
  124   -0.331626329825595    0.809855136652201   -0.483899405873215
  125   -0.018751293547730   -0.272774571574025   -0.961895224072193
  126   -0.222512689379006    0.974472180488106    0.029867583097372
  127   -0.226186924423013   -0.830518567359154   -0.508997430731981
  128   -0.192125227559919    0.917602832259371   -0.347984107632275
  129    0.130198513009302   -0.985719078019807   -0.106800030140207
  130   -0.038001435563365   -0.903683839942561   -0.426510736467198
  131    0.032777841734567   -0.483791877947558   -0.874569054976906
  132   -0.090074600892957   -0.995908905675514    0.007212341518105
  133    0.121465660314083   -0.427596544968272    0.895771895124903
  134   -0.018546868188464    0.219976684069925    0.975328802069333
  135    0.158761051568631    0.337018176214009   -0.928015989844036
  136   -0.093940611937016    0.841221421133243   -0.532467540846826
  137    0.149264388265302   -0.103842639721339   -0.983329471017466
  138    0.104883155387824   -0.987818830264090    0.114949912099044
  139   -0.314293904813997    0.870355498480623    0.379078682678564
  140    0.013422510573692    0.724483308266981   -0.689161644501803
  141    0.253747622671651   -0.061423629560049    0.965318228212932
  142    0.132883778604820    0.838597300239202   -0.528295816200760
  143    0.154392756365266    0.119425355565538   -0.980765242670222
  144   -0.123192926022054   -0.719355087768039    0.683631304637494
  145   -0.109033912933591   -0.966436584736513    0.232619718668076
  146    0.334583153404224   -0.920465361965804   -0.201984234234375
  147    0.104506156279308    0.984582602818620   -0.140269603003060
  148    0.343302976344855    0.786762874519998   -0.512978796549909
  149    0.229338391776732    0.685772051204217   -0.690739166288131
  150    0.192929325482210   -0.333050353537698   -0.922960311918879
  151    0.312804688450457   -0.476889562116030    0.821419242791520
  152    0.356288201383311    0.275590810623631   -0.892809286832779
  153    0.076254893589566   -0.777885979464966    0.623761648512855
  154    0.079429561427548   -0.218467153005141    0.972606316979926
  155   -0.133894375026981   -0.605831507828938   -0.784245166040473
  156    0.210615017351619    0.974466351184473    0.077824449083804
  157    0.345216042264811   -0.162504864107175   -0.924347366147883
  158    0.196340335877531    0.152478920982685    0.968607583680540
  159   -0.156564298532636    0.958159943378044    0.239618745783311
  160    0.313514942078486   -0.949168873939780    0.028050487293683
  161   -0.061229460616936    0.437783178700749    0.896993222716441
  162    0.344103897398752   -0.729436673994829    0.591197637365332
  163   -0.263859758534927    0.473632168899838    0.840268169341863
  164    0.134899566500476   -0.826145855680942   -0.547069586158094
  165   -0.227480884780322    0.789387463487420    0.570192844175074
  166    0.145036967042729    0.377153535385968    0.914723722736495
  167   -0.140379633730251    0.638800391574700    0.756457281118881
  168    0.492830361441851   -0.349360932565175    0.796909765053915
  169   -0.081274475267305    0.894831786646627    0.438942517053006
  170    0.556667685144563   -0.651985865863422    0.514816005025210
  171    0.298607420863469   -0.270727122866207    0.915172351609167
  172    0.455371520082599   -0.564641093073573    0.688343820129406
  173    0.068613332352158    0.594661913113527    0.801042707797589
  174    0.471382995208404   -0.134711640028836    0.871579512075115
  175   -0.015053688714495    0.773984910006860    0.633025074967619
  176    0.152061214500963   -0.932663963628917   -0.327131958072718
  177    0.631265936485446   -0.441659778640780    0.637526436600185
  178    0.067770072464757    0.960719178212113    0.269120563862301
  179    0.134002995885735    0.868559462877031    0.477124361713392
  180    0.236076005510218    0.913398464810439   -0.331619305988467
  181    0.303831651694691    0.494019770754892   -0.814635374589000
  182    0.328931330873835   -0.839913377778698   -0.431682403391597
  183    0.023545859473695    0.938197921197843   -0.345297340218094
  184    0.246487863596773   -0.541805591552502   -0.803548650712539
  185    0.324559013977954    0.938445137295495   -0.118246229251078
  186    0.297494331280063   -0.710768699836214   -0.637420566180106
  187    0.500443502687930    0.413474091331385   -0.760654636753844
  188    0.506881221396452   -0.810582927004574   -0.293303163713485
  189    0.354650117124592    0.058808205650922   -0.933147838968527
  190    0.435791357717152    0.845961077106059   -0.307304000235269
  191    0.650178656007885   -0.215639115583131    0.728537910545707
  192    0.526799548877968    0.845802214910613   -0.084266532824549
  193    0.279680183551128    0.913569591070542    0.295244978280765
  194    0.433092720272025    0.615213692415221   -0.658743355421675
  195    0.489222926775600   -0.707285978202566   -0.510301355039505
  196    0.339415812159486    0.800007339096269    0.494757681949684
  197    0.538927484203984    0.695851319716103   -0.474708444857391
  198    0.091646745903889   -0.669778539733466   -0.736883696167675
  199    0.392464255601190   -0.390854427854022   -0.832589108926071
  200    0.273879422626588    0.521872670806681    0.807860741295694
  201    0.480701386485490    0.820831458507480    0.308483214706100
  202    0.525001648115629   -0.221929229571316   -0.821657280462941
  203    0.542306992358466   -0.009589685491366   -0.840125683437479
  204    0.776030542158567   -0.297969749263068    0.555869252757503
  205    0.622293099676007    0.503410560979928   -0.599440660273810
  206    0.416536712678457    0.903432850378561    0.101519711622385
  207    0.704957416896159    0.708262075685734   -0.037414870151196
  208    0.609331073717986    0.780999512466541    0.136950371042621
  209    0.189716797803681    0.723935677547510    0.663268174575673
  210    0.720007230967962    0.507985901979073    0.472800074814245
  211    0.598433800420088   -0.388192540309276   -0.700844874535729
  212    0.386594069484228    0.643311787413926    0.660829001795414
  213    0.420793539241576    0.077987739315319    0.903797936404501
  214    0.856105453144841   -0.366245752111674    0.364619667812669
  215    0.538891382801026    0.694075514153608    0.477341867213849
  216    0.212033563142547   -0.854267629411744    0.474624678499039
  217    0.350057492744520    0.291381441424277    0.890256484035320
  218    0.723435835441449   -0.522464141619040    0.451300135964318
  219    0.470947908041896    0.423105034230867    0.774073767750503
  220    0.570090517753339    0.536053395270172    0.622610278574849
  221    0.616617642410833    0.741045350774032   -0.265771464164039
  222    0.673940604789585    0.345333691968552    0.653106960923874
  223    0.454567887930257   -0.563737712837871   -0.689614259123861
  224    0.563045424027800    0.214960061502668    0.797979963683377
  225    0.837480022782759    0.453446749054167    0.304980748920318
  226    0.429222306322316   -0.811399797188885    0.396734899998964
  227    0.501827863174301   -0.862954126065879   -0.058982811460538
  228    0.619010276200696   -0.719477876417688    0.314925170958803
  229    0.663021603687239   -0.735457889585166   -0.139656885583693
  230    0.657436215015661   -0.659878922806306   -0.363782119436718
  231    0.820127093816757    0.299492817651731    0.487540359521863
  232    0.784284497728448   -0.075643533146020    0.615772589935621
  233    0.713082838420413    0.565439053120707   -0.414477433349810
  234    0.545708031322233    0.202111555195390   -0.813236536197750
  235    0.623847341998311    0.002295933914069    0.781542847558024
  236    0.283122025718279   -0.924075009711257    0.256763110629855
  237    0.774044111469495   -0.583279954769254    0.246252325600748
  238    0.475488069289571   -0.861964934247623    0.175862298662241
  239    0.692794589888346   -0.151453831695024   -0.705051340745008
  240    0.645112553734298   -0.758052236733695    0.095846749540369
  241    0.688234458907072    0.296199247751655   -0.662268325683965
  242    0.641761631658153   -0.536608022041141   -0.547899478748209
  243    0.681205515922098    0.661641002151811    0.313353202231691
  244    0.785213896199722   -0.618691245845880    0.025695904897978
  245    0.761040776277310   -0.312961680632734   -0.568218200428994
  246    0.708913956588135    0.075354894560048   -0.701257899791795
  247    0.924791097706826    0.232503867844083    0.301170013513539
  248    0.746891640172517    0.139731299109784    0.650098486299961
  249    0.893279349643102   -0.143694625894529    0.425915317862868
  250    0.790363985801255    0.596807578676633    0.138367207034353
  251    0.793327539977788   -0.455183442207828   -0.404276450282012
  252    0.793521374059618   -0.569560180818841   -0.214301258363420
  253    0.893406989523373   -0.419806850194512    0.159956742904283
  254    0.864711208143624    0.500260685065675   -0.044875087614561
  255    0.771650336347083    0.600265213570764   -0.210326964016218
  256    0.879109619240671    0.079237949137435    0.469986834682650
  257    0.834925668265607    0.154849939618594   -0.528129363576147
  258    0.866427778568235    0.416389663111442   -0.275540474303237
  259    0.886039991457763   -0.220437304196976   -0.407848658764373
  260    0.964098774363243    0.013388695973385    0.265206138864514
  261    0.950168798404695    0.294801390763575   -0.101347888690593
  262    0.906764308858399   -0.347526620844174   -0.238754551758036
  263    0.954041367369760   -0.205952488292656    0.217689324297959
  264    0.828166136764087   -0.067872438017163   -0.556357962174402
  265    0.930973403632926    0.000519343592965   -0.365086636307544
  266    0.971965864167987   -0.135706961016929   -0.192005155200916
  267    0.919558972851625    0.373868746807217    0.120968820812906
  268    0.982898229884508    0.163530691887547    0.084668663038235
  269    0.795658408983335    0.367754509022065   -0.481335971342312
  270    0.920773826132606    0.214060289689063   -0.326119232010864
  271    0.986058200546597    0.081390114354636   -0.145137432870179
  272    0.890119376037345   -0.452500106098670   -0.054140099589668
  273    0.966618442412931   -0.256169168944682   -0.005113088048313
  274    0.997937426112031   -0.048571569477836    0.041972564888918
   
 U =    35034.4308160456     


 http://math-lab.ru/  - см. Задача Томсона
