    130
    1   -0.179617023848103   -0.007439641557753    0.983708481450395
    2   -0.992054140445476    0.034539578595084   -0.120977683625791
    3   -0.889952010317090   -0.046838004797362    0.453642613341352
    4   -0.900296911832453   -0.428987665683337    0.073722813541738
    5   -0.749375116088668    0.488746823074841   -0.446725282832017
    6   -0.843920976912265   -0.373834787692233    0.384766079896021
    7   -0.977879455293571   -0.140104287687249    0.155314389180132
    8   -0.941605179716667   -0.272119253815611   -0.198319936550964
    9   -0.966954515482298    0.176491053620517    0.183983349736635
   10   -0.852129794860463    0.487510984999984    0.190283609949494
   11   -0.889995353914926   -0.075628967336743   -0.449653788274294
   12   -0.792403394220528   -0.583297685850224   -0.178495575602198
   13   -0.901714449393953    0.228974702062092   -0.366717381057588
   14   -0.198240792331882   -0.327755990751066    0.923729721716485
   15   -0.522021100203974    0.825788449502238   -0.213465237475619
   16   -0.257568433810798    0.879028449001954   -0.401207537004817
   17   -0.761808518326909    0.626898821233671   -0.163234951344353
   18   -0.589856355109425   -0.805167505370136   -0.061439145770882
   19   -0.742278189309824    0.195044049519202   -0.641077926949665
   20   -0.631431718100316   -0.600234002423596    0.490930878751208
   21   -0.924794305913143    0.369335319756177   -0.091361443351284
   22   -0.728850624365027   -0.657595696516870    0.190642774017805
   23   -0.792074618186005   -0.392065009762384   -0.467870524125550
   24   -0.710951832192186   -0.272366830658310    0.648354688314754
   25   -0.520292889747149    0.695328396648167   -0.495796056552742
   26   -0.351314162779282   -0.762769081585991    0.542919595526959
   27   -0.540877766462523    0.446777478191370   -0.712629726244613
   28   -0.666006169168003    0.735633365463834    0.123609604183957
   29   -0.708783192643742    0.050677394500782    0.703603714822738
   30   -0.477763408579381   -0.839688025557649    0.258197879847431
   31   -0.433413387075463    0.826895731467549    0.358324273786358
   32   -0.842768036259043    0.278885270759117    0.460396614685307
   33   -0.265632783380886   -0.478309641359879   -0.837053828242549
   34   -0.143230349263390    0.837060988918627    0.528028377912076
   35   -0.475078228122185   -0.478651149091955    0.738372368549390
   36    0.098953033803938    0.950705034001520   -0.293884731527797
   37   -0.614737589970936   -0.669458833285324   -0.417040245075913
   38   -0.407029199295444    0.911806187679055    0.054191392592345
   39   -0.637613377587919    0.370377362235170    0.675477453557588
   40   -0.703816529448047   -0.127087774134535   -0.698921304970192
   41   -0.271812703842449    0.666775003355429   -0.693922869582942
   42   -0.392223108402166   -0.872365897005340   -0.291785494802966
   43   -0.477713295630638   -0.177241061751289    0.860450819749153
   44   -0.677139130269900    0.593527686863814    0.434979865262075
   45   -0.159353607096847   -0.849020560696890   -0.503756404841827
   46   -0.156918624471864    0.980471114608102   -0.118545091475797
   47   -0.166377205758277   -0.930346021071034    0.326764298051919
   48   -0.443568798034131   -0.181889458621265   -0.877589281072313
   49   -0.421048519786575    0.658881989225342    0.623372014338141
   50   -0.574600700449313   -0.431172859065367   -0.695646462399225
   51   -0.007519764143668    0.817508405726977   -0.575867571332993
   52   -0.382776662206887   -0.680838149992166   -0.624452912864532
   53    0.234961332564329    0.671228833410962   -0.703025622148548
   54   -0.191850442250815   -0.608957853999435    0.769651700355797
   55   -0.509202411636859    0.134073190665555   -0.850139567087643
   56    0.143658463341810    0.988871666136686    0.038666184481083
   57   -0.062118660997341   -0.971526588827367   -0.228642426415914
   58   -0.449270928144904    0.131465873127872    0.883669823704840
   59    0.149722868076176   -0.847200601213720   -0.509739349156169
   60    0.141994176709434    0.918223383927099    0.369734324874061
   61   -0.288850574164365   -0.957247154797337    0.015595846797132
   62   -0.209086950002191    0.080383482777473   -0.974587678475028
   63   -0.010087374212458    0.541502678248060   -0.840638503954986
   64   -0.369331226531720    0.420453951599752    0.828741769004512
   65    0.139356793043027    0.125296153855313    0.982283338992283
   66   -0.122083219726229    0.616900338770890    0.777515054185858
   67   -0.138803409241019   -0.223538630823561   -0.964761159102396
   68   -0.101281053190325    0.312278382664836    0.944576285953068
   69    0.092927022042188   -0.516580902465688    0.851180791478582
   70   -0.276494611595817    0.378997466233498   -0.883126067074836
   71    0.061479272201809    0.249413175818315   -0.966443669759267
   72   -0.137243974055811    0.965098225372805    0.223045975008808
   73    0.101480262698687   -0.419702637792416   -0.901970870989021
   74    0.324963267883932    0.405407305190800   -0.854426001140022
   75    0.438002109293571   -0.758820001208576   -0.482023192409037
   76    0.175131594652154    0.483720909836013    0.857521431768334
   77    0.132642858705696   -0.072662893246408   -0.988496826489312
   78   -0.024675055636936   -0.670541360393665   -0.741461681835769
   79    0.526872046083698    0.579728746261183   -0.621546802593348
   80    0.302688116074148   -0.608312281233167   -0.733713890347173
   81    0.150576314455498    0.730780021575741    0.665798267939140
   82    0.156250220172932   -0.918403496910799    0.363484367694026
   83   -0.003645262040990   -0.797141828266138    0.603781100808208
   84    0.424772054541399    0.883950136222311    0.195450398703191
   85    0.382271362591139    0.095811296335181   -0.919069529925395
   86    0.259448494927834   -0.941468885373153   -0.215227359677889
   87    0.381268461412099   -0.270455649965009   -0.884018156903157
   88    0.401975888389841    0.286079049113104    0.869812717090144
   89    0.341776224808203    0.825740398526230   -0.448711272866635
   90    0.045078065305762   -0.996685539341623    0.067719300761206
   91    0.607536664626005    0.276120846434449   -0.744752629602228
   92    0.097950957907743   -0.197281189855378    0.975441306268195
   93    0.361236803895097   -0.351766393707617    0.863578818504480
   94    0.500396802032796    0.526304894427296    0.687463598030633
   95    0.553531357889215   -0.812941884245549   -0.180910277962913
   96    0.365449773608458   -0.926156449758992    0.093170239558278
   97    0.397302033807274    0.765505680256861    0.506114757171813
   98    0.612894895492360   -0.073560658860211   -0.786732913095328
   99    0.290944585843055   -0.685152893226872    0.667769990993501
  100    0.411694497874583   -0.036674333147946    0.910583677488208
  101    0.636743352301193   -0.758809731377950    0.136987936937387
  102    0.568449634742797   -0.445150461217954   -0.691885886283441
  103    0.779388209599203   -0.237415693617093   -0.579817046284484
  104    0.549977446925691   -0.493996141590843    0.673418606786640
  105    0.433269249833027   -0.801614349379400    0.411937121437444
  106    0.652142510983639    0.177854844522090    0.736938124707887
  107    0.682311411440953   -0.592185803110468   -0.428680664844899
  108    0.811274527358041    0.098134034813151   -0.576370846305812
  109    0.673909525270290   -0.607912397172565    0.419867204141831
  110    0.761282738440013    0.434435743148716   -0.481366988095462
  111    0.408958053396486    0.902591339360543   -0.134470014030998
  112    0.791575261633228   -0.603655858691611   -0.094911587477925
  113    0.643196700091384   -0.171059984446191    0.746348770155631
  114    0.615704448004924    0.718524914509564   -0.323465577667818
  115    0.757445120737233    0.390293247095068    0.523400487526852
  116    0.856689025221753   -0.472531197791328    0.206877212806280
  117    0.836615424441795    0.018650704710807    0.547473088653557
  118    0.643946989629870    0.666915916553762    0.374907234918031
  119    0.928632248799224    0.200836849347475    0.311940228945028
  120    0.801958588690108   -0.315595696772779    0.507209797031440
  121    0.661620272446241    0.749297601617054    0.028490687936461
  122    0.820943264249845    0.546710939975171   -0.164800803985521
  123    0.950015261621944   -0.140670323093528    0.278716456073466
  124    0.924301481911995    0.238921546423827   -0.297629409147915
  125    0.945392577475223   -0.073019113483345   -0.317649309019964
  126    0.832688694678349    0.515229674597330    0.202898792921981
  127    0.869287540563266   -0.379927908315726   -0.316218209950512
  128    0.949841551667470    0.312621172705510    0.008308375422678
  129    0.955337482359055   -0.294299859626558   -0.026793421275567
  130    0.999893067211918    0.014594060617720   -0.000931416248838
   
 U =    7632.48396670391     


 http://math-lab.ru/  - см. Задача Томсона
