    186
    1   -0.118767246762188    0.001767580035666    0.992920549065909
    2   -0.992415312515657   -0.117976131490540   -0.034546778185219
    3   -0.897557691248199    0.117920619120835    0.424835166231988
    4   -0.930101077250934   -0.364073821192161    0.048602868425543
    5   -0.863341787294045    0.153111962356396   -0.480830204225253
    6   -0.867845446530813   -0.380156204186232    0.319883637209610
    7   -0.964528501724166   -0.132413685432438    0.228366777951467
    8   -0.925960544492181   -0.300800706816846   -0.228289300717817
    9   -0.975308326965043    0.131737444597997    0.177253809672568
   10   -0.924583522774066    0.380462519396864    0.019838869647484
   11   -0.863437522063385   -0.181978206291284   -0.470488658660386
   12   -0.823165083326041   -0.550823156255191   -0.137815442262114
   13   -0.954973885023380   -0.014851745458601   -0.296317911338795
   14   -0.548617738803208    0.004503632733437    0.836061178361164
   15   -0.821051318112958    0.541626835237865   -0.180319450906409
   16   -0.664503365450331    0.645486863991741   -0.376539487596309
   17   -0.913580672560973    0.306341715415538   -0.267441784542552
   18   -0.655113037361843   -0.753082290150707   -0.060778059691863
   19   -0.759505635075579   -0.009689689353509   -0.650428551194267
   20   -0.730055502871349   -0.382356955612440    0.566411618191266
   21   -0.986747886870791    0.139994582298243   -0.082037337128713
   22   -0.801679020116431   -0.582330566351316    0.134914269809069
   23   -0.790300016332850   -0.470445775247911   -0.392564207150485
   24   -0.869990901563863   -0.143096212325953    0.471846696728993
   25   -0.776902353287119    0.424363372856710   -0.465121985327091
   26   -0.530310703900363   -0.287500121249442    0.797567700957265
   27   -0.688184255307905    0.266674513662008   -0.674749682852416
   28   -0.798553171206383    0.590030383351179    0.119067121736819
   29   -0.767400930741399    0.346202026781259    0.539666534213289
   30   -0.699687987801558   -0.587749284176438    0.406186531874569
   31   -0.674105045524030    0.734485948369809   -0.078184264697874
   32   -0.881864259300123    0.371819740526288    0.289940526184266
   33   -0.492699691243792   -0.410114026386445   -0.767498208212482
   34   -0.473981799658706    0.880155550970156    0.025835241216523
   35   -0.715631691887763   -0.146303381018183    0.682983603220829
   36   -0.037850553301642    0.987449605301901   -0.153331707757654
   37   -0.642596766925276   -0.695181176016329   -0.322168477119871
   38   -0.500745217378247    0.822305307219117   -0.270311318653300
   39   -0.578980098191853    0.506088220191344    0.639262668455862
   40   -0.602965059331896   -0.168246938451494   -0.779824406470189
   41   -0.577680925130654    0.517012316514237   -0.631651021777669
   42   -0.441715294822906   -0.866842971021072   -0.231237674073394
   43   -0.751407431385206    0.107794714077854    0.650974017665805
   44   -0.719662037487878    0.572515705149325    0.392826067307359
   45   -0.411038591315241   -0.774545058042949   -0.480756933918614
   46   -0.245275717769982    0.882976288067987   -0.400240798747579
   47   -0.526852151900470   -0.524480246901063    0.668840250469754
   48   -0.384814186761747   -0.129445449884090   -0.913871936964475
   49   -0.614450608505962    0.758032294939550    0.218717830858234
   50   -0.714421272783011   -0.340086518634304   -0.611509120813665
   51   -0.442339913602905    0.725128437638540   -0.527753872332231
   52   -0.585968029235557   -0.582187284941339   -0.563648324726003
   53   -0.182533782542708    0.761315124200375   -0.622158098793561
   54   -0.314834010129849   -0.433360885129864    0.844439393506141
   55   -0.548757561110505    0.094466764132274   -0.830626973796558
   56    0.077645537464276    0.990832137501769    0.110556979904299
   57   -0.196002183894247   -0.915069660187504   -0.352463701553807
   58   -0.573821538416328    0.272937239111575    0.772161968472723
   59   -0.161233192130502   -0.785422891495184   -0.597590779104525
   60   -0.196078872333370    0.975902888411783    0.095742509962984
   61   -0.619208211101060   -0.756456075637119    0.210607210077704
   62   -0.137484099286613   -0.097105731064176   -0.985732519214944
   63   -0.329842039831390    0.574227314652171   -0.749311163581075
   64   -0.353750055313964    0.405704223687966    0.842772200091527
   65   -0.346920504238997    0.148039023287738    0.926137468911917
   66   -0.503396996645969    0.722362228567677    0.474114199857542
   67   -0.267533298446626   -0.369944318423737   -0.889700587550815
   68   -0.104626145239650    0.271033327046415    0.956866921448559
   69   -0.023868242493340   -0.771936688698909    0.635251175237672
   70   -0.453068394263373    0.346804487526998   -0.821252505354318
   71   -0.300037019577651    0.137278929448206   -0.943998030936779
   72   -0.292671643293567    0.943933041551405   -0.152753796284596
   73   -0.100951763450329   -0.573739781129211   -0.812792350484473
   74   -0.185339266056967    0.383696308655896   -0.904669276134270
   75    0.718664480154222   -0.695134667404567   -0.017582921742509
   76   -0.353512348958557    0.627253348102716    0.693961278766860
   77    0.126770575851813   -0.060108233960675   -0.990109196658797
   78   -0.342020189210986   -0.618544449485299   -0.707407205351352
   79   -0.050762504213427    0.594474588122107   -0.802510518462551
   80    0.084773194154616   -0.723103723376835   -0.685517695461891
   81   -0.370863442236942    0.885332735188444    0.280439396690114
   82   -0.485158517223405   -0.720147803967715    0.495992291881703
   83   -0.287519207671874   -0.669517147791496    0.684893783029805
   84   -0.073740867546265    0.939241100972430    0.335243849604466
   85   -0.028335280116185    0.165132250795545   -0.985864317057847
   86    0.057728518043431   -0.888359176144074   -0.455505644712698
   87   -0.012962454501706   -0.334874554733072   -0.942173554800610
   88    0.150721103762345    0.414884128614436    0.897303911004795
   89    0.017693291193559    0.915207052691458   -0.402595328028724
   90   -0.436823522942664   -0.899043928299773    0.030086953838377
   91    0.104547871509334    0.386000892495363   -0.916554992106666
   92   -0.337235341869840   -0.146834177411352    0.929898945336462
   93   -0.107014397898321   -0.288455246201086    0.951494345533136
   94   -0.103699884380718    0.510015870127842    0.853891179364892
   95    0.041892815493364   -0.980186055172047   -0.193598267699636
   96   -0.203757452519482   -0.975138076393622   -0.087112757447566
   97   -0.247518749723867    0.826018815311346    0.506386596669752
   98    0.245756544279021   -0.288053162103479   -0.925542595857273
   99   -0.218234070575147   -0.849371768129275    0.480563721003939
  100    0.114297964068104   -0.119840874455385    0.986191736032935
  101   -0.185806049472365   -0.964849324231705    0.185854495531035
  102    0.178466336676658   -0.524683374727217   -0.832380395587301
  103    0.400811189293445   -0.583416835476448   -0.706381756998170
  104    0.212658924485943   -0.829662060559475    0.516175403428610
  105   -0.400026963144833   -0.867914072520076    0.294454735874189
  106    0.129559053059663   -0.407435870350421    0.903996937672954
  107    0.284184520636995   -0.911149148452254   -0.298406413310862
  108    0.267972517813683    0.165222310892699   -0.949153474249487
  109    0.013199776963643   -0.929790280226566    0.367852960684449
  110    0.077132212220568    0.778968522431486   -0.622301103083442
  111    0.351164842861441    0.930251355556464    0.106375131602552
  112    0.667969557141762   -0.359557773186492   -0.651563410937884
  113    0.173164452729426   -0.636191408721264    0.751847433845572
  114    0.218746655871864    0.967138342411432   -0.129589070459447
  115   -0.103564820113470    0.712334518633951    0.694156943059278
  116    0.050537851779140   -0.995478410848276    0.080427974440122
  117   -0.080973454564906   -0.559832706664620    0.824639703267063
  118    0.067849240359257    0.837255244408862    0.542586524245239
  119    0.148951450162022    0.643770827789176    0.750581499094049
  120    0.461992407977275   -0.796963441733585    0.389117318442032
  121    0.219652381188496    0.913950717990371    0.341243192639954
  122    0.582365587534067    0.808346907170782    0.086171921897633
  123    0.396366755265551   -0.464145896599663    0.792124978769105
  124    0.278163100075653    0.886234827393321   -0.370422894097318
  125    0.467752992719271   -0.347987623914766   -0.812472615787339
  126    0.474351404757421    0.810053901700244    0.344678721630552
  127    0.299814025188233   -0.775783693754963   -0.555221767228497
  128    0.471357800024865    0.867746748998347   -0.157598870422728
  129    0.523193549392639   -0.840546934762711   -0.140532417380981
  130    0.499590770385047   -0.771840470699920   -0.393282786218518
  131    0.634633809761700   -0.113285035673659   -0.764464798535399
  132    0.289847481406492   -0.956540321729659   -0.031922569251752
  133    0.337004473568605   -0.239007385752803    0.910660998588585
  134    0.139179540390129    0.154983953335779    0.978063919048855
  135    0.392160368301266    0.373313971780010   -0.840741889052550
  136    0.529780433412552    0.745419738486756   -0.404576452413565
  137    0.407526073332623   -0.072507385372658   -0.910310484736122
  138    0.499443548329088   -0.857613272108811    0.122701334692290
  139    0.328018452959567    0.754872489194939    0.567953712528274
  140    0.222637875544896    0.584805642099702   -0.780022267208579
  141    0.619412991662130   -0.383115853827347    0.685237030746524
  142    0.330809390204241    0.743198735326256   -0.581567525883411
  143    0.541656936528796    0.144376004147563   -0.828108285513811
  144    0.403604344672625   -0.668721660571684    0.624431640488877
  145    0.261615710910909   -0.931907080238579    0.251209899497980
  146    0.710479890145536   -0.645481979489445   -0.280305797038116
  147    0.685136885619287    0.702647183433077   -0.192027038662446
  148    0.681875580155050    0.544910528563372   -0.487973574129789
  149    0.489732938671760    0.557440931089836   -0.670388884995581
  150    0.762726022548499    0.089394924313557   -0.640513514326060
  151    0.621726245891686   -0.588203585019125    0.517177936246395
  152    0.648694384717084    0.338841840033029   -0.681455649825837
  153    0.675695325754447   -0.694425261435297    0.247405301143914
  154    0.371006471549649    0.028937621453502    0.928179299560647
  155    0.603795614474516   -0.585535012343963   -0.540906281402514
  156    0.770148867509082    0.635998929644623    0.048745085550978
  157    0.829080647837976    0.296513121867064   -0.474030851254651
  158    0.561231723849786   -0.157925565249736    0.812452132734691
  159    0.691610105184826    0.651360398035614    0.312097892138220
  160    0.871059183485079   -0.464313397485549   -0.160215379354586
  161    0.388343857868450    0.292960231953068    0.873706673060160
  162    0.797166978635976   -0.485605113585435    0.358765218258495
  163    0.388770642380260    0.535122500421848    0.750000864776508
  164    0.822197271215026   -0.164775386019834   -0.544830908969545
  165    0.562349313439465    0.617452029442912    0.550014764357277
  166    0.595869750598064    0.124760111564996    0.793331049993942
  167    0.605800960901260    0.378587500619169    0.699769033428917
  168    0.801168256063552   -0.285812949979231    0.525775981859439
  169    0.762388809326742    0.434596352370983    0.479467740227837
  170    0.861520776221791   -0.497554422771085    0.101101674165834
  171    0.748728726512086   -0.065539058441949    0.659628627270021
  172    0.926225432444074   -0.268123824484149    0.264983137270622
  173    0.787128793061378    0.189629365874044    0.586914786601894
  174    0.985547641743742   -0.028727310911014    0.166944863536349
  175    0.900814460137131   -0.040620825147419    0.432299961799896
  176    0.804424506567343   -0.419643641127489   -0.420476429416859
  177    0.967074863523275   -0.254352659513636   -0.008422169541082
  178    0.866357991482529    0.442195469137502    0.232135731132934
  179    0.915776475278388    0.207886180079610    0.343710319104038
  180    0.823015529681720    0.494956090161415   -0.278682447805460
  181    0.944900930103828    0.238377428365622   -0.224362282781028
  182    0.933593636534015   -0.215774680595441   -0.286084269118610
  183    0.900543080061135    0.432903980529928   -0.040203290852221
  184    0.915982101706512    0.038200469955679   -0.399396436449409
  185    0.975237664518370    0.209700552867248    0.070265039898418
  186    0.992961163986643   -0.004856942236592   -0.118340766122252
   
 U =    15897.9583337641     


 http://math-lab.ru/  - см. Задача Томсона
