     33
    1   -0.357833505582386   -0.063822719781424    0.931601761871629
    2   -0.782389943128397    0.197941932988233   -0.590495527549892
    3   -0.800099862883182    0.290380458471674    0.524899417747909
    4   -0.993610921181970   -0.112581235875928   -0.007924811452942
    5   -0.384980858465284   -0.209640526545661   -0.898799526170876
    6   -0.779318405250969   -0.337736054576902    0.527823058113147
    7   -0.856241916642081    0.513506322816256   -0.056223096791467
    8   -0.764393539839870   -0.453094523306135   -0.458702375403768
    9   -0.434049616447150    0.870050862635056    0.233693018488094
   10   -0.308966505756859    0.575575874790643    0.757134143120876
   11   -0.279056116807191   -0.835514045375398   -0.473332825454699
   12   -0.636526586594221   -0.765898618502810    0.090737041687481
   13   -0.429537789516923    0.778360712012738   -0.457877592126913
   14    0.256051198393295   -0.264658003989681    0.929727876706704
   15    0.291427844422594    0.704088081055750   -0.647556781765455
   16    0.124311011725078   -0.505399107105609   -0.853884368577351
   17    0.057054966292868    0.988793976062902   -0.137953628886803
   18   -0.036796608727791   -0.992528176833481    0.116334980885971
   19   -0.223589894648980    0.398873441450794   -0.889329824483615
   20   -0.284223192604228   -0.680515847671484    0.675363130363082
   21    0.222006126800758    0.853433770862004    0.471554958000853
   22    0.321090126324039   -0.743960414122822    0.586023918449932
   23    0.366925159867198   -0.849233475999474   -0.379695180767788
   24    0.215976603746062    0.323942620977126    0.921094612376376
   25    0.315816669516398    0.102338888299564   -0.943284995744753
   26    0.792833508964054   -0.215008582952633    0.570251116895396
   27    0.695039524709858   -0.333893071066442   -0.636738153548941
   28    0.631471941667953    0.773498723094044   -0.054248615263327
   29    0.690295033190345    0.424541768927812    0.585881433046298
   30    0.667947900887947   -0.734243521079246    0.121375670760398
   31    0.785595361955547    0.308796914777324   -0.536175710656440
   32    0.958859480692624    0.272327610984484    0.080163386788206
   33    0.955195307377997   -0.277369551453768   -0.103286285098214
   
 U =    440.204057995107     


 http://math-lab.ru/  - см. Задача Томсона
