     74
    1   -0.296092910541171    0.006595682439130    0.955136370001907
    2   -0.935740796110275    0.018114804323971   -0.352222963986184
    3   -0.886296070576437    0.107237258551127    0.450532402452040
    4   -0.790098496637957   -0.362167793291798    0.494549143273537
    5   -0.326601822999342    0.203283052223523   -0.923042387917367
    6   -0.652580197535663   -0.079419221353952    0.753546065654813
    7   -0.970636656507378   -0.190754281240950    0.146551305802529
    8   -0.902153142000193   -0.373934342051220   -0.215157654323290
    9   -0.979029738406400    0.202239919988986    0.024490530389214
   10   -0.781098745137281    0.499960094146537    0.374065040609186
   11   -0.736223434988145   -0.318894723617790   -0.596892962785615
   12   -0.785131446299226   -0.605336836320752    0.130904265114890
   13   -0.801164691510502    0.405481279446771   -0.440136421005002
   14    0.439552755132224   -0.262372885828284    0.859042399557676
   15   -0.197794870473987    0.823139918609414   -0.532276115945348
   16   -0.060668022849367    0.519706620593943   -0.852188018875161
   17   -0.556941474724719    0.768281892664842   -0.315529914801725
   18   -0.482744886742765   -0.874376501796491    0.049225069119772
   19   -0.686856793062332    0.099868268997383   -0.719898655833997
   20   -0.406749083907444   -0.415529033522206    0.813566718247838
   21   -0.825837918533401    0.561350913599508   -0.053636593044470
   22   -0.529885433389535   -0.689148818395900    0.494262413688437
   23   -0.647311943888890   -0.692945950731714   -0.317510876448836
   24   -0.582429702626223    0.327064817170813    0.744180251597523
   25   -0.483688276668649    0.532010535429920   -0.694989525967753
   26   -0.116625478333852   -0.701351560363758    0.703210129746950
   27   -0.041393877352962   -0.093037468812464   -0.994801777398220
   28   -0.561563541669335    0.814458765307482    0.145956528739230
   29   -0.184223287667137    0.426178854949421    0.885682428342750
   30   -0.208660108807205   -0.916259671539552    0.341949079985306
   31   -0.223678295442749    0.968172981760040   -0.112290237944803
   32   -0.442278232071720    0.681729708336097    0.582781751779766
   33    0.278695917632083   -0.900822333489218   -0.332937995702279
   34    0.167971831323111    0.968980684532550    0.181278506406003
   35    0.006580798196567   -0.331610113900168    0.943393568694537
   36    0.204407920188101    0.750524971977933   -0.628434299351888
   37   -0.266676239355017   -0.915656062473183   -0.300761963385619
   38    0.170006153664616    0.950618832241235   -0.259656972763053
   39   -0.015277842385973    0.758624142415194    0.651349367142427
   40   -0.426124477014127   -0.237522465677244   -0.872926691302333
   41    0.209956985863323    0.213058234042469   -0.954213945084588
   42    0.025130175657174   -0.999628047255997   -0.010594404683688
   43    0.108011769614344    0.088415510574082    0.990210157044807
   44   -0.203402616679970    0.925391054670994    0.319810524315018
   45    0.471749795967718   -0.880831145780806    0.039857529111688
   46    0.518259629597919    0.855199658248251   -0.006364028684853
   47    0.195795013366147   -0.898505191047239    0.392877505594447
   48   -0.037655220111039   -0.490869775959710   -0.870418834497309
   49    0.375889811414749    0.783143602036149    0.495371525488123
   50   -0.417146569778413   -0.622173753419399   -0.662486648830088
   51    0.469072071786334    0.461545009196027   -0.752959225958694
   52   -0.026408500632709   -0.801249061527178   -0.597747883723689
   53    0.567104368645714    0.723035895899939   -0.394476524400524
   54    0.289112939012075   -0.616105685567616    0.732685125212091
   55    0.346061072587480   -0.265055709701245   -0.899992891524356
   56    0.849326060882466    0.516688445525490   -0.108066149030711
   57    0.564854642011345   -0.706085284526690    0.427062998131539
   58    0.497521211218712    0.132492637970128    0.857273786646473
   59    0.661107776133925   -0.683618654162420   -0.309195802067910
   60    0.643903749495918    0.445152478524420    0.622275848999995
   61    0.805441722653710   -0.581589460414776    0.114093518409567
   62    0.365449594958822   -0.640191819786952   -0.675722596501185
   63    0.596047752647653    0.049459732204667   -0.801424239372584
   64    0.251479216008949    0.490376204543722    0.834439561581795
   65    0.737110300033987   -0.372946216750994    0.563541946082922
   66    0.716769536945055    0.641926236229849    0.272345622596272
   67    0.684631282092048   -0.382193488692754   -0.620651387480815
   68    0.806055270898490    0.024808635262153    0.591320075655470
   69    0.956797625431956   -0.188550634814760    0.221329984590251
   70    0.871472495595355   -0.038721575415841   -0.488913416688598
   71    0.792525043859834    0.360880037453752   -0.491599077930733
   72    0.924584408015910    0.265129624329719    0.273587197720674
   73    0.917270388790349   -0.341947861915134   -0.204173195057702
   74    0.988767485154483    0.101292313494630   -0.109903264410955
   
 U =    2387.07298195446     


 http://math-lab.ru/  - см. Задача Томсона
