    253
    1   -0.159325555119948    0.082625329745062    0.983762381050546
    2   -0.993496109835291    0.009035027495762   -0.113507039518678
    3   -0.939513578062919   -0.048885888129965    0.339005024412848
    4   -0.977244555493592   -0.207384473262810   -0.044550634200193
    5   -0.819872374080344    0.146899767623986   -0.553380292829334
    6   -0.861618561695551   -0.436919528707328    0.258292043191147
    7   -0.954494255461202   -0.232814866970688    0.186381206158203
    8   -0.946483283011593   -0.154354284125369   -0.283450436499473
    9   -0.993037142409698   -0.010131696672608    0.117365167393546
   10   -0.974809048288225    0.210994944859117    0.072308039797122
   11   -0.860202741214311   -0.085119044406174   -0.502798162572981
   12   -0.905888596556923   -0.372520915414278   -0.201479572679309
   13   -0.935567666319719    0.072405259697175   -0.345645222887948
   14   -0.560496928028856   -0.115268140365306    0.820095390480241
   15   -0.882926002732200    0.426231620178782   -0.196896621756470
   16   -0.770585794197462    0.525730083274114   -0.360285183322407
   17   -0.873842765608435    0.294655082380668   -0.386752121417639
   18   -0.804400514945343   -0.584043498892788   -0.108779607265044
   19   -0.723456709292409   -0.012467431862192   -0.690257164339900
   20   -0.738205366955937   -0.417123993120526    0.530151309119046
   21   -0.961869354696080    0.223120225273081   -0.158192002233475
   22   -0.906694712110480   -0.420783758171688    0.029081401097695
   23   -0.847067355436785   -0.310620910645180   -0.431267370923526
   24   -0.868147070507722   -0.276331526092614    0.412263934459695
   25   -0.737646010123996    0.386381466624178   -0.553703644558621
   26   -0.548099653332918   -0.349098680221699    0.760076891823323
   27   -0.664312242429348    0.232370089290802   -0.710417754677820
   28   -0.883294269827751    0.396642709666240    0.249931578153068
   29   -0.852623548717483    0.123225466216056    0.507787916997089
   30   -0.729058741739455   -0.576640013339290    0.368727061807709
   31   -0.905800587252618    0.422818456634640    0.027383368344918
   32   -0.938087387006683    0.178523377047222    0.296852586626139
   33   -0.564827713719635   -0.406433634140066   -0.718179194111016
   34   -0.789903433826756    0.595784557911286    0.145235415044518
   35   -0.709543328734440   -0.235476144048244    0.664153032239272
   36   -0.518866084465542    0.842239530603969   -0.146323475489763
   37   -0.786583316410688   -0.520523110040806   -0.332178232667058
   38   -0.789626385311261    0.605873542145610   -0.096991868464338
   39   -0.713342348163019    0.244019994454518    0.656960376753185
   40   -0.575478267315401   -0.179257272536217   -0.797929567123904
   41   -0.560003436096782    0.467869187241643   -0.683735749533138
   42   -0.655821175531944   -0.715425877442493   -0.240965556894630
   43   -0.835013625319226   -0.099614460531430    0.541136955663051
   44   -0.816973906834961    0.344122092373057    0.462745741300350
   45   -0.623863164057697   -0.635529085239040   -0.454859906286703
   46   -0.661721951196258    0.703686695172855   -0.258745230568068
   47   -0.572848837118343   -0.529738561620405    0.625476831021346
   48   -0.384957080243677   -0.096654049222411   -0.917859488777653
   49   -0.743381176178589    0.553561488928045    0.375438550070586
   50   -0.734025974332216   -0.239536337853218   -0.635474792461125
   51   -0.619331428226438    0.602377155298126   -0.503557687644561
   52   -0.698734944262340   -0.454393574161521   -0.552535933154960
   53   -0.422742485926547    0.670929872400731   -0.609214163421191
   54   -0.359340125509476   -0.454323952868488    0.815146870231853
   55   -0.556642172438320    0.059778433052336   -0.828598835869901
   56   -0.343531504421026    0.938684012825498   -0.029298968173761
   57   -0.468631353376791   -0.788584101866873   -0.398145411771948
   58   -0.714786681557939    0.015109186610056    0.699179313443534
   59   -0.469835709736153   -0.637026360381759   -0.611107046298351
   60   -0.492393021899609    0.862042307691594    0.120133974105259
   61   -0.782352069166904   -0.610513040061178    0.123284499372476
   62   -0.150040544979236    0.183858287976129   -0.971433973466453
   63   -0.349422276160675    0.530480500987410   -0.772330571060631
   64   -0.554523106901106    0.126636775667565    0.822476292035988
   65   -0.373929614714386   -0.005367251585118    0.927441553872789
   66   -0.659664913937087    0.472546011721145    0.584416348271345
   67   -0.386800956781375   -0.315859326000037   -0.866382078537994
   68   -0.362830429853159    0.224944167704134    0.904297628321819
   69   -0.369211545281813   -0.776275028947704    0.510959797110161
   70   -0.476361865783255    0.308517113661503   -0.823344741530224
   71   -0.363061481997337    0.133391357512941   -0.922167612763945
   72   -0.659384608142769    0.751713222564235    0.011797015152142
   73   -0.171386071125818   -0.471784670841229   -0.864896548139307
   74   -0.257705781649099    0.367059451615184   -0.893786937186144
   75    0.148581395966863   -0.978694188875870    0.141708339321087
   76   -0.544048276921335    0.353740755898872    0.760840949210162
   77    0.051240131360790    0.088463587098546   -0.994760595669022
   78   -0.375548643011158   -0.519073052709831   -0.767806214277388
   79   -0.104722536341757    0.536350106562412   -0.837473434547412
   80   -0.210687318159170   -0.663185219895549   -0.718189541889179
   81   -0.632747216455726    0.730188002534076    0.257791468095489
   82   -0.563765008903135   -0.686447950494655    0.459301889826436
   83   -0.377890414286314   -0.629669895043931    0.678759646757144
   84   -0.432041747234937    0.833465729327292    0.344492099594619
   85   -0.001731268209369    0.347273528515398   -0.937762282832303
   86   -0.291123713114286   -0.784854211926804   -0.547038252486338
   87   -0.169099378071905   -0.040191725264922   -0.984779176036904
   88   -0.147950442818964    0.302163443234439    0.941704794530845
   89   -0.495238695138656    0.769951303952872   -0.402384920665069
   90   -0.653553180899206   -0.756751994474367   -0.013952010449983
   91    0.142836479396466    0.496398685130703   -0.856262860081022
   92   -0.371993283926127   -0.236005473703991    0.897731815797797
   93   -0.164473722888786   -0.369538013396806    0.914543629978277
   94   -0.349895685693114    0.442289152556911    0.825804646792348
   95   -0.290409073702323   -0.902618924095099   -0.317713153295176
   96   -0.484075693996568   -0.858296076924507   -0.170289655639269
   97   -0.564061307265750    0.673733534997459    0.477407546510820
   98    0.041509997316278   -0.152833339918913   -0.987379810575461
   99   -0.439307107841548   -0.846729567941603    0.300097157222993
  100   -0.168067003443409   -0.142159807913154    0.975471204786512
  101   -0.474910204775078   -0.877453772373296    0.067343706078334
  102   -0.174908393942958   -0.261256122310156   -0.949290415143730
  103    0.040508637643804   -0.379640299928796   -0.924246878786299
  104   -0.215031243135010   -0.892736043522869    0.395959494230087
  105   -0.626356228989885   -0.746209727773217    0.225497043400112
  106    0.033090777896779   -0.487346445754206    0.872581481713272
  107   -0.102865492152068   -0.881662036057224   -0.460533109232922
  108    0.208644150678387    0.250833354215393   -0.945277867508147
  109   -0.271264914673061   -0.947408561032500    0.169800955679714
  110   -0.193131089896412    0.696276035545725   -0.691303163915913
  111   -0.172960903827699    0.969802821266873   -0.171950613868979
  112    0.206565965936430   -0.673284088020261   -0.709942982594712
  113   -0.172067578625338   -0.759602033637580    0.627214077392772
  114   -0.344394322867402    0.892082416781307   -0.292543179798001
  115   -0.469601804115034    0.576217962594178    0.668914796633861
  116   -0.293806550889557   -0.952926600295618   -0.074890620930907
  117   -0.164518366176094   -0.585819593070633    0.793567332723132
  118   -0.351090801224451    0.760915396931336    0.545658325335921
  119   -0.251250647709290    0.650671140103836    0.716589268313192
  120   -0.038924642667850   -0.961656438347136    0.271480693196924
  121   -0.273071617167794    0.941223096971721    0.198823976482535
  122    0.130170876566608    0.990628588000041    0.041358717713752
  123    0.028952349597623   -0.695834674779887    0.717618190144833
  124   -0.271331530633475    0.818381349376506   -0.506587768779295
  125    0.249111263837818   -0.256229894745920   -0.933964570670440
  126   -0.102598056362755    0.993901419631453    0.040417903027824
  127   -0.028449820250865   -0.763688204635594   -0.644958086877091
  128   -0.101032863280779    0.919448777296058   -0.380008297891074
  129    0.083837063581416   -0.934012978188806   -0.347262297615105
  130    0.155785411660236   -0.827485555567631   -0.539442824440903
  131    0.236295594889102   -0.479163817066502   -0.845320311036157
  132   -0.101724459050720   -0.971810640032619   -0.212688068189614
  133    0.039658751940524   -0.255662964524714    0.965952189274891
  134    0.063577064783128    0.200761540528082    0.977574938650922
  135    0.350609919563350    0.401123935924914   -0.846269621534347
  136   -0.027526288180923    0.821885198363505   -0.568987718821736
  137    0.244519994665015   -0.018422384056282   -0.969469230029867
  138    0.093189290409757   -0.991884701240540   -0.086489858352822
  139   -0.199810141434481    0.889230158161936    0.411516261155293
  140    0.048351175864023    0.679943871080215   -0.731668296411030
  141    0.263556074693475   -0.134362988865644    0.955240693603062
  142    0.206973813231891    0.794706313753025   -0.570616960418571
  143    0.402412473830555    0.138573968932315   -0.904909639709910
  144   -0.011773057475339   -0.864119456574618    0.503149043412456
  145   -0.090003747776305   -0.995097281929996    0.040996644762134
  146    0.266961252162453   -0.939853280005140   -0.213090360897521
  147    0.050115874721224    0.982886846763530   -0.177262081563351
  148    0.428163011111297    0.717415863861500   -0.549536999842562
  149    0.276806197232161    0.631103939495495   -0.724628281760474
  150    0.441320855593345   -0.337707061495687   -0.831378279145123
  151    0.232023091648011   -0.360245211701787    0.903542291421953
  152    0.538130663078514    0.282504712801473   -0.794107345829036
  153    0.176381072853105   -0.912238962163931    0.369742874237304
  154    0.056118319952541   -0.027290014432818    0.998051095524653
  155    0.017120996872008   -0.591391562204306   -0.806202760860852
  156    0.355024651558482    0.933678050445937    0.046933941889131
  157    0.441065384450137   -0.105258737915882   -0.891281058214640
  158    0.276046728088009    0.093780312975989    0.956558130387291
  159   -0.031421207388103    0.967595095432063    0.250544285550658
  160    0.334008611802100   -0.942557470296197    0.004864404471970
  161    0.068530416692829    0.428135121959139    0.901112589709488
  162    0.186787346833006   -0.789928380489652    0.584057908738578
  163   -0.137025764441599    0.506966667519121    0.851004546347287
  164    0.390685186099246   -0.718345367759937   -0.575625762088909
  165   -0.105196289355846    0.791446679163805    0.602117841245670
  166    0.266259364857939    0.322199404425439    0.908456655219906
  167    0.005897065309073    0.650507242401367    0.759477157131213
  168    0.405054864755060   -0.451096290582307    0.795262656712324
  169    0.042595088321730    0.891903096256766    0.450216087383002
  170    0.380926804725802   -0.813013894567315    0.440344384183422
  171    0.453564882088442   -0.232604100314878    0.860333790021527
  172    0.218071066787923   -0.587219629325858    0.779498631662929
  173    0.219025239140961    0.565395384180344    0.795208151471554
  174    0.651472315148240   -0.111273047601911    0.750467941668913
  175    0.143798742212970    0.764867005385202    0.627933424664622
  176    0.336666190393819   -0.851387564193250   -0.402237606127021
  177    0.371698298163825   -0.674999514829589    0.637350790477219
  178    0.202313048133341    0.945842893182680    0.253871329556557
  179    0.271339931495904    0.848564530733813    0.454216775071443
  180    0.357437938561004    0.855382246057676   -0.374912434051720
  181    0.474902673989782    0.532286819833775   -0.700812522482726
  182    0.590728038781848   -0.596142976104440   -0.543740688415252
  183    0.132639781216245    0.912745949289849   -0.386395549267690
  184    0.618189040440739   -0.181453429316126   -0.764798642302911
  185    0.270523829831683    0.946990530260633   -0.173279522996466
  186    0.612515663172454   -0.405546931494092   -0.678495577527322
  187    0.649707841527412    0.407364746258353   -0.641820601230328
  188    0.544619660194391   -0.750334836786943   -0.374682610263217
  189    0.600596846724629    0.051749844801878   -0.797875542467254
  190    0.566486950407059    0.750007164266439   -0.341440754110468
  191    0.616463548791865   -0.328586267080393    0.715544378845304
  192    0.481979292331292    0.861902238629318   -0.157545208780200
  193    0.424321331754153    0.867873094998472    0.258355759363239
  194    0.622324770462331    0.596912382432800   -0.506366949718685
  195    0.718410518443968   -0.616736938375727   -0.321748155910805
  196    0.470738124249238    0.750669514231451    0.463574048865796
  197    0.747036254378919    0.590957821407884   -0.304476087665948
  198    0.424000199016088   -0.545582710255713   -0.722885424880284
  199    0.765744359795803   -0.239820387432525   -0.596759379660369
  200    0.416333806415059    0.449378660708583    0.790395458574825
  201    0.621544166549376    0.739124062397171    0.259573630043471
  202    0.768894878627969   -0.019630977773829   -0.639073775343133
  203    0.729967703469739    0.198575031076215   -0.653999318749030
  204    0.546548450433025   -0.533531322549840    0.645468139560333
  205    0.783480304094553    0.411600043083144   -0.465557748974132
  206    0.565459196019161    0.822914319459797    0.055388811734711
  207    0.679458460569294    0.722845259049107   -0.125821030956811
  208    0.752171717920425    0.652895092605056    0.089250797267437
  209    0.353172558935990    0.675309924185085    0.647476370157043
  210    0.789176841304845    0.539196905973450    0.294052052767476
  211    0.880706814637780   -0.244635873238057   -0.405596839454685
  212    0.543663633792943    0.549033450279140    0.634816606403484
  213    0.476240089728588   -0.007269788706134    0.879285236488976
  214    0.717852513917503   -0.464382673539276    0.518687286116438
  215    0.647919920325233    0.615415838391135    0.448846435546814
  216    0.369566389721957   -0.901161549459110    0.226558039725660
  217    0.470315577858786    0.220628011546084    0.854474421937004
  218    0.566577105111245   -0.675761463478022    0.471526063374871
  219    0.620073290105573    0.337414135700376    0.708280181797584
  220    0.740053128800070    0.422675194232583    0.523131959197366
  221    0.839198066979173    0.536780473452810   -0.087254384979760
  222    0.792160136473468    0.209941261461125    0.573068045626738
  223    0.756310790102255   -0.443770078071642   -0.480689199569942
  224    0.656103517982557    0.112858907616923    0.746184320836633
  225    0.890468175613937    0.437362038279912    0.125621955447396
  226    0.567505134313086   -0.778433657140171    0.268288956089633
  227    0.479966355973823   -0.858232593031408   -0.181849150099185
  228    0.731115833410532   -0.598766676336713    0.327029211914028
  229    0.665106318768400   -0.734988571688318   -0.132005243160695
  230    0.816492053920968   -0.572685119985729   -0.073297197974070
  231    0.874456297173720    0.327457532785097    0.357907458088713
  232    0.782729930826138   -0.243760855625425    0.572638193498888
  233    0.880315163866985    0.392757056163137   -0.266058465567081
  234    0.860930194726276    0.197884614957631   -0.468658595324622
  235    0.806485127186051   -0.016501243941345    0.591024067679217
  236    0.541042239065949   -0.839639366323059    0.047739187960377
  237    0.853226315172983   -0.369355186646150    0.368214069793539
  238    0.717853603569376   -0.688300632761908    0.104539192564406
  239    0.893263786803678   -0.023010212527192   -0.448943579199666
  240    0.852463076475795   -0.495517142985530    0.166641724225599
  241    0.949451314301939    0.177873175532816   -0.258656790353922
  242    0.855546595303812   -0.447014598478126   -0.261185704071826
  243    0.948025495172285    0.313412696674587   -0.054955819223332
  244    0.946517866633567   -0.255966608745221    0.196430708777707
  245    0.948440688976311   -0.252508123690029   -0.191572197786321
  246    0.971888113643280   -0.037585203873280   -0.232423852064954
  247    0.960780819797021    0.214612385715231    0.175618165939009
  248    0.911181857298947    0.101601145160417    0.399280390491861
  249    0.905747007754265   -0.134550553223304    0.401893650822577
  250    0.995442582293679    0.091902613666304   -0.025455352242599
  251    0.925992441563220   -0.377456092900887   -0.008055811553333
  252    0.991031888225265   -0.133567824499395    0.003928457606427
  253    0.978451186745413   -0.014481351098854    0.205969817271476
   
 U =    29783.0787994028     


 http://math-lab.ru/  - см. Задача Томсона
