    172
    1   -0.151849991456679    0.018889619348150    0.988223032708451
    2   -0.989678931718732   -0.133087129537398    0.053135939471934
    3   -0.857925198643431    0.084653466378674    0.506752547268096
    4   -0.911671524888735   -0.393029806768356    0.119927485167820
    5   -0.939143514679557    0.177329093656542   -0.294217353971986
    6   -0.835358396633010   -0.387059187801472    0.390335156388957
    7   -0.931977591755028   -0.145891199371848    0.331863716625277
    8   -0.921972497674415   -0.353247150589369   -0.158692041805793
    9   -0.966192804397195    0.109651459917350    0.233340999545895
   10   -0.913074197023665    0.398668640520241    0.085783598638273
   11   -0.871010855666208   -0.235232864612064   -0.431283652273097
   12   -0.795679228828098   -0.598930648345514   -0.090424793524478
   13   -0.971342345796192   -0.085185502141144   -0.221895194828803
   14   -0.422185530300599    0.041077953352979    0.905578257111517
   15   -0.762063511817996    0.643493531461756   -0.071939411468966
   16   -0.720261492917804    0.594536336788049   -0.357421216575714
   17   -0.884883632920992    0.425698727676403   -0.189107243233141
   18   -0.594901945248157   -0.803310973495954    0.027984913809779
   19   -0.859116901461045    0.035113967756935   -0.510573362889545
   20   -0.656712444835387   -0.409479991053452    0.633288955947594
   21   -0.987712159866080    0.153366350635657   -0.030057474035313
   22   -0.760454062605722   -0.624473676012270    0.178163539014510
   23   -0.782050175290939   -0.509538784440733   -0.358842236195898
   24   -0.787041995208912   -0.167345772279861    0.593767875754180
   25   -0.812331882797943    0.340514204281472   -0.473462763976752
   26   -0.427097167926205   -0.462770625992760    0.776808442840115
   27   -0.694177804846707    0.195882231270402   -0.692637947798658
   28   -0.768977611264442    0.606629405949970    0.201678450040701
   29   -0.719401319553712    0.299439054417413    0.626735984377778
   30   -0.672016949597866   -0.600318897857229    0.433601707017697
   31   -0.586341107127502    0.804047907527129    0.098544753760617
   32   -0.872654822487701    0.334117046293603    0.356145139184851
   33   -0.497784182102465   -0.486687224535694   -0.717876349744385
   34   -0.366233678454211    0.888378092876468    0.276870469467342
   35   -0.566031721528928   -0.197214719932954    0.800446403243068
   36   -0.091976623770887    0.986117648873984   -0.138247181739648
   37   -0.614183208895535   -0.749262402737056   -0.247759637058738
   38   -0.566155386657548    0.799255190286679   -0.201641312628258
   39   -0.532935469613038    0.533157874060356    0.657055908242040
   40   -0.714028802981072   -0.099549482014637   -0.693002719434805
   41   -0.627478204876997    0.479115061518842   -0.613775089287711
   42   -0.388286778174458   -0.910429328752561   -0.142659788455124
   43   -0.665827241648187    0.055287036314655    0.744054721035160
   44   -0.715875005032199    0.526278812421121    0.458861186816628
   45   -0.379722250747851   -0.828710576533904   -0.411156652175093
   46   -0.316194036418636    0.899138596220683   -0.302607197732623
   47   -0.459623829583468   -0.666422658527379    0.587049210441789
   48   -0.513033072747026   -0.232474586609725   -0.826288468301708
   49   -0.558771097338017    0.734584336423399    0.384916501933943
   50   -0.709070599894588   -0.367798544187262   -0.601617083582954
   51   -0.501737051031344    0.724356827706060   -0.472828846177964
   52   -0.580135458290978   -0.641572597973987   -0.501824124133571
   53   -0.240608056704715    0.799890695262665   -0.549802363291566
   54   -0.174308721193500   -0.487645834998974    0.855463622443432
   55   -0.509648824666258    0.048221890557967   -0.859030107031946
   56    0.137896060247563    0.989572979212870    0.041593213147879
   57   -0.131742204399018   -0.945632945197112   -0.297358915349654
   58   -0.497543934799743    0.297226798449767    0.814927152098450
   59   -0.120066062697503   -0.827383140117463   -0.548654062262994
   60   -0.148369274387832    0.979292040158234    0.137744903718259
   61   -0.526275732005640   -0.793419790894707    0.305808582807165
   62   -0.280328799083450   -0.133236650874097   -0.950612307551446
   63   -0.399848866301486    0.583760262416710   -0.706643361350399
   64   -0.296221229698862    0.532317495269605    0.793026523708752
   65   -0.238505808661518    0.284020509699819    0.928680423668212
   66   -0.356365979016901    0.734354401912800    0.577691008576921
   67   -0.277655377805390   -0.417380812634437   -0.865274955387224
   68    0.043211681645207    0.226181284395852    0.973126290446639
   69    0.054170682881523   -0.678791884721397    0.732329921792442
   70   -0.471255490148490    0.325567588460444   -0.819709709805220
   71   -0.256378057656788    0.142323806277632   -0.956040912157414
   72   -0.370017502532228    0.928621837005274   -0.027359306584099
   73   -0.088160388724806   -0.601565346269913   -0.793943877126747
   74   -0.210245362460199    0.405069868990716   -0.889783843863117
   75    0.799740966609404   -0.568488568293875   -0.192964074495322
   76   -0.086310424283101    0.715370466138389    0.693394265073641
   77   -0.010136164290932   -0.025467544859598   -0.999624260576088
   78   -0.320216505392058   -0.681079306362561   -0.658477310253885
   79   -0.141513215006820    0.637737154072229   -0.757142874426147
   80    0.112284649353431   -0.739399440494307   -0.663837800156246
   81   -0.155205369097310    0.874175376234458    0.460139875460399
   82   -0.284012467198540   -0.850865801695343    0.442000346132376
   83   -0.207637790977702   -0.707165336829005    0.675872572416887
   84    0.059341040647047    0.948564968891443    0.310971285952419
   85    0.021180991199789    0.249442941786002   -0.968157830317423
   86    0.138658393414561   -0.894388257148831   -0.425256975733460
   87   -0.044919482517971   -0.302492402724030   -0.952092740432654
   88    0.230799965439315    0.420354287578671    0.877515611751403
   89   -0.026921093364518    0.917519083691129   -0.396779517861810
   90   -0.346991645622663   -0.926430715740989    0.146023719989993
   91    0.076813267877905    0.512869550333991   -0.855023126130590
   92   -0.314846358005939   -0.228918080400723    0.921123381158053
   93   -0.040261080346248   -0.237119143661395    0.970645948386249
   94   -0.034533826082352    0.493207555679747    0.869225932583999
   95    0.134903772962013   -0.976699612252530   -0.166909674573916
   96   -0.134297674121322   -0.990622001582417   -0.025143283525606
   97    0.139020427675034    0.829226731973431    0.541346790578567
   98    0.227808424387308   -0.204085471903435   -0.952077960009644
   99    0.010051681870568   -0.859166329387790    0.511597676048166
  100    0.151893520765762   -0.040859883076809    0.987551937016140
  101    0.116919148821299   -0.987431955769346    0.106339293605081
  102    0.148877318650411   -0.474093405923112   -0.867796627356714
  103    0.431310040550845   -0.364780545770557   -0.825170771626918
  104    0.274125138099787   -0.760290785655301    0.588908592151123
  105   -0.090063313015847   -0.957043691813804    0.275601109591407
  106    0.292757549607585   -0.272480742898728    0.916540922107202
  107    0.383091751792095   -0.774999151883723   -0.502610211086458
  108    0.263223373520580    0.071901505909545   -0.962051780872727
  109    0.239556072484644   -0.912600974140254    0.331319106201244
  110    0.053717240902089    0.772678800044569   -0.632520300062814
  111    0.418039155649366    0.908423218130933   -0.003243625225797
  112    0.961276908469592   -0.003163299192101   -0.275566142298660
  113    0.332927911376169   -0.543689763701872    0.770428742112147
  114    0.205238670463934    0.954261364445870   -0.217399025922620
  115    0.197171672503365    0.650156741842847    0.733770769790211
  116    0.371108967836760   -0.927867224398080    0.036613493126690
  117    0.097056947423405   -0.455363038102408    0.884999690670565
  118    0.406932873780851    0.773804338282818    0.485419903064500
  119    0.460909812422852    0.585854622031003    0.666585708410586
  120    0.469417812511019   -0.784918069341716    0.404413824835704
  121    0.323463930664447    0.909163575878330    0.262283582893086
  122    0.658774794615625    0.751505458685929   -0.035430432461269
  123    0.538670718039654   -0.345786111585828    0.768287591049730
  124    0.256042881703501    0.847034057114148   -0.465806127930617
  125    0.667812380594268   -0.281749613372655   -0.688943959759701
  126    0.572764012066959    0.786231056895956    0.231909705819376
  127    0.336247610701690   -0.606223166937394   -0.720715627807391
  128    0.474954452488270    0.839157943307937   -0.265013611432998
  129    0.616754676813361   -0.692954813128737   -0.373399645943275
  130    0.573456316270161   -0.543770849311739   -0.612748820291517
  131    0.712471777865900   -0.004997296657665   -0.701682971697846
  132    0.393970270931934   -0.885409278441211   -0.246653269331733
  133    0.474809690498092   -0.079010021523554    0.876534753622441
  134    0.335063014338690    0.151961395428085    0.929860479169762
  135    0.286710693575287    0.346118100155386   -0.893308031383578
  136    0.690544954652438    0.658866465184471   -0.298400145206704
  137    0.491829619332826   -0.098207806708614   -0.865135164149748
  138    0.613866629664801   -0.781861829069260   -0.108902898163686
  139    0.654061583825526    0.613286855594693    0.442812237091997
  140    0.281826315490650    0.638705230186397   -0.715981533860690
  141    0.706753382919754   -0.128332176778072    0.695723011071853
  142    0.479464581848395    0.704155775046400   -0.523715914615689
  143    0.511762145163480    0.176934549065186   -0.840710218877333
  144    0.543151558300779   -0.588514719965650    0.598862930142773
  145    0.566489951492664   -0.807345476213420    0.165173898953692
  146    0.771138222770814   -0.441553359515077   -0.458668150281682
  147    0.843735769215364    0.527594953091612   -0.098759896814534
  148    0.668112866789136    0.513983567211917   -0.538001942251991
  149    0.487286935796938    0.459191437119008   -0.742761513729818
  150    0.865736723685631    0.141203327139541   -0.480168247249641
  151    0.738325207899175   -0.382752639462101    0.555316400230927
  152    0.703732352040646    0.271353858843082   -0.656603274422470
  153    0.772175218893566   -0.628759609532409    0.091688520259219
  154    0.626034206017297    0.129236654047262    0.769011742528657
  155    0.851188187879347   -0.155220490171303   -0.501383354575772
  156    0.926260546759157    0.359159632353882    0.114218028370534
  157    0.839971686670445    0.399180952690455   -0.367562420006655
  158    0.870391652558135   -0.135692359630856    0.473292673400856
  159    0.781914116801613    0.596624033434485    0.180693322164159
  160    0.912405576788149   -0.310199365965302   -0.267006398426347
  161    0.482046022510134    0.354438850182801    0.801251978882581
  162    0.701754294984061   -0.612642041843763    0.363607807997749
  163    0.688790999786292    0.387583505202617    0.612654866224250
  164    0.950667704782345    0.258535440996406   -0.171436112976997
  165    0.839509617910354    0.387576066243870    0.380799677403932
  166    0.815442454284506    0.133737383271068    0.563176629545535
  167    0.939414196485825    0.125785310129612    0.318871483824579
  168    0.866411397967048   -0.397886092887816    0.301691807245827
  169    0.994161773180093    0.097759917952185    0.045665820800621
  170    0.913255701204901   -0.406665608316140    0.024230295697907
  171    0.964047042949455   -0.148987149983568    0.220036651765532
  172    0.986425153772323   -0.155416136149736   -0.053021133800933
   
 U =    13547.1692954525     


 http://math-lab.ru/  - см. Задача Томсона
