    270
    1    0.020721872969947   -0.001170964937109    0.999784593210824
    2   -0.992620839495090   -0.055295027633495   -0.107918158430702
    3   -0.942870460287358   -0.081410620040641    0.323059756178488
    4   -0.961365787130082   -0.273343849564171   -0.032541715400340
    5   -0.874413506187586    0.050152027618322   -0.482582422309913
    6   -0.827455762808892   -0.471730758312326    0.304609671967968
    7   -0.941060099138816   -0.285202337798414    0.181839259576037
    8   -0.932328530243947   -0.262089301128640   -0.249143954225388
    9   -0.991770770907021   -0.069967306701959    0.107216201981633
   10   -0.989533547311158    0.144300006073682    0.000931124551613
   11   -0.863132933772614   -0.198733210773261   -0.464226937577766
   12   -0.875524335197532   -0.460535536932714   -0.146164830581834
   13   -0.947584490739669   -0.048828003860037   -0.315752211312424
   14   -0.564260808728498   -0.074704035128958    0.822209855735452
   15   -0.894084757106372    0.353622594288352   -0.274888173479355
   16   -0.771594291198821    0.492370326819118   -0.402757633146070
   17   -0.848287108805278    0.262485255397667   -0.459902676371429
   18   -0.766115041924698   -0.641791149679589   -0.034232480623960
   19   -0.767488779734735   -0.089620119427767   -0.634767049534742
   20   -0.753830655650554   -0.377114809393798    0.538074124203474
   21   -0.959174728236738    0.153814584493279   -0.237328705194166
   22   -0.875541773513355   -0.476742502989189    0.078378496264546
   23   -0.827794998714980   -0.414927874755623   -0.377611306574959
   24   -0.876925363496147   -0.279276148136715    0.391160759712767
   25   -0.705843027307987    0.393593498566647   -0.588956516804733
   26   -0.502434067490949   -0.297906953020615    0.811672012063046
   27   -0.753697083707960    0.154259644496123   -0.638862010210378
   28   -0.930538141475623    0.330559767263609    0.157572229551158
   29   -0.882331436571010    0.072070003215815    0.465077574900156
   30   -0.688045579480096   -0.571563619338247    0.447111070771977
   31   -0.935812929206943    0.346781098110771   -0.063222080970245
   32   -0.964244776869473    0.125520222913387    0.233402407699049
   33   -0.575203552425943   -0.440190629882604   -0.689473047073003
   34   -0.848168730241634    0.526833618778207    0.055282394714357
   35   -0.681966498680386   -0.226255594397150    0.695507081690480
   36   -0.555469307219327    0.812486099497121   -0.176975102376678
   37   -0.752429901331080   -0.603699384744386   -0.263431768095936
   38   -0.825054731546652    0.538405156271946   -0.171477630180333
   39   -0.778043724986879    0.211147276822997    0.591662732896686
   40   -0.622251153464113   -0.217722430121845   -0.751931144077979
   41   -0.529084612158811    0.505875039258044   -0.681292828255541
   42   -0.620076804402350   -0.771382791275564   -0.143085100433584
   43   -0.827641348561745   -0.133830937079302    0.545067957626728
   44   -0.880398526191559    0.282782409649493    0.380700070754600
   45   -0.596717832183733   -0.714296156729575   -0.365662179115238
   46   -0.680200657588525    0.670937559033788   -0.295245418751792
   47   -0.596446803741998   -0.452845424756772    0.662708255254764
   48   -0.469883729045507   -0.097663335220096   -0.877309041405579
   49   -0.824820033076708    0.489762216261742    0.282497583277671
   50   -0.738596054016781   -0.331433610356394   -0.587049939031567
   51   -0.608093951380929    0.611330187540864   -0.506455474938500
   52   -0.685302452466306   -0.537712093637479   -0.491147893204955
   53   -0.408083891754746    0.704187242921487   -0.581023118470286
   54   -0.296710694764060   -0.357274593837731    0.885617088933312
   55   -0.631031131254780    0.023303262671555   -0.775407421512184
   56   -0.403600679942257    0.913052775714497   -0.058661059572776
   57   -0.440105053073798   -0.866265684452294   -0.236413422206330
   58   -0.735059941258650    0.007620286148575    0.677959301135285
   59   -0.414256498394875   -0.792792416999914   -0.447070170202678
   60   -0.572852999183855    0.817118060123381    0.064478811607108
   61   -0.743507095669137   -0.638884126727397    0.197545618289590
   62   -0.259250332102343    0.239339165803056   -0.935684791485638
   63   -0.323138644757619    0.589391638658700   -0.740404560050397
   64   -0.604808560840128    0.147801445459454    0.782535198859827
   65   -0.408691032630994    0.074902023734064    0.909594044993454
   66   -0.755145033349935    0.427540957367430    0.496955439028760
   67   -0.436006264712441   -0.321525969333463   -0.840547195686049
   68   -0.442060500028076    0.283184812755838    0.851110378352520
   69   -0.316382526150583   -0.684309906822325    0.656979488699150
   70   -0.606130650461451    0.272679536637889   -0.747162301558453
   71   -0.466703527291637    0.143715711167203   -0.872658932216504
   72   -0.716821521742708    0.694813685939872   -0.058316788295633
   73   -0.377583784320906   -0.524271694320661   -0.763262521254677
   74   -0.426153590423606    0.371044221181587   -0.825057151533649
   75    0.139301198421376   -0.941189413671825    0.307827327751216
   76   -0.640710703914739    0.346276391386841    0.685260866135800
   77   -0.056471748963762    0.176980779647119   -0.982592868488507
   78   -0.510088337884608   -0.631924218584227   -0.583508071513010
   79   -0.080741443341718    0.599026444155604   -0.796648064410747
   80   -0.305390079510103   -0.697524285499232   -0.648225863781753
   81   -0.719319850520508    0.673038288516304    0.172041898496263
   82   -0.517522470434416   -0.640335024685365    0.567575148114020
   83   -0.407181266346880   -0.509200131288106    0.758233897047821
   84   -0.548763856793537    0.781743468680906    0.296201584485680
   85   -0.223503624278635    0.444185282834874   -0.867609108093742
   86   -0.232126417038433   -0.920521432949428   -0.314257248116301
   87   -0.292742753962641    0.024656737824080   -0.955873278882846
   88   -0.236351003704635    0.257941850794664    0.936805318439448
   89   -0.490065748621743    0.778850865843695   -0.391442065703644
   90   -0.616233851551875   -0.782454002994841    0.089563236871446
   91    0.133632999798431    0.541324659536967   -0.830126396605998
   92   -0.362780808152706   -0.141522381283805    0.921065416152312
   93   -0.148857501353471   -0.180935802457486    0.972164430371667
   94   -0.473623984082182    0.469547463315678    0.745121132028836
   95   -0.248694748734387   -0.962658826583655   -0.106952819282709
   96   -0.451417498655020   -0.892200596041494   -0.014154092385144
   97   -0.676220373198549    0.624726778245301    0.390438803674098
   98   -0.091716989150709   -0.040954664416158   -0.994942565861813
   99   -0.411974185208676   -0.794013538425882    0.447012048515539
  100   -0.197799320294315    0.039836533299131    0.979432733527839
  101   -0.447066317039214   -0.866937356656286    0.220343658412955
  102   -0.268091371204288   -0.201088550144189   -0.942173238681036
  103   -0.217456073062139   -0.415771833496767   -0.883089258659129
  104   -0.203630070859908   -0.821213209717336    0.533051271856038
  105   -0.592382652363937   -0.733858378312644    0.332467552941041
  106    0.043417848658231   -0.595137345783961    0.802450266416002
  107   -0.025433816935091   -0.973647685882242   -0.226634738582301
  108   -0.025501252211441    0.389386555032501   -0.920721345954122
  109   -0.248346440585469   -0.910985451493676    0.329286429443110
  110   -0.171317596314311    0.740608649289279   -0.649730028389481
  111   -0.174035409442819    0.974261949559375   -0.143266639176172
  112   -0.053926800197796   -0.766066797602735   -0.640494778925728
  113   -0.186837571159128   -0.564685300717817    0.803879489200083
  114   -0.340298803611913    0.898837636595878   -0.276202149338194
  115   -0.588656046758184    0.561862297005150    0.581201185321506
  116   -0.263628768825374   -0.958405898037565    0.109352671912603
  117   -0.085284695820263   -0.397660294863016    0.913560512800496
  118   -0.467659899830257    0.730889447323447    0.497086344493570
  119   -0.364057712748135    0.641025958474125    0.675683137536320
  120   -0.031481600970755   -0.900420384484460    0.433880213889934
  121   -0.397185464966400    0.898137992397444    0.188658031983042
  122   -0.016501808091359    0.997796700713437    0.064260675183941
  123    0.219855237261112   -0.678890181951402    0.700551065589692
  124   -0.259007834253613    0.841493960409230   -0.474133795874163
  125   -0.053404377742976   -0.272174748765580   -0.960764736328452
  126   -0.231990730779066    0.970563100733027    0.064711423474432
  127   -0.209402257437546   -0.834913899882632   -0.508988678030105
  128   -0.097952226215492    0.934447200368677   -0.342364996900340
  129    0.178715409629269   -0.975644670675528   -0.127193863623536
  130   -0.010861091766077   -0.899864944421176   -0.436033391482260
  131    0.007194044602850   -0.488334709632696   -0.872626757033156
  132   -0.043871936928637   -0.998990396722324   -0.009666457815705
  133    0.129092207207895   -0.421603310064633    0.897544344854748
  134   -0.022874714002298    0.221429376651453    0.974908087265185
  135    0.175844451114980    0.327230464368871   -0.928438986795042
  136   -0.013158358091392    0.850236775283309   -0.526235958072212
  137    0.110980676954453   -0.103943723940246   -0.988371889319079
  138    0.160144011808656   -0.982797650764407    0.091992788487972
  139   -0.320831626128426    0.860998985699812    0.394648976053006
  140    0.072875673133089    0.722001252122302   -0.688043115072906
  141    0.243493890701813   -0.073662650157894    0.967101100796917
  142    0.219555495071577    0.815025459412673   -0.536217199549806
  143    0.148817119845332    0.114210384437829   -0.982247144524994
  144   -0.072302115569295   -0.729474513088033    0.680175961674023
  145   -0.060236500967313   -0.975877921943270    0.209842429968058
  146    0.381384455753003   -0.896982679040406   -0.223535165939238
  147    0.049471385368684    0.987382163391405   -0.150429536482073
  148    0.430925645511260    0.727298657708937   -0.534172023355288
  149    0.290479495654141    0.655252077810879   -0.697328026920646
  150    0.159562197133783   -0.340278409079372   -0.926687924578847
  151    0.304839814710703   -0.506695015397763    0.806432172434982
  152    0.373443031793629    0.245151568090712   -0.894673689491005
  153    0.103115549245276   -0.809868859505638    0.577476937987036
  154    0.071687260300202   -0.219227710844545    0.973036560211646
  155   -0.147593182427553   -0.610290553796029   -0.778306939740514
  156    0.196804538886444    0.978188881991093    0.066441588050782
  157    0.306316904254185   -0.176924739439827   -0.935343568290434
  158    0.192366696706695    0.154934015302819    0.969015224287163
  159   -0.157528772200475    0.950751635181839    0.266938221557106
  160    0.369446562106596   -0.929244907380239    0.003624893861624
  161   -0.069585902094055    0.437296428406159    0.896621233260162
  162    0.390190951257271   -0.723416033990795    0.569579022894957
  163   -0.276102339110224    0.465085189458256    0.841108355019995
  164    0.158502815090289   -0.814129929179444   -0.558631646098507
  165   -0.228246599314319    0.780838598885204    0.581544987419236
  166    0.140566229378672    0.383593440384612    0.912741588650457
  167   -0.151933150781389    0.633762573937349    0.758459832535610
  168    0.489983654711986   -0.361337566814317    0.793316570433137
  169   -0.075186222747860    0.885976053602523    0.457595306304391
  170    0.595838027698667   -0.630741805842114    0.497133602878735
  171    0.303058235163910   -0.285161357751913    0.909306717309633
  172    0.473785257164805   -0.559185022806252    0.680323188170484
  173    0.061840695909533    0.598344339421850    0.798849034430946
  174    0.468086000790114   -0.144340288368293    0.871814990131551
  175   -0.004631473593550    0.766795444427686    0.641874828808000
  176    0.189736652161810   -0.919541941936789   -0.344154935814593
  177    0.649843047135031   -0.434234951615260    0.623814091605785
  178    0.069318034839461    0.958808196259406    0.275466609286460
  179    0.144676795666439    0.866883487371718    0.477055179321994
  180    0.351255504484149    0.867215067003920   -0.352927185310189
  181    0.341966149621795    0.460202537084159   -0.819312380825621
  182    0.363018552011569   -0.816576733580876   -0.448798361260165
  183    0.132806525645857    0.925937777466901   -0.353555736773613
  184    0.245836346984192   -0.522576401614388   -0.816381280393681
  185    0.264390001498643    0.952665190499016   -0.150089846155632
  186    0.314412611275942   -0.690587256841742   -0.651332442427399
  187    0.539406627873111    0.333259607991121   -0.773290710850818
  188    0.547837942083850   -0.774906751913205   -0.315266736356151
  189    0.347447671884538    0.033771879582447   -0.937091017698646
  190    0.548811701971992    0.761707022143529   -0.344395308034013
  191    0.651251499917315   -0.224525355467473    0.724886093539980
  192    0.465115839350545    0.873278763602662   -0.145091202441236
  193    0.283705486222093    0.917071327789678    0.280163125399403
  194    0.493928735383348    0.543324060295905   -0.678847088721885
  195    0.513448674856173   -0.673294099845697   -0.532020218978013
  196    0.352266324361360    0.805072583492834    0.477248962313289
  197    0.620949226179339    0.595573679603987   -0.509621477834527
  198    0.099176113088946   -0.661037311416762   -0.743769972173835
  199    0.395166230835032   -0.356826795111010   -0.846474032855373
  200    0.267406226030740    0.536483459986556    0.800424517016345
  201    0.485124329262982    0.829693778407932    0.276156874309351
  202    0.506680249658884   -0.131905281007908   -0.851983639190235
  203    0.543959002168565    0.099025214661732   -0.833248228813586
  204    0.791992369596818   -0.285452900316253    0.539689473865718
  205    0.680214393335871    0.397792446909969   -0.615686241749881
  206    0.401505904504597    0.913312622146360    0.068213362885041
  207    0.643069797904188    0.754193667388174   -0.132865146276376
  208    0.592162631060288    0.802175991457116    0.076531673871346
  209    0.209207766696905    0.724718147040601    0.656517873103034
  210    0.739956172421140    0.525302181175533    0.420145785826876
  211    0.587288100559389   -0.315966488706927   -0.745156268815851
  212    0.411116839879309    0.644354882384161    0.644817593987125
  213    0.402034829649658    0.068286279328953    0.913074465640114
  214    0.883278126360223   -0.325641912157325    0.337308607272473
  215    0.546373486475274    0.700111090694912    0.459696066942970
  216    0.274385743722587   -0.851427623885848    0.446971436364675
  217    0.344469104244413    0.303804075602620    0.888281554389310
  218    0.758209069981579   -0.494167397276447    0.425344083850582
  219    0.461556530255135    0.447765121713971    0.765814576222804
  220    0.604304313386528    0.534078897013134    0.591249548488345
  221    0.721922271497517    0.614103239164196   -0.318912912193764
  222    0.639550265005809    0.343273951950567    0.687850603287690
  223    0.455256245094513   -0.530242127231847   -0.715251730379655
  224    0.537911278309954    0.205195285128368    0.817646837961255
  225    0.841270108150739    0.486939596104112    0.234849813451082
  226    0.489147892192100   -0.790963701768048    0.367574158571317
  227    0.553383970912646   -0.828965936749761   -0.081127408719509
  228    0.673714399287030   -0.680518237131746    0.288103865167438
  229    0.703370994184691   -0.691757329732392   -0.163526882502998
  230    0.683395176666019   -0.613291096385129   -0.396036694770000
  231    0.781485189967946    0.334212010152827    0.526861680263776
  232    0.781419996199676   -0.072315632567413    0.619800967106113
  233    0.793909383263274    0.430824077651136   -0.429067017239237
  234    0.696940986878043    0.176862553883432   -0.694976904539489
  235    0.615410760963608   -0.007175376952569    0.788173908002404
  236    0.349428445153027   -0.909167966144331    0.226524548459804
  237    0.821213258775310   -0.530031149464909    0.211366421667546
  238    0.543210234521313   -0.826865199203017    0.145659134482717
  239    0.675962860232848   -0.067633199529041   -0.733825566403414
  240    0.709447307455959   -0.701753138838641    0.065015767884456
  241    0.825254386571702    0.226042003019961   -0.517552132944004
  242    0.634565515274387   -0.486253487499857   -0.600736342099243
  243    0.670169223417881    0.687066729963780    0.280735677391300
  244    0.840396409111242   -0.541838564873048   -0.012035163864475
  245    0.746231221891749   -0.247990989798648   -0.617769724454537
  246    0.811743227074388    0.006624199104275   -0.583976928726714
  247    0.888423071024534    0.299147007164684    0.348160185799223
  248    0.730705692567463    0.141208334872606    0.667929185626747
  249    0.898175812406076   -0.109531956257080    0.425773367611435
  250    0.757090066566057    0.646766907736798    0.092234473834806
  251    0.781272615368838   -0.415632597715807   -0.465685134174096
  252    0.818144381449203   -0.523618731527848   -0.237619854171044
  253    0.928723895190199   -0.349534180077221    0.123684208614074
  254    0.892504348207832    0.450413783294550    0.023736306545110
  255    0.792548495491609    0.599413686609047   -0.112116522420820
  256    0.864308931878854    0.111213290432148    0.490511645433306
  257    0.921632019322552    0.036896406572593   -0.386306971386054
  258    0.875068438788765    0.431146423312506   -0.219927235922765
  259    0.893225702806337   -0.329692829351757   -0.305696715913270
  260    0.954308932552487    0.077116079935790    0.288699794710473
  261    0.961651971299706    0.262082791781766   -0.080858495826134
  262    0.931499931809680   -0.351653442206023   -0.092993191273427
  263    0.967266232484893   -0.138625990830140    0.212553217244159
  264    0.871897159855964   -0.171390014308376   -0.458716476301515
  265    0.962669261226860   -0.137925990869525   -0.232904088696597
  266    0.988797317949388   -0.148946770549749   -0.009732602883992
  267    0.952315308233779    0.268312542606992    0.145271928407983
  268    0.995922392241334    0.059904562147487    0.067453925506351
  269    0.918821238352607    0.240790536827259   -0.312709848464392
  270    0.985428197287668    0.062015317833932   -0.158383611350209
   
 U =    34001.0842597007     


 http://math-lab.ru/  - см. Задача Томсона
