    194
    1   -0.115726598681433    0.011291764951261    0.993216920114590
    2   -0.992753348859899   -0.116193873548848   -0.030655702196671
    3   -0.913991815902534    0.057198103123939    0.401680641134486
    4   -0.929274175378246   -0.368293537305947    0.028449558059040
    5   -0.838961212405872    0.132136634269925   -0.527905288818255
    6   -0.861808884523617   -0.421458603015696    0.282237652520384
    7   -0.959812249469977   -0.166868815130800    0.225644065519624
    8   -0.934658692889276   -0.266296463222804   -0.235582939708155
    9   -0.982556564514914    0.100119645375433    0.156712010192412
   10   -0.935804243789925    0.352508059934205    0.002912899962287
   11   -0.846756025262863   -0.141045260896054   -0.512942948152913
   12   -0.836061909000507   -0.518089150936710   -0.180510708823900
   13   -0.948761817197483   -0.014602112780179   -0.315654546190109
   14   -0.586357602232359   -0.007873783315169    0.810014052866136
   15   -0.845874613479284    0.492963259733431   -0.203674649439396
   16   -0.686034668668103    0.621569649502369   -0.378163462279142
   17   -0.912887597671602    0.267958170457469   -0.307952354922732
   18   -0.664607150380547   -0.734469476271417   -0.137302309116196
   19   -0.698262354178707   -0.000263577524707   -0.715841892643689
   20   -0.729434408673127   -0.455801957382833    0.510068641547061
   21   -0.985985146597700    0.130832131320750   -0.103519293384283
   22   -0.798171893754143   -0.597764235702172    0.074830117842501
   23   -0.817497059787394   -0.388123066899522   -0.425510331460324
   24   -0.863211256262467   -0.206574489581754    0.460644447829137
   25   -0.776377069485288    0.401998618016867   -0.485423276213621
   26   -0.508624317426880   -0.249682542609176    0.823990249722809
   27   -0.668871823976744    0.267108934108850   -0.693731432478923
   28   -0.829500728639509    0.545823966378071    0.118341619533591
   29   -0.805207200451131    0.273913595607205    0.525939831618774
   30   -0.695238364472526   -0.643325937678308    0.320585954894928
   31   -0.727285596560836    0.681214996448562   -0.083676697166741
   32   -0.905570845030443    0.321154499756069    0.277130351851396
   33   -0.472348773655683   -0.434523856778160   -0.766860909107124
   34   -0.555474516881261    0.830573726702689    0.039941777711282
   35   -0.709958201175698   -0.235223317554659    0.663799174044340
   36   -0.116761780889117    0.984834812593538   -0.128324114754214
   37   -0.678330022654969   -0.634373575378094   -0.370727052191937
   38   -0.548336296684251    0.797456065592669   -0.251775950376645
   39   -0.631368106393280    0.464892381081012    0.620684612538599
   40   -0.503541888821508   -0.171765349944665   -0.846724412521840
   41   -0.580664717171746    0.526683137505295   -0.620832794639132
   42   -0.443961566741634   -0.885818258472844   -0.134996815564110
   43   -0.780312613190197    0.021219625045339    0.625029561868254
   44   -0.763522620988737    0.512636376325330    0.392730381949913
   45   -0.471143152847023   -0.799029534428463   -0.373598625046185
   46   -0.290133270547302    0.893796675300489   -0.341979807215745
   47   -0.536707173175286   -0.472842248410820    0.698831609459671
   48   -0.288593057763492   -0.083364408760114   -0.953815717192160
   49   -0.667708583315314    0.707049784582097    0.232907384789461
   50   -0.686162467650780   -0.260548742927481   -0.679187323605426
   51   -0.456837822069038    0.737179970314575   -0.497860317452817
   52   -0.644613524480098   -0.495073121154348   -0.582559875693338
   53   -0.188324162981105    0.809908472082450   -0.555501824017291
   54   -0.305297680071597   -0.408194722015684    0.860331561353784
   55   -0.501566692776836    0.100186004540544   -0.859298328400044
   56    0.017970427340817    0.993312242635951    0.114051972235140
   57   -0.236942332073003   -0.917187678954787   -0.320351514504515
   58   -0.631513316921226    0.233313657984393    0.739429285022640
   59   -0.225083556626703   -0.801507430068970   -0.554006527110023
   60   -0.252857617824158    0.959988059802969    0.120357592797562
   61   -0.607476677371773   -0.787089468275284    0.107061923107524
   62   -0.050030520620951    0.007418516713564   -0.998720137283797
   63   -0.343432937048770    0.618230782508273   -0.706996829773135
   64   -0.426064356235498    0.376274663054657    0.822731148242690
   65   -0.390708151454828    0.131460795521754    0.911079140156078
   66   -0.554708592602913    0.686490985754102    0.470136686263535
   67   -0.274234985942996   -0.352343390612862   -0.894790091348958
   68   -0.175004973676010    0.271592483598935    0.946367149705240
   69   -0.051434853579710   -0.735915749424252    0.675116631099083
   70   -0.459741405507991    0.368203479557195   -0.808123776227077
   71   -0.273623460992543    0.188237113724325   -0.943237504879443
   72   -0.371148501252134    0.923063699004602   -0.101005928530144
   73   -0.257778736418325   -0.608757806036399   -0.750309307312872
   74   -0.222988147307991    0.444505509193913   -0.867577742024546
   75    0.571413516888262   -0.810514701189492    0.128656565604312
   76   -0.416729854367413    0.601039852068881    0.681973111422974
   77    0.179225866862157   -0.136394768223085   -0.974307218411564
   78   -0.453961363076098   -0.667466120660574   -0.590261008880322
   79   -0.078075894857327    0.675492451489081   -0.733221728144699
   80    0.000985553992457   -0.726423400468064   -0.687246732939301
   81   -0.434900463383749    0.857658248720271    0.274379145254660
   82   -0.527487209548287   -0.663527156907523    0.530555327754968
   83   -0.310667158785416   -0.631511809309559    0.710407454320945
   84   -0.131685063544248    0.930525239335362    0.341733555565171
   85   -0.017530654167605    0.260323275703078   -0.965362350773882
   86    0.021187210957891   -0.879964210507084   -0.474567266379034
   87   -0.049728290884076   -0.261985531543092   -0.963789747998925
   88    0.062100055516362    0.435069078513758    0.898253015595302
   89   -0.014619698600153    0.928753078572211   -0.370410560669485
   90   -0.375695994622361   -0.920531619056285    0.107117029189248
   91    0.030785260578321    0.494816564468897   -0.868451976368482
   92   -0.322346466475913   -0.122369512193480    0.938679102801390
   93   -0.096461906298074   -0.275529349289761    0.956440629790110
   94   -0.189814546893009    0.505818630068096    0.841497445785688
   95    0.003138228729894   -0.972662666468420   -0.232201397022028
   96   -0.183565954780493   -0.981550000027884   -0.053508295532436
   97   -0.313489603633766    0.811262877573428    0.493535015864958
   98    0.175323885371964   -0.417290747241091   -0.891700604174434
   99   -0.281763767800761   -0.806971048025351    0.519044224323501
  100    0.116109925681275   -0.127736177661033    0.984988301491362
  101   -0.195666797758985   -0.939790791791805    0.280192383761724
  102   -0.046770336209913   -0.521113445060140   -0.852204971253022
  103    0.233940152343163   -0.625832270661602   -0.744047024132346
  104    0.208644292145901   -0.803044410407302    0.558199994866110
  105   -0.465387438713417   -0.820039764835863    0.333090552216222
  106    0.134510259654651   -0.412268410160828    0.901078103180352
  107    0.257838691976875   -0.912650575651254   -0.317156326884848
  108    0.216063662516977    0.122368320584073   -0.968680797712633
  109   -0.032352951251331   -0.884558299241385    0.465306245163889
  110    0.103080995446033    0.809540534570096   -0.577943276858394
  111    0.280133938530521    0.952699987905248    0.117846126490087
  112    0.673473976380319   -0.445448738118438   -0.589922219319778
  113    0.186853350182022   -0.630388627062578    0.753456040121726
  114    0.139827806278412    0.980757294029449   -0.136247256116959
  115   -0.180696165546576    0.707937176539876    0.682769250793790
  116    0.003846144688361   -0.992530476481055    0.121936296595095
  117   -0.078503919800238   -0.539128465068414    0.838556875071079
  118   -0.002862948506957    0.837802477455529    0.545965944263215
  119    0.062426853454331    0.654838455706863    0.753186221923398
  120    0.414602487870237   -0.829484948008492    0.374245237884410
  121    0.149761057759931    0.925404108246775    0.348136269323692
  122    0.515159552156603    0.845486964326520    0.140578906581797
  123    0.404802223854474   -0.489781171426581    0.772171978045356
  124    0.255491664113390    0.891665079021668   -0.373707634952583
  125    0.453707399218354   -0.484597054277650   -0.747873846901964
  126    0.396466921497701    0.838299685800550    0.374256084713175
  127    0.264969209802430   -0.792364541447260   -0.549499546236164
  128    0.384887009264848    0.914205929038603   -0.126844429951916
  129    0.443940014054845   -0.889245723571848   -0.110269247889721
  130    0.495755397443653   -0.794433163518667   -0.350859707870835
  131    0.603592529699833   -0.238578696195678   -0.760760319556775
  132    0.185745993879918   -0.980794949272936   -0.059495321145959
  133    0.334644327729757   -0.267238615938748    0.903657399720404
  134    0.078916025460642    0.181935570414065    0.980138617310635
  135    0.250731511259422    0.371884869451243   -0.893775896483452
  136    0.501904116856095    0.788576942411456   -0.355300806894528
  137    0.382234016457266   -0.276779732998122   -0.881640593475842
  138    0.340565201241538   -0.930375880189751    0.135705804092739
  139    0.248934908670719    0.772620063416154    0.584028808238018
  140    0.214821737592406    0.632605556670777   -0.744084558855400
  141    0.590899738999989   -0.311331601650617    0.744251390501493
  142    0.379764992598693    0.727342747894231   -0.571621445960685
  143    0.436472687414525   -0.026450323688701   -0.899328623762140
  144    0.439604735006589   -0.675794136416517    0.591650202522436
  145    0.163093725667091   -0.934706520035902    0.315791320416508
  146    0.662420081772815   -0.738068334761796   -0.128276141530862
  147    0.603226446896411    0.790369680078738   -0.106928118738543
  148    0.595005148707668    0.561455287245778   -0.575097238243349
  149    0.439626611281033    0.488298261576128   -0.753852273588988
  150    0.653162917231897    0.028150320185042   -0.756693969201948
  151    0.639762726846391   -0.510614717245522    0.574435604633231
  152    0.465474674403927    0.225401613726748   -0.855878168910702
  153    0.630816239862194   -0.684510833496971    0.365398125818134
  154    0.297648645659231    0.051184398055964    0.953302387038275
  155    0.493983748710995   -0.658608298361392   -0.567639996246692
  156    0.721344287789173    0.678914830210632    0.136883424102409
  157    0.650089853909348    0.301476034057692   -0.697492209800918
  158    0.496410619608956   -0.087337248182268    0.863683218442619
  159    0.618298478531330    0.690457713993518    0.375466558607671
  160    0.830270467166968   -0.537355449578344   -0.147986729671284
  161    0.305777992108167    0.323713740175526    0.895382172015877
  162    0.800395369177856   -0.486394898227754    0.350410125391172
  163    0.299927584973545    0.560948531613621    0.771608831372775
  164    0.782461388456123   -0.183663416633983   -0.594997415931908
  165    0.481354821392682    0.648769391388682    0.589402929004580
  166    0.520607870112263    0.172606250619938    0.836166567033208
  167    0.524085868113060    0.420142948317679    0.740819752587030
  168    0.781688961581737   -0.281276743654622    0.556637908177585
  169    0.692102198398918    0.470516426460076    0.547365361895164
  170    0.760359297669036   -0.639450871485849    0.113825838034425
  171    0.695349588945047   -0.052441541398949    0.716755770042806
  172    0.909706175228632   -0.251252113325091    0.330616167633358
  173    0.712005190607216    0.216241880491855    0.668047945636934
  174    0.950832793050533    0.008058281167271    0.309599844580632
  175    0.848298441843642   -0.016989809652192    0.529245784048992
  176    0.695526921774220   -0.613460378834940   -0.374043666818420
  177    0.898509930565852   -0.428347149767939    0.095909457094861
  178    0.808236217098652    0.495484831167926    0.318196479321428
  179    0.851441056662702    0.251201760882944    0.460375718688997
  180    0.697741507027369    0.619756169196242   -0.359247936826886
  181    0.784959947007985    0.367841346012155   -0.498528460328181
  182    0.836817606081936   -0.382837079141783   -0.391372028874684
  183    0.781175739100687    0.613697322749422   -0.114630103771600
  184    0.814747305196876    0.095051785144889   -0.571972015762309
  185    0.886452663175242    0.459522170050986    0.055145726771468
  186    0.911534169172794   -0.117796281120142   -0.393991744310371
  187    0.922500435805279    0.161601200493852   -0.350539581128887
  188    0.940187836637314   -0.298806678580981   -0.163589121504608
  189    0.985161947444614   -0.032446377160881   -0.168532400197322
  190    0.867501927030528    0.420804823879021   -0.265261581836623
  191    0.978883056997758   -0.188428068716625    0.079264264599165
  192    0.961808773751339    0.255786903119504   -0.097452259735106
  193    0.936616323492408    0.272240634690031    0.220533216072171
  194    0.995374357176424    0.068984228491852    0.066866024967881
   
 U =    17327.0682480132     


 http://math-lab.ru/  - см. Задача Томсона
