    146
    1   -0.259416950960958    0.095190335954695    0.961062768759123
    2   -0.982403395783225   -0.131935609157031   -0.132198952302773
    3   -0.891227514875431   -0.090436270480651    0.444448869624520
    4   -0.905644320435146   -0.421183407305330   -0.049121301634159
    5   -0.849127922477732    0.309147035126335   -0.428263799475566
    6   -0.800679930737286   -0.560853472178789    0.210606341926189
    7   -0.945911315352037   -0.260432285742838    0.193460094158305
    8   -0.884190219848974   -0.283584593102984   -0.371197297509072
    9   -0.992952342243100    0.029267470071880    0.114843638176143
   10   -0.929703570835293    0.352287267146510    0.107447437300983
   11   -0.755333145261092   -0.179925492078086   -0.630157644538606
   12   -0.785031863048507   -0.548336206873648   -0.288188095226035
   13   -0.907409912098532    0.013995058509622   -0.420013559022380
   14   -0.471180338194459   -0.121499625228752    0.873628599559463
   15   -0.679618237026643    0.726965539994967   -0.098184293859170
   16   -0.515543529928500    0.781348957536076   -0.351722440720164
   17   -0.862825112150008    0.482937526467132   -0.149345811367896
   18   -0.465438276987060   -0.879202849546469   -0.101831034879769
   19   -0.736082638510916    0.135342646902186   -0.663222976993649
   20   -0.624709989326373   -0.629996630763509    0.461347672002872
   21   -0.969386178487906    0.184662828404790   -0.161833484675319
   22   -0.710281513793391   -0.702412145078322   -0.046014667333794
   23   -0.681335716856171   -0.471487730547902   -0.559893704982362
   24   -0.807429593083535   -0.374639994333970    0.455743707426005
   25   -0.714416524060035    0.575165963098591   -0.398488575799667
   26   -0.384182295332491   -0.633257778266127    0.671854560316821
   27   -0.627783631700632    0.432559704799075   -0.647131990827916
   28   -0.775180235625297    0.610485274820355    0.162491019823940
   29   -0.766554435276496    0.176011706131598    0.617587384151082
   30   -0.568397461305074   -0.798030997781407    0.200177053035453
   31   -0.539658786166044    0.826500166628152    0.160205708629340
   32   -0.916794140207885    0.184886924390788    0.353984928591317
   33   -0.220451623247468   -0.519055245946568   -0.825822458802680
   34   -0.356831516169388    0.838745393559635    0.411311845016342
   35   -0.613425909893520   -0.398965200520787    0.681568354491840
   36    0.210581832413510    0.959223541357297   -0.188535114934418
   37   -0.572857663475280   -0.736336921177994   -0.360058378471819
   38   -0.400435039910753    0.908722135814297   -0.117795834785345
   39   -0.601079708803307    0.436721594854795    0.669311162503970
   40   -0.559975333942218   -0.070927363507103   -0.825467706504762
   41   -0.432796517806020    0.664819343116874   -0.608853360993131
   42   -0.175948378515437   -0.973366226012627   -0.146970603032456
   43   -0.713588610868174   -0.116621796014202    0.690789874805393
   44   -0.792292356700533    0.442237791397550    0.420355275182472
   45   -0.311216654409699   -0.861733736820579   -0.400698341453112
   46   -0.100183446964036    0.979571237750261   -0.174365900126215
   47   -0.374057280260120   -0.817689442197435    0.437567283058558
   48   -0.266666509087835   -0.246105063489073   -0.931837577400669
   49   -0.603474129255644    0.669836385264830    0.432594720604042
   50   -0.504549857118329   -0.368045060038582   -0.781007218572959
   51   -0.240569309071625    0.872453459386236   -0.425383789933033
   52   -0.439209846244590   -0.643460237548553   -0.626939896366281
   53    0.056946868557759    0.889481459860732   -0.453409072169368
   54   -0.364513463474502   -0.393408584687486    0.844013993035668
   55   -0.490619727295271    0.253655686912668   -0.833637256656381
   56    0.068214032723461    0.993904093235333    0.086611195521444
   57    0.190569599499001   -0.966881785340667   -0.169772909862659
   58   -0.546690353212791    0.160424075482830    0.821823444365974
   59   -0.002810174735522   -0.921082514584892   -0.389357296379467
   60   -0.070872702883646    0.930290169212461    0.359912852024789
   61   -0.293044253459113   -0.943931684097234    0.152046181379051
   62   -0.315685622401883    0.042944120120447   -0.947891549891556
   63   -0.128305013309502    0.726945806118103   -0.674601822208442
   64   -0.344286616463980    0.382705746923732    0.857323181183929
   65    0.053622729900794    0.001328571424892    0.998560382618876
   66   -0.383269974044976    0.643450550470580    0.662627735681711
   67    0.035601297477274   -0.315476650319878   -0.948265274446388
   68   -0.037206032240732    0.303883569137548    0.951982398772754
   69   -0.094724746628269   -0.509923911107670    0.854988202992806
   70   -0.306369407748421    0.497838336080342   -0.811353669569959
   71   -0.149246925631172    0.285166274823932   -0.946786961725121
   72   -0.248381583957854    0.960809482045087    0.123092355419983
   73    0.082555491619338   -0.575593324155874   -0.813558182302090
   74    0.021996355680181    0.517688798315245   -0.855286190953478
   75    0.600352510580711   -0.664997023538505   -0.444247478016889
   76   -0.113095664758528    0.571053425602054    0.813085085166974
   77   -0.023209471797573   -0.021957192568013   -0.999489470736640
   78   -0.155752349175763   -0.752724998389879   -0.639645435006916
   79    0.181739086911992    0.710667659296962   -0.679648719794110
   80    0.139820215189405   -0.780781169187288   -0.608959007870744
   81   -0.105379928990298    0.783918059172091    0.611855822126309
   82   -0.099844007786035   -0.911687528854688    0.398568719093779
   83   -0.105504852242057   -0.744119048615498    0.659663222895552
   84    0.211098068628349    0.901629501144314    0.377494169607473
   85    0.149831520658915    0.225820106567622   -0.962577682520650
   86    0.344022137433783   -0.845270894084764   -0.408859247869772
   87    0.270667002076769   -0.093375888275998   -0.958133768048827
   88    0.260345931623853    0.212421338158587    0.941858360360953
   89    0.357925115935174    0.825346556293660   -0.436683722386109
   90    0.009264966136327   -0.997040125795032    0.076322656905531
   91    0.323850621253764    0.444545806751230   -0.835164535174626
   92   -0.163088205319491   -0.202856817570129    0.965531640522975
   93    0.131886234850684   -0.303332241585099    0.943713713088810
   94    0.174488321198863    0.520786760744213    0.835664391725980
   95    0.521688742534179   -0.834666936002215   -0.176555832126218
   96    0.362862290994804   -0.929348275850288    0.068137654407083
   97    0.186000640220297    0.748092159596877    0.636994413309348
   98    0.434812642648661    0.157739892815302   -0.886598044215926
   99    0.177265705151427   -0.798032881028189    0.575951725906795
  100    0.358041518168944   -0.084669457750562    0.929858781854268
  101    0.628911559987425   -0.770358007205784    0.104970426540606
  102    0.332102189254782   -0.393471964493947   -0.857256058041852
  103    0.535893003687602   -0.173423304666811   -0.826282667128581
  104    0.183364953833079   -0.582786252992907    0.791667529350724
  105    0.174946745559129   -0.935985845213220    0.305489989653938
  106    0.559845931037132    0.134594790111464    0.817592059633665
  107    0.390160218174049   -0.630967213256580   -0.670563479433233
  108    0.618995634177773    0.364366840458912   -0.695759448691031
  109    0.436973274008732   -0.820789318291887    0.367912017716232
  110    0.468945268400564    0.611520706466871   -0.637285462573078
  111    0.365591133054254    0.925629513741948    0.097740097820458
  112    0.804339829648912   -0.431291990344728   -0.408686502719190
  113    0.413024417058599   -0.376125420250125    0.829421786038365
  114    0.501543037622797    0.849061146438779   -0.165981176704360
  115    0.440957160393925    0.405909202065538    0.800496409970616
  116    0.661646316220991   -0.640734374916132    0.389465804701807
  117    0.628191038207681   -0.146337408560500    0.764173659825667
  118    0.460792181144976    0.635941893695599    0.619070653187914
  119    0.680871284907494    0.392956181319897    0.618061269576813
  120    0.441839248896637   -0.638725550472572    0.629926780910262
  121    0.476369790506240    0.795237202183216    0.375059481891675
  122    0.636426013176507    0.761236323390087    0.124423429079091
  123    0.650234759179393   -0.418638004246509    0.633984999314193
  124    0.633770288702025    0.659223197089487   -0.404672704265641
  125    0.673009587080942    0.074817429304984   -0.735839960840218
  126    0.705675896713930    0.589924711117505    0.392441542156177
  127    0.611244569211181   -0.429189659866475   -0.664963391829609
  128    0.740531902039027    0.658557807612785   -0.133843625528833
  129    0.754996112544476   -0.632210911415912   -0.174040896140508
  130    0.778715884702495   -0.182749884545821   -0.600170018086959
  131    0.929748845634535   -0.144999847931064   -0.338440730617958
  132    0.831798183369325   -0.544428429218306    0.108210293421549
  133    0.835150710119603   -0.156250702692075    0.527360416882947
  134    0.788534320673689    0.116636140054953    0.603829144669885
  135    0.789979859903949    0.413194381005797   -0.452992521407775
  136    0.847462362924011    0.514025906753999    0.132608109152424
  137    0.849346675463159    0.125427039441063   -0.512716571466858
  138    0.924164162451323   -0.361496650672781   -0.123453523210176
  139    0.872499155793696    0.314667202796074    0.373804460411833
  140    0.892783332313223    0.418009012324329   -0.167947572650918
  141    0.950473318195187    0.025293822969952    0.309775231286487
  142    0.969676104489503    0.230756575703040    0.080496305206328
  143    0.958284825914850    0.150223256927340   -0.243152556020882
  144    0.829935010008366   -0.405289069342283    0.383338818063185
  145    0.952909656743959   -0.246917244920759    0.176054140095745
  146    0.997939558382629   -0.055364364956886   -0.032425682845614
   
 U =    9684.59087815581     


 http://math-lab.ru/  - см. Задача Томсона
