    295
    1    0.044954700894900    0.000233549457214    0.998988999099640
    2   -0.133547939852802   -0.108827092264782    0.985049040276810
    3   -0.973137985621204   -0.151391315497881   -0.173444891919385
    4   -0.973169263246839   -0.056241360840200    0.223110946397632
    5   -0.929244933379487   -0.354109854597629   -0.105404291494226
    6   -0.819050999279926   -0.064669172574009   -0.570064346102392
    7   -0.838519372068056   -0.479267178058669    0.259206934132312
    8   -0.923755154415613   -0.369046539593642    0.102377078999867
    9   -0.894707765112012   -0.323083947757039   -0.308406838040269
   10   -0.982895287120721   -0.178041705321172    0.047095708108114
   11   -0.999688277823708    0.015840338900648   -0.019298467436076
   12   -0.819598664638810   -0.277260483417839   -0.501382741283728
   13   -0.829641992199081   -0.524866906068170   -0.190286351834192
   14   -0.917730773684232   -0.113119590284279   -0.380754757457945
   15   -0.664747623448980   -0.088812532343062    0.741770133678720
   16   -0.919068610053581    0.267945768880370   -0.288994731705072
   17   -0.825692660740209    0.468921119899460   -0.313599447244396
   18   -0.892302221833693    0.100743359259825   -0.440053997227272
   19   -0.720542852097808   -0.691568173275214   -0.050511978812355
   20   -0.705590078695229   -0.207449736625647   -0.677574532889785
   21   -0.820650739078887   -0.362140402785944    0.442025670204017
   22   -0.968989618911841    0.055652303204808   -0.240752859981113
   23   -0.839972452313353   -0.542021794279793    0.025664252968005
   24   -0.779959447795828   -0.485530413575231   -0.394871469325770
   25   -0.925693752247795   -0.257765962114586    0.276853365203568
   26   -0.823513708535057    0.303016057955619   -0.479589866944532
   27   -0.598174169346868   -0.308019988192021    0.739804940508220
   28   -0.768478049647132    0.131683476983732   -0.626179646028211
   29   -0.937352208420855    0.338840873816266    0.080979624597638
   30   -0.919312543821974    0.063037395822479    0.388446564535575
   31   -0.716935243579067   -0.566785701567558    0.405903713967727
   32   -0.973252781791398    0.213569261301513   -0.084659278064673
   33   -0.978199464460652    0.141101882530657    0.152368193778094
   34   -0.569555444749812   -0.345896259797558   -0.745628843872006
   35   -0.834618640082374    0.549660204535699    0.035852268782084
   36   -0.758448934129358   -0.237133867862624    0.607060740808161
   37   -0.681209018566559    0.732088057172245    0.001161709668573
   38   -0.693088519349650   -0.669976350535791   -0.266007507541521
   39   -0.899073933165416    0.420584607923992   -0.121551019246614
   40   -0.822445583312643    0.181602805511305    0.539076695396814
   41   -0.528327256543249   -0.154388426814870   -0.834885934519868
   42   -0.718087774463853    0.493765244271529   -0.490454719331998
   43   -0.569057625607705   -0.809996951641356   -0.141698119498571
   44   -0.885468546658637   -0.142115654477777    0.442434846763447
   45   -0.913003638594706    0.259797328140330    0.314530927261492
   46   -0.516101390741831   -0.778783342223419   -0.356561159339697
   47   -0.771558760149206    0.615933136954587   -0.159133435953294
   48   -0.677396535904630   -0.446319188836948    0.584750472270298
   49   -0.465107649895196    0.043800209309520   -0.884169902039992
   50   -0.860913327636674    0.452888125710656    0.231777021915111
   51   -0.691132837308798   -0.426663634953719   -0.583346846911484
   52   -0.675621056990309    0.650441093965361   -0.347077182529251
   53   -0.629138226169194   -0.624523671490864   -0.462769139118255
   54   -0.543075415639565    0.657140098996507   -0.522719794171576
   55   -0.406362292959210   -0.361942309232225    0.838968087383887
   56   -0.661950049299421   -0.009809054911384   -0.749483765450753
   57   -0.568499881774248    0.800591563351308    0.189370095615368
   58   -0.386171079559582   -0.892624798980732   -0.232578729802178
   59   -0.805911595840533   -0.019275523135443    0.591722024178263
   60   -0.423204879356697   -0.726798571530974   -0.540981946564966
   61   -0.604825018875262    0.697215572227650    0.384807929213797
   62   -0.735043002378547   -0.652694687081979    0.183579492616385
   63   -0.487230683041349    0.376100774734533   -0.788133534844918
   64   -0.398315764552090    0.583697157722355   -0.707560725150943
   65   -0.687312778906384    0.127638222802261    0.715059177992888
   66   -0.526362346998185    0.067344705535876    0.847589151829380
   67   -0.805864210570190    0.370192086634766    0.462104634379578
   68   -0.320853423963387   -0.108115641032071   -0.940937877064791
   69   -0.355500498470413    0.210530701437367    0.910657026184709
   70   -0.367899622875787   -0.676706743103005    0.637744346369905
   71   -0.687605010330822    0.320184192790060   -0.651675864564069
   72   -0.588754502129678    0.185968914403284   -0.786628056388595
   73   -0.731108430211500    0.655191841969351    0.190273785610328
   74   -0.368702535297952   -0.298261575005617   -0.880396770405271
   75   -0.578505482499763    0.496551608979731   -0.647122790772630
   76    0.133346896074848   -0.947042810851819    0.292110458082365
   77   -0.685110336470414    0.329716784810397    0.649546510017328
   78   -0.165273653969388    0.300461213425180   -0.939365572357576
   79   -0.531159261174538   -0.563058709314345   -0.633115099435941
   80   -0.201886325403068    0.642074659338775   -0.739582343928141
   81   -0.413196956594462   -0.475062102731468   -0.776906862892477
   82   -0.747958359835933    0.549428050042858    0.372407182768598
   83   -0.557739848669124   -0.636982270092799    0.532146454271723
   84   -0.503957064808714   -0.507209701858056    0.699117726259639
   85   -0.492971167857340    0.659959314093753    0.566950731018378
   86   -0.288922361757673    0.451871488495780   -0.844000015853659
   87   -0.296938131055153   -0.853875426569760   -0.427462866487585
   88   -0.375068483914212    0.240532089934001   -0.895247421714398
   89   -0.157220186837547    0.111227502202097    0.981279906858715
   90   -0.599605206451243    0.777708636966631   -0.188793200047212
   91   -0.599635661827639   -0.794322491745859    0.097410739506379
   92    0.007242309900389    0.666090326999000   -0.745835923796697
   93   -0.497198969091234   -0.149058019630984    0.854736738369367
   94   -0.305994626647936   -0.208794179958566    0.928855359503308
   95   -0.532438208856532    0.278551800679047    0.799323744228901
   96   -0.252790795641338   -0.963305734441470   -0.090215717207142
   97   -0.439526267332092   -0.898228144684020    0.001691278398539
   98   -0.650377465662038    0.518800492599258    0.554847006874681
   99   -0.033396875584934    0.129000550000754   -0.991081987930700
  100   -0.419017515353292   -0.786982394798825    0.452860941243403
  101   -0.339352479012981    0.000907798538772    0.940658849365463
  102   -0.452306596486168   -0.858522256830581    0.241574579170956
  103   -0.244805460645253    0.090079932487936   -0.965378626343692
  104   -0.109579651984722   -0.087021274675467   -0.990161399785290
  105   -0.212215489230415   -0.810445777282740    0.546024017983889
  106   -0.597341406090618   -0.731328960883189    0.329152237639666
  107   -0.108424530807454   -0.526996384053910    0.842922850748090
  108   -0.161912556679900   -0.943275076426324   -0.289855919695097
  109   -0.079397343731486    0.499032509603654   -0.862938361742635
  110   -0.258083208871366   -0.897773914147553    0.356924440708172
  111   -0.349868539371071    0.742668420001687   -0.570995291653575
  112   -0.297032776026923    0.954492408681329   -0.026753910657242
  113   -0.219644115815269   -0.478952113191694   -0.849918428825343
  114   -0.304726587760862   -0.529818643654381    0.791475780771499
  115   -0.500474720574669    0.865701884624455   -0.009235855313654
  116   -0.514199806657844    0.477395982923109    0.712524830670423
  117   -0.287773924672688   -0.946609298986969    0.145316906620936
  118   -0.158112662069493   -0.347507908189049    0.924250312328522
  119   -0.338857457545865    0.607956021032878    0.718028620568444
  120   -0.351232925922056    0.415583508075064    0.839002848364805
  121   -0.035545846909743   -0.893281001525270    0.448091000893211
  122   -0.438554674920794    0.814629924393559    0.379536405879148
  123   -0.176341733997822    0.972123469020623    0.154530106548695
  124    0.062200526379449   -0.633365804859645    0.771348722532561
  125   -0.487422600525608    0.788745918202219   -0.374565194613958
  126    0.096637194664010   -0.052089788126979   -0.993955686426893
  127   -0.382101131712489    0.907041922236887    0.176843649727234
  128   -0.309690906919097   -0.641901982406007   -0.701465171733327
  129   -0.403033310986330    0.891700827778746   -0.205994621226128
  130   -0.020639988431173   -0.990811618927065   -0.133664979245461
  131   -0.189555972791520   -0.778339429021084   -0.598545124790264
  132    0.059505428584758   -0.258285511831275   -0.964234254912675
  133   -0.102482777938694   -0.993203335493049    0.055176214000701
  134    0.068844938017627   -0.433927733451631    0.898313473488447
  135    0.028492488287724    0.222118000155381    0.974603392215597
  136    0.141904189537359    0.510098761287814   -0.848329213645495
  137   -0.290502965671406    0.866106757379383   -0.406776488698510
  138    0.178297741873751    0.170135422629013   -0.969156258407058
  139    0.103587941723340   -0.990997376366714    0.084815908671734
  140   -0.316293840555695    0.767880038032637    0.557062342666890
  141   -0.145546054631994    0.790941759690752   -0.594329436220652
  142    0.218538603451045   -0.123851357412496    0.967936836817749
  143   -0.085792781974710    0.903074573376448   -0.420827652943562
  144    0.048866951108392    0.337100442005358   -0.940199613427469
  145   -0.157803674898378   -0.687373357062511    0.708954066346460
  146   -0.077441539719049   -0.963286616062587    0.257063617107971
  147    0.076897439252381   -0.946750648132842   -0.312649954576153
  148   -0.077750436220938    0.996210563146461   -0.038979270681535
  149    0.121001298913192    0.902041941564546   -0.414341672197939
  150    0.064990612797594    0.801809780669649   -0.594034759816866
  151    0.279678627254508   -0.211150262617352   -0.936587119308000
  152    0.247186087554162   -0.533614750308305    0.808798081336171
  153    0.368521410219680    0.507629138463791   -0.778784070196744
  154    0.015108725096534   -0.783751781416628    0.620890386100654
  155    0.034632235734377   -0.237637331014078    0.970736373665139
  156   -0.157737241729338   -0.287825251267254   -0.944603402124173
  157    0.051539143135971    0.987710127203725    0.147554807932552
  158    0.294001096085502   -0.007757883343737   -0.955773598058949
  159    0.221423944935340    0.118637420677780    0.967934191473881
  160   -0.252166308727087    0.898044776794166    0.360454895397014
  161    0.191675974859972   -0.975287444480274   -0.109885036745753
  162    0.020705974684771    0.430349624863027    0.902424768605453
  163    0.225778169957602   -0.717886600362868    0.658530976484812
  164   -0.168926637388919    0.324781544135311    0.930580861488971
  165   -0.099399115142866   -0.642049793562863   -0.760192001072558
  166   -0.143756158879943    0.700646960415022    0.698876243440335
  167    0.210726844991095    0.342460237004594    0.915595534540692
  168   -0.164988654797853    0.528143314164214    0.832972618692617
  169    0.429941997062700   -0.416846628346729    0.800867509390724
  170   -0.124562430869104    0.838166742585149    0.530999729227972
  171    0.376876596379930   -0.772654669285320    0.510851047892312
  172    0.249997781800348   -0.329623977704902    0.910411523662186
  173    0.407374157407411   -0.607285704721566    0.682092639395436
  174    0.042922216349040    0.607697962259830    0.793007484207392
  175    0.424958101674750   -0.212978812909926    0.879801475943563
  176    0.067350529638286    0.754493800741157    0.652842255679430
  177   -0.058923536570965   -0.881552612261172   -0.468394074101577
  178    0.549088101272910   -0.648424498152958    0.527302500691581
  179   -0.049043269140032    0.943140343590409    0.328756825091470
  180    0.075502869558656    0.871859540002217    0.483901084102455
  181    0.021998569632190    0.972883227026351   -0.230248321394384
  182    0.222101146486186    0.657490763061420   -0.719984011779729
  183    0.031771727119370   -0.769672222644535   -0.637648200064325
  184   -0.194350070719125    0.954398443252403   -0.226609049971224
  185    0.179847732404677   -0.423980348717100   -0.887634754305295
  186    0.147984809974351    0.988372870783205   -0.034922261046802
  187    0.111229377926415   -0.614891188385006   -0.780728411121677
  188    0.439093165345880    0.644363417751911   -0.626093425943455
  189    0.167968584079460   -0.858449432340974   -0.484614410511905
  190    0.278629530677505    0.348791152345349   -0.894824181993332
  191    0.240194081578605    0.946875510658348   -0.213854086914659
  192    0.587451418300867   -0.474609931042102    0.655474060884572
  193    0.379306436471161    0.924097911563563   -0.046579792779803
  194    0.186198835260184    0.930064015540105    0.316718993344521
  195    0.277341448737317    0.777935128396187   -0.563825023229277
  196    0.248490613625382   -0.729341138607130   -0.637427579004341
  197    0.271104807620052    0.814439836049366    0.513020405774640
  198    0.324504719953923    0.864416189767893   -0.384032990242743
  199   -0.019933516627471   -0.461307379182244   -0.887016435488583
  200    0.373376231225559   -0.373272177452350   -0.849269139611101
  201    0.237512142244671    0.527409457610962    0.815737240972152
  202    0.390121552433875    0.859613725846116    0.329953658357568
  203    0.522460705631847   -0.246437734335787   -0.816274006793134
  204    0.401778937456704    0.167328258097742   -0.900319354150591
  205    0.720478074046884   -0.493166765960719    0.487542701483202
  206    0.489076200844816    0.750915285667741   -0.443768750046391
  207    0.286056169341687    0.948321685046711    0.137323885947519
  208    0.675756862745182    0.727056877000837    0.121412355460965
  209    0.492447331631103    0.859118834598496    0.139321403982047
  210    0.266384128117836    0.682849620699149    0.680261634812613
  211    0.627472289611564    0.612082169192798    0.481283641863984
  212    0.516982822957377   -0.465330735212401   -0.718467861239254
  213    0.453359942220048    0.592542094302519    0.665851807288843
  214    0.387213200673640   -0.005436606894853    0.921974175630504
  215    0.803299791830731   -0.526431424759947    0.278530787292744
  216    0.457643753322006    0.730982516611331    0.506188458436096
  217    0.179617553196053   -0.855355894037650    0.485905164737848
  218    0.386975917256899    0.242239379230103    0.889702041479841
  219    0.667303187533919   -0.656155043449721    0.352373402603780
  220    0.422144081576062    0.432739746219991    0.796574344572909
  221    0.618842804841005    0.465671696966463    0.632600548166766
  222    0.466204679050543    0.854193563396001   -0.230231521482664
  223    0.584324069159896    0.301036251816875    0.753619637013572
  224    0.318129803907464   -0.565057768555555   -0.761251040104915
  225    0.536587435790138    0.113770629863799    0.836140040622717
  226    0.767911074672307    0.447873607427975    0.457953942187502
  227    0.332177404609126   -0.888393195329548    0.316884367489626
  228    0.290638461612379   -0.909776263040200   -0.296372123925647
  229    0.512715515375535   -0.790368413357337    0.335321594085746
  230    0.488094180983363   -0.829395433333280   -0.271785366891009
  231    0.379422305879781   -0.799335306707685   -0.465941821745376
  232    0.747191605210004    0.283332172762641    0.601188477086261
  233    0.601831298713595   -0.284107488724913    0.746379275394977
  234    0.630167913734359    0.725814824360190   -0.275828282158795
  235    0.493064810547486    0.332148360931642   -0.804092382086906
  236    0.585386990451108   -0.085552737250706    0.806227511661259
  237    0.304680925851579   -0.946043037726533    0.110327259511771
  238    0.495625103318646   -0.858195194055168    0.133629210358342
  239    0.389460224647694   -0.916982230115970   -0.086396313977570
  240    0.669082895853923   -0.318335048048342   -0.671558542243182
  241    0.568814094061235   -0.820229549153677   -0.060613637842093
  242    0.571586780385579    0.481575128720046   -0.664359803033506
  243    0.454782454311584   -0.648953543244987   -0.609944438420508
  244    0.579550378320509    0.751269975956983    0.315776475080316
  245    0.723728036726798   -0.689119881860775   -0.036489961356049
  246    0.641383784587263   -0.525302399769582   -0.559181750117828
  247    0.475273354772725   -0.057373694162768   -0.877965544575182
  248    0.835095920752130    0.072689362914202    0.545280716385864
  249    0.701112633549977    0.100503101657026    0.705932150871409
  250    0.748317274212583   -0.307578395981274    0.587721692164444
  251    0.743513308886873    0.601040534149789    0.293152240000020
  252    0.572788043385106   -0.694963805389817   -0.434671331643998
  253    0.664781115824744   -0.706797279109756   -0.241875327980870
  254    0.670523382066663   -0.724805017607585    0.158291125944418
  255    0.819016381412417    0.566826518005421    0.088993625973777
  256    0.578495599653544    0.813830380357318   -0.054981389478167
  257    0.743512830485978   -0.107591421077822    0.660009664333170
  258    0.587637278106381    0.117855498280596   -0.800495166072073
  259    0.733061562155051    0.673813274218245   -0.092716867818558
  260    0.784332014925442   -0.371597479071405   -0.496727897254396
  261    0.864935236689897   -0.138553642964807    0.482379440226646
  262    0.851535315208895    0.508739354064926   -0.126774905157488
  263    0.745624956738351   -0.552564105682354   -0.372446416280775
  264    0.853606395867690   -0.340185768630266    0.394499383719681
  265    0.655754040278543   -0.093834230402839   -0.749120668426038
  266    0.749797093506779    0.071714002793608   -0.657770036085641
  267    0.789365783580459   -0.157529797936485   -0.593368369964643
  268    0.866738401656862    0.422531986296352    0.265011817943592
  269    0.869129252626675    0.253971961829281    0.424396730469480
  270    0.628712744701163    0.606640376810013   -0.486526194437809
  271    0.669764725958073    0.285499974198281   -0.685496153596130
  272    0.760368376193254    0.567695757592361   -0.315533610407623
  273    0.819226279840760   -0.549633169437661   -0.163620541107101
  274    0.829425491106981   -0.553422592885804    0.076005186569710
  275    0.932357030879195    0.039696417339034    0.359352976084207
  276    0.736619180321425    0.432415713857035   -0.520008493769191
  277    0.874769197670157   -0.388959731065251   -0.288944940113436
  278    0.922104888371257    0.382332913971504    0.059532493109986
  279    0.916954471026300   -0.395933091377221   -0.049310092449272
  280    0.813446950354968    0.234904811624370   -0.532093777856799
  281    0.855809699576799    0.385287924560164   -0.345170933449487
  282    0.889663224794967   -0.208067201805267   -0.406457114564804
  283    0.911084383868474   -0.370835449067590    0.180017541328176
  284    0.933442894350305    0.324310883651251   -0.153319319501064
  285    0.871841002823537    0.010570274805593   -0.489674927973837
  286    0.954662022493284   -0.045871730805696   -0.294136375040428
  287    0.957759896767976   -0.227831239525234   -0.175467679187340
  288    0.943986972039247   -0.172635886786849    0.281221349142438
  289    0.915352768657268    0.180503694367228   -0.359927388831771
  290    0.975191991052176   -0.212677618702716    0.061390643347616
  291    0.977299912185241    0.124224307023325   -0.171619355514738
  292    0.947456680143114    0.220575566863964    0.231672740206588
  293    0.983681173667313    0.177210808287580    0.031107523182670
  294    0.987752106418234   -0.000134860085829    0.156031272759982
  295    0.997190443999318   -0.047137811397350   -0.058217223680898
   
 U =    40715.2993798656     


 http://math-lab.ru/  - см. Задача Томсона
