     87
    1    0.042146968070182   -0.001412653325489    0.999110423072982
    2   -0.955383824977117    0.230652672791335   -0.184502280490804
    3   -0.850313820204014   -0.033975024051558    0.525178164921916
    4   -0.626892157741397   -0.628485049463563    0.460448439201523
    5   -0.501843444358907    0.360377480478234   -0.786308609210244
    6   -0.647107082517825   -0.302791097270136    0.699692771985831
    7   -0.883127058667876   -0.345987361808691    0.316826993353294
    8   -0.979968560680304   -0.196336136422544   -0.033372767533434
    9   -0.975201924737367    0.112364777405820    0.190670823114275
   10   -0.804937267450854    0.355693483002273    0.474929617541867
   11   -0.905554070791431   -0.069417787215757   -0.418512838143749
   12   -0.780291004467222   -0.621275898164384    0.071848498297259
   13   -0.734236232978773    0.610182361404510   -0.297614919000973
   14    0.303705908090877   -0.345360991564852    0.887968753333155
   15   -0.345076259582955    0.892930292423196   -0.289132958939763
   16   -0.078268453354535    0.798739297183142   -0.596564819902138
   17   -0.590071999019930    0.807348677427483   -0.001774550285865
   18   -0.482743997836501   -0.858376702405935    0.173630842074631
   19   -0.787353179821686    0.313161962769929   -0.531041010938671
   20   -0.357887178849185   -0.558465825902878    0.748353317968183
   21   -0.864505982869172    0.496731967153841    0.076725213527774
   22   -0.243414967998835   -0.834353921303188    0.494573237610083
   23   -0.843578869295490   -0.461245066641398   -0.275004872278864
   24   -0.611613986105195    0.148035142779808    0.777183330046828
   25   -0.464913894781556    0.671393773349499   -0.577135574667309
   26    0.053555062135190   -0.669661215955748    0.740733225368193
   27   -0.296227932734896    0.071064642203441   -0.952469857001316
   28   -0.643386241467642    0.679893194879965    0.351851371812097
   29   -0.252853482858383    0.272624204573244    0.928300145043181
   30   -0.065844097698621   -0.983782793934067    0.166841149473190
   31   -0.250501382961191    0.962631576542514    0.102905320454316
   32   -0.488391048609705    0.519830566873896    0.700892549098275
   33   -0.184640691944933   -0.844738914119876   -0.502318605916275
   34    0.127575191364371    0.985197581577486    0.114500200009506
   35   -0.082069818987511   -0.359727797080217    0.929440937778820
   36    0.341086615310684    0.810807053975139   -0.475659376108636
   37   -0.594777565984449   -0.758562835635974   -0.266124165369335
   38    0.040950013802152    0.965037142674182   -0.258894591733497
   39   -0.110871830275854    0.629714988586174    0.768873507412758
   40   -0.653870490294802   -0.003555389913862   -0.756598137140316
   41   -0.154121684888692    0.496246404925684   -0.854392188544233
   42   -0.288536046536222   -0.946341071334885   -0.145552487282045
   43   -0.373522617177137   -0.119279476014310    0.919920247118680
   44   -0.324403024540153    0.824228312566546    0.464123223328573
   45    0.103910608528776   -0.966086042986815   -0.236390234530230
   46    0.438029109180777    0.893933563232491   -0.094938317010349
   47    0.180123675078716   -0.873809371350019    0.451677588792074
   48   -0.385223505957947   -0.308981634121213   -0.869559198808944
   49    0.042768870524196    0.878976328094112    0.474943615984336
   50   -0.706761388507792   -0.353991280288363   -0.612518173766578
   51    0.214448725112470    0.593156868893459   -0.776000433751261
   52   -0.467426631632685   -0.633080998349343   -0.617025764105132
   53    0.600424874785766    0.511795094485036   -0.614455654217251
   54    0.457479082319964   -0.602403775672490    0.654081478330652
   55   -0.001678121015459   -0.211203545505814   -0.977440661255521
   56    0.693008079937230    0.663025139822058   -0.283085614444914
   57    0.551465114391493   -0.766505080749664    0.329175012408489
   58    0.143443625516523    0.362176479224791    0.921006039174017
   59    0.190812473684320   -0.786191259005231   -0.587787294988791
   60    0.676045310106034    0.546431119669507    0.494343777284964
   61    0.332810520095536   -0.940193820308919    0.072613621082132
   62   -0.097975783153024   -0.579309391921711   -0.809197982169289
   63    0.068402199939477    0.192929791611888   -0.978825436199956
   64    0.296792732991257    0.668478761332646    0.681945906425687
   65    0.763536196646625    0.109766266802787    0.636367694876623
   66    0.428233077397327    0.837605651046089    0.339165453368223
   67    0.283493406191227   -0.465207772061741   -0.838578092642210
   68    0.435462192312183    0.007940418365015    0.900171999577223
   69    0.674645645631909   -0.265203641977412    0.688854325029481
   70    0.387564220164941   -0.102271080613513   -0.916152062333587
   71    0.418327465845871    0.278596724399109   -0.864514890833616
   72    0.714716411883578    0.687291469438075    0.129656803222648
   73    0.537284949117339   -0.612735761593674   -0.579551352268459
   74    0.715878356631460    0.099238938874864   -0.691136608433984
   75    0.491522709054482   -0.828311266413295   -0.268897512849312
   76    0.509290761520572    0.360089903328609    0.781638139902723
   77    0.673280123534113   -0.275582459525218   -0.686110911774417
   78    0.729874623415512   -0.683578998643879    0.001669343313038
   79    0.873697735503752    0.281030222049967   -0.397082209712500
   80    0.806279898528675   -0.488712856235322   -0.333275365694650
   81    0.904406887039754    0.289041203595761    0.313852457850780
   82    0.930014650609900   -0.110264209595328    0.350591719430540
   83    0.797095007282948   -0.472519974099458    0.375984605325330
   84    0.909100396470944    0.413894616737569   -0.047198679770036
   85    0.916628569707206   -0.118937668358793   -0.381635816246189
   86    0.939944268218365   -0.341167666560269    0.010459251276447
   87    0.998812933630435    0.038954322446766   -0.029245245344784
   
 U =    3337.02502941065     


 http://math-lab.ru/  - см. Задача Томсона
