     72
    1   -0.309579977702089    0.021846520927149    0.950622410281471
    2   -0.942289630648634   -0.024050144830915   -0.333933889423751
    3   -0.896896254221943    0.101305988183480    0.430481365358382
    4   -0.797359149555920   -0.373795201676065    0.473809596592777
    5   -0.364963228186667    0.181343458425822   -0.913190227804552
    6   -0.666718214253727   -0.072030123188933    0.741821059377333
    7   -0.972357562434017   -0.200767622390862    0.119218843212375
    8   -0.875017451038844   -0.428527696644272   -0.225185420456654
    9   -0.973734015527266    0.227150265593919    0.015646847789851
   10   -0.780020362929599    0.510991626846658    0.361186642482503
   11   -0.710434286625542   -0.353032251690004   -0.608811427006378
   12   -0.759109429272533   -0.638956837406851    0.124446913664275
   13   -0.820557055074656    0.390807647180004   -0.417079731313855
   14    0.364894243025174   -0.181394383930271    0.913207681135919
   15   -0.175495536241160    0.782815358873173   -0.596993660495397
   16   -0.061256860329828    0.475421869893988   -0.877622722295313
   17   -0.532156748214403    0.775822289617853   -0.338982256559224
   18   -0.427431966579937   -0.903004952944228    0.043404710617632
   19   -0.712851368443333    0.069279428532253   -0.697884866787289
   20   -0.434381118114714   -0.422908467587116    0.795274463483223
   21   -0.794163424512587    0.605464304542449   -0.052128985136572
   22   -0.513062127499004   -0.709845927826678    0.482582647920621
   23   -0.597233202821354   -0.733045040519241   -0.325511090468347
   24   -0.595439109915665    0.345822852462471    0.725161237999909
   25   -0.509925755375826    0.512348536786932   -0.690995441994145
   26   -0.089209755256315   -0.686185996967210    0.721935175159948
   27    0.013124433112103    0.009627690206659   -0.999867519642863
   28   -0.507096506505802    0.850106314282758    0.142029530401940
   29   -0.201861347640310    0.441795774004166    0.874110113430166
   30   -0.158682113252444   -0.914807683757948    0.371412020095144
   31   -0.197306651144970    0.969223878087206   -0.147224860535014
   32   -0.436482509158099    0.715179685340551    0.545894712261659
   33    0.286936669126225   -0.893980103584874   -0.344190241443777
   34    0.253091148502711    0.966661192703136    0.038871700134268
   35   -0.036879686019844   -0.312716829928294    0.949130166541279
   36    0.288389183471322    0.665052088669823   -0.688866749243023
   37   -0.199475670309692   -0.921658779294660   -0.332798064152387
   38    0.158670029570913    0.914796852214969   -0.371443859679427
   39   -0.027868326522694    0.758187429217673    0.651440848084552
   40   -0.389522675651531   -0.241453921844598   -0.888803740304425
   41    0.333292569511775    0.281290368841876   -0.899884321179695
   42    0.049351151168673   -0.998716891333972    0.011359350445033
   43    0.110200397520299    0.150712047945349    0.982416281924565
   44   -0.102936235631103    0.953717888458985    0.282535521001223
   45    0.471098609658523   -0.880334316056276    0.055476048449181
   46    0.633251964342849    0.763286282683473    0.128007813523894
   47    0.258375260857667   -0.864715260162542    0.430708420417759
   48    0.002699828299248   -0.420663804371805   -0.907212585130186
   49    0.337811920151851    0.827765582612360    0.447981301892991
   50   -0.375149638313207   -0.629166697798954   -0.680743722155577
   51    0.659037564385172    0.467701050567493   -0.589003578959690
   52    0.027902187976841   -0.758175786114116   -0.651452949380342
   53    0.553275015221018    0.778684526767964   -0.295866803315841
   54    0.325927130276193   -0.572099737484799    0.752644269306390
   55    0.385418211912696   -0.203208634805443   -0.900088358255193
   56    0.857204564572832    0.476238713058404   -0.195951582438054
   57    0.633257933644264   -0.634207540637533    0.443582218844590
   58    0.563871401521871    0.177752898250510    0.806506633394484
   59    0.656669223945526   -0.671287800282172   -0.343741501007812
   60    0.634599936780321    0.534423899751730    0.558277722654743
   61    0.794178380265502   -0.605444792630011    0.052127760320833
   62    0.411895731723892   -0.584336375487062   -0.699208771734368
   63    0.666740486581988    0.072037991862681   -0.741800277218070
   64    0.276678548868228    0.511380185210361    0.813596513494489
   65    0.697207855538272   -0.268966721252638    0.664498389038175
   66    0.875014130210154    0.428530058708056    0.225193829214386
   67    0.743410408329221   -0.316315637682644   -0.589309241523670
   68    0.859388490887894    0.105931118138821    0.500229967054442
   69    0.919050043307414   -0.273044907599847    0.284241967925976
   70    0.933522466921509   -0.295957613016366   -0.202348449587425
   71    0.912513588827623    0.098354000162399   -0.397045892633317
   72    0.996966340952840    0.069966603254868    0.034099698474928
   
 U =    2255.00119105322     


 http://math-lab.ru/  - см. Задача Томсона
