    184
    1   -0.136146792766901   -0.005802424764456    0.990671682590221
    2   -0.992821694064182   -0.105313272107183   -0.056693901908462
    3   -0.914881306133461    0.116268363569955    0.386618498419692
    4   -0.932750582989032   -0.358338901850618    0.039617942325593
    5   -0.876744524463596    0.204375047203049   -0.435373263882676
    6   -0.868360931678310   -0.386181868433582    0.311147644741084
    7   -0.968988586177117   -0.130697262543355    0.209712530436656
    8   -0.922357698729831   -0.305805928660756   -0.236091104427385
    9   -0.982037030004072    0.134382087857221    0.132456506687726
   10   -0.921147073225511    0.387619293765668    0.035204439900096
   11   -0.843907465910832   -0.210642691512981   -0.493406369529341
   12   -0.820412852014310   -0.554722433151228   -0.138584899641076
   13   -0.943245743968093   -0.034813297762743   -0.330265803232732
   14   -0.568665934857288   -0.017373948616759    0.822385068226770
   15   -0.791368035445911    0.595882087120126   -0.136605895640864
   16   -0.642202747063737    0.684858924611608   -0.344302025906938
   17   -0.895170516621420    0.379199941519486   -0.234258725607730
   18   -0.649908952116167   -0.756976957676148   -0.067854546690914
   19   -0.791266872067936    0.030538683707637   -0.610707889227926
   20   -0.728097170752688   -0.401674629742161    0.555456570546635
   21   -0.978929668119192    0.151104976803177   -0.137346244438499
   22   -0.801306786061466   -0.583833048310388    0.130561886905957
   23   -0.781114883435271   -0.484597803367359   -0.393731517467720
   24   -0.877397844784880   -0.152174055905798    0.454990196241662
   25   -0.762963404753892    0.470504071180247   -0.443297599823370
   26   -0.528414649627162   -0.306214235035599    0.791840135583545
   27   -0.701704755595058    0.296279622157125   -0.647941989278139
   28   -0.784336065150753    0.603521436222558    0.143453173278581
   29   -0.770693780039178    0.341819870479536    0.537764143053697
   30   -0.691710520832301   -0.602639914875013    0.397946841135025
   31   -0.630614411918903    0.775226338615865   -0.036736730889069
   32   -0.878715560868273    0.374798964110474    0.295609031644286
   33   -0.480213158295392   -0.384145939323695   -0.788560219578112
   34   -0.419832576387722    0.904333274315370    0.076954121200161
   35   -0.722162442063088   -0.170110108943615    0.670480393530391
   36    0.006464058266098    0.991817323768327   -0.127501420477444
   37   -0.631147275733821   -0.701049544191031   -0.331937724465485
   38   -0.466418460593788    0.852776407247305   -0.235002593304201
   39   -0.573355226555766    0.513466805798787    0.638447823650435
   40   -0.650347724207702   -0.148861619272472   -0.744908085555151
   41   -0.569996454814849    0.550266418749080   -0.610172852473433
   42   -0.435940664047181   -0.869680793062457   -0.231540613302200
   43   -0.782473519659656    0.081955565127171    0.617266940938940
   44   -0.706158884184946    0.579666012918542    0.406604161013868
   45   -0.389372488839351   -0.781086660235626   -0.488152326776186
   46   -0.215096590401730    0.904455336372586   -0.368366666929437
   47   -0.516754202323151   -0.537892969057740    0.666060243686420
   48   -0.427571542968244   -0.121293789157953   -0.895807117830318
   49   -0.586383280076098    0.772819882891312    0.242701622275287
   50   -0.687718647553580   -0.378146907832514   -0.619716046188723
   51   -0.424109888421705    0.755198978684478   -0.499805267215993
   52   -0.555908508579331   -0.598420922134734   -0.576938584288239
   53   -0.167405413257273    0.785265881729448   -0.596098081362316
   54   -0.300165138926933   -0.447536146533510    0.842384880514193
   55   -0.581135231634049    0.108000838948045   -0.806608741175149
   56    0.147232007085042    0.982286783297774    0.115911222270414
   57   -0.193289585163643   -0.917916293531021   -0.346509472219072
   58   -0.613151922467271    0.244952559326982    0.751027937998215
   59   -0.152820038607863   -0.774825251660739   -0.613426332324236
   60   -0.135110810166555    0.982335258825431    0.129470105601683
   61   -0.613791363330044   -0.763696067894076    0.200071182793959
   62   -0.175122147217116   -0.091022816160502   -0.980330087517607
   63   -0.331545375596521    0.598399611286655   -0.729380263739390
   64   -0.409055377264400    0.389141418865770    0.825374251145633
   65   -0.377087634111884    0.128952708434976    0.917156537995116
   66   -0.474429680023633    0.737446519840141    0.480717286030301
   67   -0.247989062410078   -0.349970443140304   -0.903339423391424
   68   -0.150826948914296    0.267239503110092    0.951753266061470
   69   -0.003513643818328   -0.776390286488768    0.630242633715783
   70   -0.474979639619285    0.364334635494636   -0.801033467044995
   71   -0.337742631992228    0.144792363222445   -0.930034991861823
   72   -0.251969459109346    0.960854923709439   -0.115192045122358
   73   -0.083696729374493   -0.554015011181676   -0.828288732796348
   74   -0.217789277508359    0.397213596014800   -0.891509500646728
   75    0.736755884049637   -0.673329634710929   -0.061789726802155
   76   -0.333956246599278    0.649785488519522    0.682826511104225
   77    0.091410713781854   -0.056617997408264   -0.994202436013597
   78   -0.327653757447846   -0.601039019397278   -0.728968526338597
   79   -0.061585367374330    0.617249253904605   -0.784353619918706
   80    0.091531752236383   -0.708152351732416   -0.700101553396638
   81   -0.311549327002435    0.893285517145630    0.324003089031869
   82   -0.472185855052563   -0.728644883743638    0.496101956942824
   83   -0.267111188571768   -0.676403633674628    0.686388911107643
   84   -0.005919853660371    0.935188883033148    0.354099856514873
   85   -0.069445621749844    0.171160538524821   -0.982792641238054
   86    0.044500780761936   -0.889300498951497   -0.455153054560986
   87    0.017737029177268   -0.316819369282491   -0.948320033028623
   88    0.073930041244217    0.449383760567225    0.890274443494863
   89    0.049709209736394    0.922726328899586   -0.382236989867381
   90   -0.423524770321137   -0.905449512919820    0.028070419977062
   91    0.059457201500941    0.408619798697256   -0.910765997005976
   92   -0.342722485356844   -0.164223686525665    0.924971285400119
   93   -0.099311304886679   -0.296626745667361    0.949815686581610
   94   -0.178254897308756    0.509277209463692    0.841939377571996
   95    0.057734133945156   -0.978992647616197   -0.195550928637608
   96   -0.187094288409968   -0.979094143477507   -0.079814694464202
   97   -0.177086454554516    0.822775277994592    0.540075207294533
   98    0.291775851854266   -0.268684866352771   -0.917973471766865
   99   -0.204301544713310   -0.853991992091226    0.478496140289360
  100    0.105726874894333   -0.109296945440473    0.988370378776327
  101   -0.169185565579160   -0.965842373536718    0.196277237296176
  102    0.202233035721368   -0.504356644963933   -0.839479704307165
  103    0.397281847839280   -0.610276274912310   -0.685368515221236
  104    0.249947507305110   -0.820285539964365    0.514449100025777
  105   -0.393545708812431   -0.871755505752195    0.291828910949645
  106    0.147061729355863   -0.399037778463540    0.905064472354178
  107    0.306941182758793   -0.903420832363036   -0.299362505967450
  108    0.216287480937705    0.206284244487742   -0.954288497293006
  109    0.039998459360177   -0.926337876991757    0.374564094514165
  110    0.097274458163914    0.787016229156255   -0.609215179418230
  111    0.420129500311319    0.904307775448825    0.075621757655844
  112    0.723326940958807   -0.253591984987246   -0.642253253501610
  113    0.200615122060466   -0.645880238522987    0.736608641197043
  114    0.265995193102479    0.953421999508031   -0.142242919333381
  115   -0.027839891559835    0.689033441387586    0.724194626524884
  116    0.065128255489776   -0.994294007183592    0.084485132512492
  117   -0.052029072168180   -0.564843067388341    0.823556485538575
  118    0.126746927662363    0.822213185257239    0.554888001597887
  119    0.236417353950174    0.621872260092935    0.746580020411813
  120    0.489187466574271   -0.792333415542713    0.364559160029019
  121    0.284608626726300    0.899279440169220    0.332106034395496
  122    0.651853185678260    0.758269119318915    0.010740903519733
  123    0.387735114499840   -0.471864195927493    0.791836890770755
  124    0.312010862993168    0.866038986489524   -0.390673386928847
  125    0.494247721555139   -0.383097022237674   -0.780356239989263
  126    0.537702747674091    0.791633491708423    0.290158870188837
  127    0.276578066188864   -0.795470151126570   -0.539195522950535
  128    0.512375732066557    0.835534563370251   -0.198376164402238
  129    0.542374679451096   -0.819956189690436   -0.183034297547376
  130    0.514775019343483   -0.733560051794533   -0.443730019123250
  131    0.561639287881949   -0.126798741133380   -0.817608335056858
  132    0.300575953711446   -0.952912599964472   -0.040145645833703
  133    0.338758090036303   -0.200551616014304    0.919250785014083
  134    0.099492407067334    0.176012825071850    0.979347102076774
  135    0.381546332058995    0.386276630491601   -0.839769469097551
  136    0.565598131033826    0.702880706256734   -0.431343792053483
  137    0.352460619869148   -0.014675316197803   -0.935711572299900
  138    0.509910639562460   -0.856011321552718    0.085063253138903
  139    0.384848454347690    0.746307387869845    0.543062565453634
  140    0.217207822092610    0.584335555638606   -0.781903267954743
  141    0.556079503618586   -0.268696139738801    0.786497279171882
  142    0.355458379498490    0.715973972999695   -0.600858228229705
  143    0.522361152032316    0.162961578079413   -0.837007975420389
  144    0.458312722347177   -0.657435928223825    0.598103209166442
  145    0.282845369462343   -0.926883439752085    0.246750047795446
  146    0.717233324374194   -0.613719684849991   -0.330037129479047
  147    0.734444233928947    0.638531022878342   -0.229934338606613
  148    0.735793410973670    0.486922545721713   -0.470653259667474
  149    0.526605859248064    0.529189379189717   -0.665315616800335
  150    0.731084382669756    0.038846094111462   -0.681180303876048
  151    0.642185519446652   -0.451320239416416    0.619602937457645
  152    0.668998138098618    0.310465664105691   -0.675316638793977
  153    0.692552400560282   -0.697025670187851    0.185812775603205
  154    0.339208976810439    0.076287882860325    0.937612622024631
  155    0.637891925460114   -0.510531373798693   -0.576586166847599
  156    0.851466247756477    0.523921831203830   -0.022608487776289
  157    0.845106799881774    0.216891119299212   -0.488623310089400
  158    0.569890797109002   -0.015473911222473    0.821574730284437
  159    0.748499540392487    0.628612487241188    0.211174759184622
  160    0.869687475769642   -0.467084509636424   -0.159611263221398
  161    0.313578944827578    0.357452289699213    0.879713649973451
  162    0.691462552811128   -0.592029481752751    0.413981437742669
  163    0.478292570474305    0.516585365167422    0.710194182969646
  164    0.871317620900117   -0.076554065215843   -0.484711335340827
  165    0.610923778358516    0.621226220376148    0.490764831822045
  166    0.539491529194318    0.247243835695439    0.804872272872027
  167    0.693378503275376    0.361435029882454    0.623370652476894
  168    0.756173452627944   -0.190446992643768    0.626044449327425
  169    0.795334723198805    0.456594892915294    0.398702623314608
  170    0.858545414387925   -0.486746534995236    0.161175625029337
  171    0.750983696740764    0.089936238771301    0.654167379334409
  172    0.836780502860147   -0.360400989008186    0.412200821390546
  173    0.875029145214632    0.206361264340798    0.437880147534251
  174    0.953120865106580   -0.193906363672247    0.232294938872743
  175    0.892642900134147   -0.061006723540958    0.446617098332449
  176    0.829531423588500   -0.367467205186161   -0.420529987506133
  177    0.956051553313160   -0.293197206524213    0.000908566943588
  178    0.914627827121495    0.360007965485138    0.183984245636044
  179    0.974047190202695    0.089556648556018    0.207874187809958
  180    0.882699665533064    0.386668560239287   -0.267074381007039
  181    0.955749205826091    0.096571630114850   -0.277880146501610
  182    0.948649252722979   -0.189078101267292   -0.253602182422171
  183    0.967073142215818    0.249544868169174   -0.049968954114068
  184    0.999256421174386   -0.025359884801579   -0.029042744095692
   
 U =    15550.6137870645     


 http://math-lab.ru/  - см. Задача Томсона
