    127
    1   -0.226793780935041   -0.035721278357295    0.973287506958611
    2   -0.993709845314833    0.031684903504181   -0.107409544335227
    3   -0.883352314045647   -0.058461757909902    0.465049365263822
    4   -0.881239154598334   -0.465851748344886    0.079998131020833
    5   -0.734654165773333    0.455867128595133   -0.502462354588198
    6   -0.829638790780405   -0.400719354594386    0.388746029800801
    7   -0.971773392362575   -0.172340938409710    0.161105787742691
    8   -0.940448367459616   -0.286819748112162   -0.182459037143736
    9   -0.967129267806349    0.144983618252820    0.208903637571669
   10   -0.865258333947716    0.445539310963635    0.229831977583785
   11   -0.899311561487336   -0.079832789060469   -0.429959813431483
   12   -0.774110689972162   -0.607593770598243   -0.177714517136426
   13   -0.904376734428026    0.235239240130867   -0.356041039948982
   14   -0.203412351719984   -0.348910583597391    0.914814090305497
   15   -0.529536417120285    0.837789463949939   -0.133041335824188
   16   -0.292237294715999    0.888757592612232   -0.353139214972204
   17   -0.767286684401871    0.601637094401317   -0.222044929192100
   18   -0.553517734754291   -0.829294465284009   -0.076738563719861
   19   -0.744192068778312    0.156187672130823   -0.649448670675220
   20   -0.609874724435062   -0.621958059551427    0.491142538021581
   21   -0.927187754381283    0.368118500185945   -0.069365971097107
   22   -0.695581099878494   -0.692984644357510    0.189576412500397
   23   -0.791466311901059   -0.410782027395987   -0.452591651595760
   24   -0.711390883167227   -0.272999006254808    0.647606789595693
   25   -0.538427228541189    0.708678673934633   -0.455928345988384
   26   -0.331148482220018   -0.784093358615766    0.524917410359027
   27   -0.524016432349423    0.435533431439065   -0.731927188131918
   28   -0.722777066458561    0.686163515757058    0.082297884817719
   29   -0.693470637375132    0.071327391467410    0.716945519774678
   30   -0.433400802605020   -0.868947370891681    0.238943949330719
   31   -0.488295619970909    0.839966789985236    0.236692161338573
   32   -0.819357150286373    0.275005217712982    0.503016888886674
   33   -0.266563294652408   -0.481301902722175   -0.835040411225749
   34   -0.189512823022942    0.918078639597643    0.348161602455548
   35   -0.475957953035252   -0.476017454157653    0.739507545789602
   36    0.204944882535812    0.901581048004088   -0.380984525935416
   37   -0.588106600037757   -0.693019795523492   -0.416958259307339
   38   -0.272218387446513    0.962036557531322    0.019565569485789
   39   -0.591013511238232    0.426455271333909    0.684718139883396
   40   -0.714139282178379   -0.162621467725306   -0.680851925079614
   41   -0.303763757149665    0.674623833173023   -0.672763155618124
   42   -0.338680222430631   -0.891228376231711   -0.301674805599881
   43   -0.493994197049226   -0.154283848056398    0.855667124243184
   44   -0.673066558197875    0.605979666940183    0.423992985190477
   45   -0.086016440412371   -0.863470371918816   -0.497011155606358
   46   -0.031874278126363    0.980231458038003   -0.195269862156488
   47   -0.107811933180789   -0.940390981840567    0.322554473440930
   48   -0.463189594949612   -0.187910817557811   -0.866109071523425
   49   -0.413905573818714    0.725950211049326    0.549252644089439
   50   -0.564363584095625   -0.465111203159075   -0.682030287921775
   51   -0.050450080938707    0.827388426586682   -0.559359616779486
   52   -0.340044788361134   -0.709784820068014   -0.616907652010776
   53    0.272012301066855    0.720142246285765   -0.638282424309809
   54   -0.194493922141599   -0.626448877308600    0.754807206092239
   55   -0.499712829924346    0.131017304915399   -0.856225176820740
   56    0.316443233508860    0.945604824813674   -0.075466517446872
   57    0.012374903847238   -0.974785420978638   -0.222800908441307
   58   -0.442216585138676    0.205894283122831    0.872955918707024
   59    0.226091081782897   -0.823186179334256   -0.520814109727559
   60    0.139719149879011    0.901292482860930    0.410061482579707
   61   -0.234349420535344   -0.972147360821193    0.003139736157165
   62   -0.201472793144806    0.106864902208541   -0.973647064545664
   63    0.011709443311378    0.595185955594239   -0.803502686492529
   64   -0.300467293289313    0.526431435157713    0.795354857746644
   65    0.080023159009460    0.032927066270260    0.996249016224850
   66   -0.112461582164242    0.763812518459827    0.635564968497456
   67   -0.165325614293518   -0.203090993701098   -0.965101802679889
   68   -0.129352184736538    0.285637770908517    0.949567836510009
   69    0.109436772052850   -0.558145842269124    0.822494262399649
   70   -0.240884675163387    0.408316343169640   -0.880484149301964
   71    0.077020305859880    0.286987362034464   -0.954833035937567
   72    0.058402433663547    0.991213794462698    0.118677585958913
   73    0.078062977432873   -0.404321412687459   -0.911279521769656
   74    0.322547652966975    0.455693953589454   -0.829642110929471
   75    0.513539266438399   -0.698126214933594   -0.498895991012561
   76    0.042617245630553    0.526645852745065    0.849015851537113
   77    0.118739412474185   -0.051770457023226   -0.991574894652387
   78   -0.003964486300289   -0.669538410387976   -0.742766854311309
   79    0.557477786891100    0.584703135897371   -0.589356225041172
   80    0.318236355500072   -0.579919992359456   -0.749945614361362
   81    0.204015236876233    0.723195609994983    0.659822622229883
   82    0.243915123115114   -0.894777993665312    0.374002345939190
   83    0.027017583554065   -0.806127071702250    0.591125362717296
   84    0.408873122196380    0.882832413015577    0.231148654494198
   85    0.375639002488194    0.112430550437110   -0.919921035273182
   86    0.329253350275693   -0.915999647674690   -0.229209242379264
   87    0.363356602299874   -0.263020225278652   -0.893751833933480
   88    0.255338706832016    0.276077577981635    0.926597709758204
   89    0.498655805701639    0.797421834336221   -0.339795240643400
   90    0.103233307551893   -0.991425031298548    0.080120481317635
   91    0.586977755423179    0.286894574499917   -0.757065794869164
   92    0.110958252818994   -0.273464415323413    0.955460872921116
   93    0.406780610746503   -0.384561800650626    0.828638495485849
   94    0.407339975977954    0.495624745024151    0.767092077973711
   95    0.612990338700126   -0.765372902285171   -0.196079486708526
   96    0.411344865989011   -0.907401895150186    0.086123178659020
   97    0.477216834410576    0.719536023385533    0.504511649028724
   98    0.603406751038929   -0.094056386850718   -0.791867216705700
   99    0.344771545198045   -0.679609636555016    0.647505462157124
  100    0.388909797256775   -0.060975578943709    0.919255757866207
  101    0.670250989476545   -0.732571409653326    0.118754961430044
  102    0.595076093446892   -0.422023457890770   -0.683944912984885
  103    0.812337691121975   -0.238681694175893   -0.532107624872961
  104    0.627009907508097   -0.479072065055555    0.614287011396215
  105    0.534239819227271   -0.741905304874531    0.405171980955054
  106    0.565311619096342    0.188604972796143    0.803026112621027
  107    0.761077145111109   -0.525930884899607   -0.379681818761763
  108    0.789122904444997    0.078027981565243   -0.609259120385691
  109    0.789980186261079   -0.516881104095647    0.329795739123136
  110    0.785965665952440    0.373520255333165   -0.492687112475844
  111    0.609778645084856    0.792459279839341   -0.013352669957348
  112    0.845578361126906   -0.531953396564806   -0.044975760995260
  113    0.648980603947273   -0.152986536424967    0.745264580785190
  114    0.744215523622987    0.609849193046121   -0.272446721653166
  115    0.668793347634228    0.444520957329409    0.595916585316391
  116    0.943090140118603   -0.290982890453882    0.160965664270917
  117    0.797654248236969    0.111429417561516    0.592731967394553
  118    0.694090828450745    0.656806429543805    0.294691764341112
  119    0.856312244413701    0.363776272630333    0.366600823155583
  120    0.835977933370449   -0.233854777858256    0.496440165367931
  121    0.836482969369117    0.546730461961584    0.037175851284096
  122    0.924241896429201    0.319017971816169   -0.209772377932017
  123    0.946726950324422    0.012247555077537    0.321804410976670
  124    0.940857863179847    0.029254000976825   -0.337536197643306
  125    0.933365145471045   -0.284134484934065   -0.219310509759721
  126    0.962757965041847    0.252218818361647    0.097379507149791
  127    0.999146207120393   -0.034184408437172   -0.023200927066259
   
 U =    7274.95965695620     


 http://math-lab.ru/  - см. Задача Томсона
