    169
    1   -0.037106992873860   -0.002263003218982    0.999308736025204
    2   -0.977961167078597   -0.110194387671217    0.177339089351542
    3   -0.802088391465624    0.110127369117989    0.586963520882889
    4   -0.901365022047069   -0.375856113335387    0.215112247672007
    5   -0.954939378538233    0.132820370898864   -0.265423307927736
    6   -0.798685795213153   -0.368402742284691    0.475794514472218
    7   -0.890731653566808   -0.115407118532918    0.439634300670533
    8   -0.938094136516127   -0.340786045569396   -0.062002114312621
    9   -0.939412197752088    0.143686559464195    0.311221617732339
   10   -0.895749750510077    0.415889713091286    0.157060914953346
   11   -0.924538701479210   -0.187866520042429   -0.331563508417744
   12   -0.811041263835054   -0.584316411338117   -0.028042820788638
   13   -0.993316197908633   -0.072513473762896   -0.089803825615478
   14   -0.316948828377475    0.030543933449162    0.947950688759494
   15   -0.776287914431321    0.630264327725861   -0.011997962499474
   16   -0.754268169135627    0.585040190922346   -0.298005879194243
   17   -0.905651920163668    0.399648701020967   -0.141688091511301
   18   -0.614280070504362   -0.786897022991136    0.058762829993489
   19   -0.859234918263274    0.021926695762308   -0.511111118300172
   20   -0.595017245376646   -0.406142025030941    0.693543894218783
   21   -0.983008835034972    0.180452055836000    0.033625671558312
   22   -0.753722097881806   -0.610535333203606    0.243206920285199
   23   -0.831598724047418   -0.467163005805136   -0.300336957715525
   24   -0.719250826554436   -0.151093840019306    0.678121596772276
   25   -0.845576532683261    0.321554028822697   -0.426149426754567
   26   -0.352688553346062   -0.474085738330539    0.806754917586655
   27   -0.711553657085702    0.213565210771765   -0.669388746421669
   28   -0.736787259870979    0.619183526220803    0.271581101236054
   29   -0.646911756250062    0.311073593124566    0.696231570158975
   30   -0.638414714783957   -0.593060300325425    0.490618112308580
   31   -0.572382846187131    0.807520662345763    0.142436853641814
   32   -0.825487180195234    0.359743249911394    0.434920348427743
   33   -0.588580933853839   -0.377319182308818   -0.714984418687252
   34   -0.327798814854078    0.900047690394502    0.287162135379621
   35   -0.478099255635707   -0.199360071939077    0.855381004861009
   36   -0.092978987516072    0.983028836472234   -0.158143019272214
   37   -0.663592896419272   -0.711389860392772   -0.231449636751138
   38   -0.587618574243302    0.795654603794434   -0.147099159293965
   39   -0.454348695188835    0.530440114575903    0.715681876275281
   40   -0.695349352569722   -0.080001225379022   -0.714205209879291
   41   -0.672836769205042    0.484838601319439   -0.558768478599439
   42   -0.440744461806479   -0.888010937511076   -0.131075910249055
   43   -0.581157989810098    0.063062293970794    0.811343662056361
   44   -0.650052093550830    0.546398188325874    0.528092127818987
   45   -0.463983762005906   -0.783213359344224   -0.413879091450127
   46   -0.332162156158886    0.895314544953160   -0.296783031204944
   47   -0.411207471553309   -0.675477039452132    0.612077760183882
   48   -0.473807751806455   -0.165523838842424   -0.864932409557521
   49   -0.502009433070309    0.751404388610471    0.428226545049874
   50   -0.786854285855014   -0.293720743289572   -0.542760037026509
   51   -0.537998788290357    0.734022483536514   -0.414449390711334
   52   -0.659102183607889   -0.567305635333747   -0.493709051650753
   53   -0.258311187896827    0.790378991103473   -0.555496517207432
   54   -0.088892984419030   -0.506259669372561    0.857787377202453
   55   -0.506812120234571    0.113297795353583   -0.854578892994296
   56    0.151988387759277    0.988277119387424    0.014417533826252
   57   -0.230174342794027   -0.922904467319255   -0.308653715547860
   58   -0.401017769560724    0.291288773925049    0.868524955704661
   59   -0.223167803300542   -0.780900795455875   -0.583429583777162
   60   -0.127442181232994    0.984423487165880    0.121115186325846
   61   -0.516301345701477   -0.789468172089723    0.331923071937093
   62   -0.215817104190819   -0.210455617040052   -0.953483828281833
   63   -0.448750156658990    0.614289493196778   -0.649054478026750
   64   -0.203279014868286    0.524396893176819    0.826852792545735
   65   -0.127961913102835    0.269803450804001    0.954375107978679
   66   -0.295520537838672    0.732152179453048    0.613694384720680
   67   -0.326150712433309   -0.436764108376629   -0.838369146863846
   68    0.156083985141534    0.209587436346264    0.965251726809198
   69    0.130596984512979   -0.708270509327469    0.693755946463253
   70   -0.492156068791409    0.377470435848839   -0.784409634063653
   71   -0.252989258731389    0.059635665493759   -0.965629340051170
   72   -0.367048906504799    0.930032437458948   -0.017741632050024
   73   -0.117364266470982   -0.613249567046398   -0.781121371793868
   74   -0.246468441784719    0.328771891376925   -0.911681057522120
   75    0.737314126242959   -0.621954929078533   -0.263704276486937
   76   -0.016547381801439    0.713800143943496    0.700153939260333
   77    0.030899063429174   -0.091637139268857   -0.995312957107371
   78   -0.432019656988702   -0.617981244422873   -0.656854776580731
   79   -0.217027531578619    0.578190632800213   -0.786507878332430
   80    0.104800325669825   -0.739422078542245   -0.665035248316783
   81   -0.116655723591124    0.875622549518324    0.468696696092964
   82   -0.263193190417662   -0.860033231811672    0.437118044351115
   83   -0.152084350485414   -0.715904503184185    0.681433116789928
   84    0.079637956473484    0.952507905536955    0.293915780077100
   85    0.006416199283767    0.191156342345714   -0.981538631520818
   86   -0.002278000734529   -0.887241069650923   -0.461300439017068
   87   -0.010671234779134   -0.391181796994009   -0.920251556069766
   88    0.329090866000066    0.410924557513315    0.850200099945779
   89   -0.047810284417209    0.904663073351919   -0.423437008795175
   90   -0.353643380170360   -0.923665945401751    0.147572290646893
   91    0.021358144195074    0.471798139545871   -0.881447868678345
   92   -0.214555839947646   -0.245414874284159    0.945376819593357
   93    0.066734567410604   -0.265803451771176    0.961714626351834
   94    0.064913685812293    0.484332202763936    0.872472653302152
   95    0.081388384462605   -0.972685385187504   -0.217391518503375
   96   -0.155876275681940   -0.986774060787204   -0.044492017677991
   97    0.183852153603328    0.833660023845748    0.520777639935630
   98    0.254741172575793   -0.269123582336335   -0.928805379196938
   99    0.020534645568262   -0.869074426800529    0.494254963569126
  100    0.260475751648508   -0.068621606859420    0.963038658556953
  101    0.130069980551993   -0.990286180157363    0.049143479206734
  102    0.203106537373417   -0.537333493625693   -0.818547769592091
  103    0.459296597374574   -0.434614444649894   -0.774697954135548
  104    0.341188942495930   -0.781776519814323    0.521934458131971
  105   -0.079726912504212   -0.967319758788553    0.240699197505521
  106    0.384873921839371   -0.308615271321617    0.869844054181591
  107    0.276458089656124   -0.854351595250170   -0.440061673356334
  108    0.278732708646495    0.027514347850763   -0.959974498511776
  109    0.221879429221322   -0.923803844773359    0.312019190548241
  110   -0.003120840444338    0.729184111064744   -0.684310450399262
  111    0.421526672425913    0.905813122088760   -0.042636278981060
  112    0.960554553218896   -0.095518277782047   -0.261172756810506
  113    0.413775229559987   -0.573198880714909    0.707271590373709
  114    0.192541075724048    0.947119570426449   -0.256695254093732
  115    0.268136558488488    0.650021229056380    0.711038105714442
  116    0.403172475769733   -0.911096304226426    0.085764090426310
  117    0.185300152397433   -0.492154509135681    0.850557342369640
  118    0.450076449795969    0.767525548184297    0.456438081478147
  119    0.526555265374430    0.570262992105734    0.630507472073947
  120    0.517059046350097   -0.802704687459694    0.297178611810749
  121    0.344649591760491    0.908572814495284    0.236034106983386
  122    0.654649888906152    0.751234469770742   -0.084144485163525
  123    0.618018036791541   -0.377974155801283    0.689339715776363
  124    0.204625803359071    0.828411439183941   -0.521404610670875
  125    0.679076293146232   -0.311789989458725   -0.664561803416432
  126    0.591647247430099    0.783223159342225    0.191089029717489
  127    0.393161158350698   -0.675953424433079   -0.623306723500983
  128    0.445342864958348    0.837401628014026   -0.316904159060982
  129    0.532389264860311   -0.771681723591456   -0.347949691961952
  130    0.628939142659719   -0.561678681072632   -0.537543127626952
  131    0.703554435345834   -0.020770498994932   -0.710337766753750
  132    0.363724933054930   -0.914603348522430   -0.176649053056462
  133    0.565045635145986   -0.116028748029407    0.816860306192679
  134    0.434944139082074    0.126517491479484    0.891525053056779
  135    0.252269549845489    0.312556470608978   -0.915788472793370
  136    0.662017907766372    0.663411260733636   -0.348737421175937
  137    0.498137470432933   -0.150910637299639   -0.853864766869142
  138    0.619351044192292   -0.784332460545220   -0.035026781082448
  139    0.694792852065757    0.602656762457898    0.392514610405900
  140    0.238266290179263    0.604663896593097   -0.760007070441495
  141    0.782011708085804   -0.162757804994983    0.601637420154314
  142    0.432354105343634    0.696705605561313   -0.572425739089316
  143    0.504936038985549    0.149569437501448   -0.850099158862708
  144    0.603044011695913   -0.619143932750375    0.502989771760916
  145    0.726293695703392   -0.645494102645177    0.236293950476531
  146    0.827231119573453   -0.398277064887791   -0.396313076233446
  147    0.835980411344288    0.525798098080263   -0.157076770732701
  148    0.627271315221545    0.513523474599211   -0.585512030735310
  149    0.457493323329359    0.428345793882973   -0.779243055773887
  150    0.870291466521548    0.118104257568168   -0.478167489112387
  151    0.789297006160913   -0.416367608387821    0.451274030662995
  152    0.700360857677915    0.255904160590855   -0.666339050052558
  153    0.817953980601175   -0.575107842319671   -0.014221649732183
  154    0.703493921539427    0.093821213815184    0.704481285908522
  155    0.849942641030500   -0.153517483047276   -0.504013778935584
  156    0.938766037315019    0.342577659023353    0.036862917979118
  157    0.813818454141675    0.404367971021926   -0.417356044295593
  158    0.920985994803643   -0.159906197026005    0.355267231148926
  159    0.798366449651225    0.589476987950333    0.122995498894474
  160    0.925523437383771   -0.351121767395346   -0.141844532198100
  161    0.569753657543765    0.328126746404565    0.753467721942657
  162    0.892998284183544   -0.406486882879286    0.193190265004033
  163    0.751398651893939    0.366557644291698    0.548667075140555
  164    0.941096228773645    0.239929438940755   -0.238268236484842
  165    0.877078067386739    0.369853057034742    0.306500864454243
  166    0.869428889797753    0.106613386865323    0.482417859667479
  167    0.968537625971375    0.100012804731563    0.227886607696588
  168    0.981506981445319   -0.178222369334101    0.069862954725931
  169    0.996931100306073    0.065333577997084   -0.043126613924822
   
 U =    13068.2148287661     


 http://math-lab.ru/  - см. Задача Томсона
