    148
    1   -0.303159483660985    0.056217361759416    0.951280156264818
    2   -0.983606194161891   -0.122331115692965   -0.132491331564279
    3   -0.901901743542146   -0.083843083040966    0.423725834026937
    4   -0.908353111596708   -0.415803705017040   -0.044742636787304
    5   -0.849110345992768    0.327588935214226   -0.414363499663341
    6   -0.799649155528367   -0.565951251809292    0.200649965457921
    7   -0.948761293323648   -0.255387429942189    0.186089411086077
    8   -0.888441405466218   -0.285410843415900   -0.359461429799968
    9   -0.993420803371217    0.039981905615382    0.107315211655422
   10   -0.924243110373948    0.368988780753010    0.098091552157648
   11   -0.769787071934611   -0.175948238027877   -0.613571578071560
   12   -0.787968243393783   -0.557939581257148   -0.260402517402411
   13   -0.912482008567913    0.022649116081348   -0.408489414282184
   14   -0.494824435947467   -0.165736403887279    0.853041746936094
   15   -0.658016836866374    0.748645921253712   -0.080889597542286
   16   -0.497361631860562    0.808743491798522   -0.313951224916439
   17   -0.848952790672185    0.507187954808636   -0.148457191496206
   18   -0.441598796946645   -0.891310958623712   -0.102738880529992
   19   -0.750099794283611    0.142098581193249   -0.645877923324951
   20   -0.625162229044581   -0.641990685526481    0.443869515818838
   21   -0.966418208097794    0.201332955523179   -0.159689974880550
   22   -0.695620378803449   -0.717437816718004   -0.037353282804181
   23   -0.698783412196891   -0.485277169911092   -0.525554765178236
   24   -0.813918344289414   -0.380209525459338    0.439292209786566
   25   -0.701288194608495    0.597760093967482   -0.388429836859561
   26   -0.384293151891229   -0.653783278905386    0.651832952245609
   27   -0.641149867166287    0.428499174362446   -0.636643782191701
   28   -0.764148402475802    0.625409576278214    0.157924288484024
   29   -0.782850233527912    0.170130976656613    0.598498924516294
   30   -0.553671405842396   -0.809234836680569    0.196435621655233
   31   -0.508352202153368    0.842525877851290    0.178124068325239
   32   -0.919195848297051    0.200350409580177    0.339026113823877
   33   -0.268761335537768   -0.519537401756831   -0.811078438066083
   34   -0.315885704844388    0.846777847430343    0.427999414224131
   35   -0.618092767152325   -0.423064685316745    0.662553849307228
   36    0.244164537797313    0.955117586783018   -0.167732149273804
   37   -0.569669250666434   -0.747474087339387   -0.341700795435560
   38   -0.364665186229582    0.928519353143036   -0.069793357785551
   39   -0.623627343173601    0.428333390073396    0.653926176104358
   40   -0.580274126342069   -0.052759961553362   -0.812710480278700
   41   -0.452956606924646    0.682549772868718   -0.573546963901103
   42   -0.147776350081099   -0.976565684568848   -0.156466015732765
   43   -0.734707091597518   -0.141303174988613    0.663505013013807
   44   -0.791425833350208    0.455597427710186    0.407524397024020
   45   -0.300480999053790   -0.866506432330816   -0.398594746499445
   46   -0.060974933742425    0.991541826581474   -0.114572525478763
   47   -0.360427873106031   -0.830860455764738    0.423984258357163
   48   -0.354685270303553   -0.237489336215527   -0.904321388784764
   49   -0.596560181964183    0.685505387477393    0.417370714155090
   50   -0.553115771703190   -0.375289539606680   -0.743788077717699
   51   -0.227065837368757    0.903952896839153   -0.362367583809767
   52   -0.451134101685825   -0.656047986881915   -0.605044677031631
   53    0.063500389386589    0.911931664294793   -0.405398988903871
   54   -0.366124531986313   -0.424833996135285    0.827930493945916
   55   -0.497344175461361    0.236206087128020   -0.834778686562091
   56    0.110144772786246    0.984609938272252    0.135688608524733
   57    0.179871551876965   -0.970094120335699   -0.162983503813970
   58   -0.585240441723441    0.113885675772759    0.802822320457730
   59    0.007661150411971   -0.908773927658908   -0.417218474161641
   60    0.006105190730785    0.911062164550957    0.412223797190150
   61   -0.275047848595138   -0.950692197792181    0.143293496154775
   62   -0.291575549411683    0.037233541663282   -0.955822871854657
   63   -0.171665327011116    0.765764399954689   -0.619786978940507
   64   -0.409014467212372    0.341958483183822    0.846032837063432
   65    0.016379406227255   -0.001165212103478    0.999865169576577
   66   -0.413440645663951    0.643848410496295    0.643836979999106
   67   -0.078201654257059   -0.287331619723441   -0.954633459280871
   68   -0.108259436462314    0.285149545968006    0.952349531868999
   69   -0.094929238021477   -0.524403345178774    0.846161669738102
   70   -0.366582465257660    0.501567065334716   -0.783612005483031
   71   -0.178675828994920    0.301806954587093   -0.936476113040713
   72   -0.197671792148935    0.963971957408697    0.177999797523124
   73    0.035055410686924   -0.541342020650086   -0.840071386764275
   74   -0.078632035447292    0.562206441904060   -0.823250216934677
   75    0.614211872356967   -0.678010079558146   -0.403789682722709
   76   -0.199745516731956    0.542224614186628    0.816145940574139
   77    0.003819717594102    0.003618940213392   -0.999986156418794
   78   -0.158228217072064   -0.748720082267096   -0.643725150768671
   79    0.131169731458641    0.746982184078113   -0.651776125843039
   80    0.137680411559946   -0.746923093482909   -0.650499805299437
   81   -0.104312050812850    0.760891791461847    0.640439441119297
   82   -0.081348062777804   -0.914675635194540    0.395917889294943
   83   -0.098688937612393   -0.752641287106931    0.650992769955980
   84    0.305564460940829    0.870960461904629    0.384783359838775
   85    0.118896632021313    0.271146686449710   -0.955166511829917
   86    0.318204164140085   -0.856793258232767   -0.405772624225427
   87    0.207327309486321   -0.234492995651418   -0.949751768480368
   88    0.186039694842420    0.252675480316110    0.949496884455111
   89    0.353371653581668    0.814539419559133   -0.460058701068928
   90    0.022559527560868   -0.995470372536816    0.092356944068338
   91    0.209535761823137    0.517384175191943   -0.829703790384346
   92   -0.179851307163262   -0.225132794846005    0.957584843236615
   93    0.115374977503893   -0.308723583254968    0.944128361881047
   94    0.087317344973119    0.537514113600794    0.838721800686496
   95    0.499778658502034   -0.849688523631097   -0.168079461313731
   96    0.364940257430813   -0.927635557584495    0.079441052430306
   97    0.196716436171993    0.742521232216387    0.640284986117626
   98    0.328875247664807    0.044994589667199   -0.943300884328056
   99    0.193489034017419   -0.791328717076280    0.579966253540165
  100    0.306911789154411   -0.070952463939149    0.949089511868613
  101    0.625997340294607   -0.768907474010558    0.130033174054858
  102    0.324277055819512   -0.473831576044270   -0.818735628034124
  103    0.493991666934486   -0.206124801344743   -0.844680294117175
  104    0.183660068279676   -0.585779960006248    0.789386355199141
  105    0.201301176252742   -0.926032765425793    0.319282247857787
  106    0.455635150985813    0.184166746300709    0.870907124062690
  107    0.416956828343003   -0.666636751826136   -0.617853092905460
  108    0.431982530995054    0.317639740875545   -0.844094833494214
  109    0.461724961560842   -0.799429063582524    0.384347801049009
  110    0.440947871129898    0.599994800510824   -0.667511209123852
  111    0.393949694862098    0.914353494624251    0.093601948625445
  112    0.793374258635082   -0.438236297654777   -0.422499980062800
  113    0.396359061840387   -0.378874552162531    0.836273620186988
  114    0.517932447883069    0.825844607292508   -0.222994762350456
  115    0.366204577875573    0.479625136185234    0.797404499537261
  116    0.685600751380831   -0.602600907727213    0.408440639153818
  117    0.567975790329832   -0.142619080312462    0.810594411237846
  118    0.479411583915274    0.660994709509595    0.577278552527438
  119    0.624993168717813    0.400760137520840    0.669906598885505
  120    0.457035515030422   -0.621529789746449    0.636254083254962
  121    0.582431068250939    0.748192733830200    0.317776153573174
  122    0.641166307932186    0.766759811736884    0.031387205639035
  123    0.656397562118236   -0.392900041200401    0.644027792932852
  124    0.631870393513208    0.633402591423776   -0.446700081686929
  125    0.609265550504469    0.082181299743238   -0.788696217146373
  126    0.746782737809255    0.512477389101790    0.423889688680352
  127    0.607807888314318   -0.441189133755672   -0.660243681650048
  128    0.774961133770995    0.604323194164685   -0.185010048751320
  129    0.738981708440319   -0.660114794263468   -0.134738609853028
  130    0.732869536039823   -0.171094469518816   -0.658505068807256
  131    0.894124528158562   -0.156249482296400   -0.419675383394518
  132    0.831818910087422   -0.536890029558615    0.140806239142740
  133    0.804548488725451   -0.124324523964862    0.580728113690481
  134    0.688509977266112    0.109977469729318    0.716839568771810
  135    0.660076982797761    0.376578504688980   -0.649990004989936
  136    0.818549906228392    0.558337872085170    0.135036556564864
  137    0.816981717977823    0.120717642242754   -0.563886622772127
  138    0.897948770374365   -0.415546551135664   -0.144945057254193
  139    0.841397898060774    0.216629137685501    0.495097357945432
  140    0.830252688053279    0.390604900940643   -0.397628325627658
  141    0.943197433356027   -0.023394243398287    0.331408073357342
  142    0.929131968652303    0.359833634165134   -0.085050223702285
  143    0.949439158018333    0.133248727256348   -0.284271106350966
  144    0.851051861558246   -0.347967188052406    0.393229659330456
  145    0.959164848357749   -0.250426920809039    0.131488216236135
  146    0.980054982705980   -0.136162783504729   -0.144747805722317
  147    0.925406720240354    0.300026462740862    0.231530826865878
  148    0.995567863110218    0.081744501333447    0.046502327295524
   
 U =    9958.47605900678     


 http://math-lab.ru/  - см. Задача Томсона
