    299
    1    0.113944974678861   -0.127905504978593    0.985219125139989
    2   -0.028278363846746    0.021663000748252    0.999365322860831
    3   -0.206510424453241   -0.078305041563152    0.975305985349180
    4   -0.965203622747187   -0.185208531632448   -0.184607059578605
    5   -0.976784047255764   -0.085606715349889    0.196378245520355
    6   -0.911784340273323   -0.391759339743099   -0.123182533487472
    7   -0.822247382671438   -0.077931480847415   -0.563769390782170
    8   -0.825763174948367   -0.508773022764697    0.243444429400358
    9   -0.909188714185412   -0.408547684837556    0.080403179114695
   10   -0.879623364496231   -0.353270505957113   -0.318532080414415
   11   -0.975528789634298   -0.218209143813170    0.026987963075510
   12   -0.999422803024504   -0.018463181534234   -0.028516165981372
   13   -0.811631549325110   -0.298334615842424   -0.502245642221288
   14   -0.804533207832492   -0.562292779895192   -0.191188773657080
   15   -0.913817290604249   -0.136500016261579   -0.382499287519988
   16   -0.709587837997060   -0.075351846123800    0.700576333779834
   17   -0.928004757392961    0.248351857333783   -0.277720228314202
   18   -0.838418146019714    0.457834959016466   -0.295706210160112
   19   -0.898521384759279    0.084814281748936   -0.430657472641169
   20   -0.685904446605995   -0.726548976718015   -0.040763642576794
   21   -0.708421750996275   -0.222780289826989   -0.669707074160020
   22   -0.824825075517414   -0.381466275000324    0.417309328718002
   23   -0.970480880134765    0.028826884820442   -0.239449101072442
   24   -0.814755742549098   -0.579504936260446    0.018630857013153
   25   -0.761994516764733   -0.518314850668161   -0.388219103081395
   26   -0.924116069588949   -0.290044668449016    0.248764105593581
   27   -0.836902980903008    0.294719191996550   -0.461230959958848
   28   -0.638332868014142   -0.297586232744457    0.709910968850181
   29   -0.782000380948392    0.125714945757988   -0.610467981641655
   30   -0.942638118645881    0.324427448764465    0.078614297452404
   31   -0.933634264873612    0.053723287682544    0.354176323057441
   32   -0.707451955577245   -0.586480836716947    0.394400759017679
   33   -0.978902050680970    0.187261500577332   -0.081755156254004
   34   -0.983093719337127    0.119903481136257    0.138383142800346
   35   -0.576820685682571   -0.366701155735147   -0.729937092461532
   36   -0.837564025504047    0.545751468154103    0.025334525633940
   37   -0.785954086967673   -0.237232595797786    0.570961354795450
   38   -0.674843005658566    0.737707563003798   -0.019351206699033
   39   -0.662313714656720   -0.706224311773014   -0.250175468098591
   40   -0.908416652521405    0.402363381229553   -0.113502840789675
   41   -0.843032831536154    0.192035895984384    0.502412041660636
   42   -0.547263976910143   -0.165924419202965   -0.820348235012823
   43   -0.735948098403313    0.491805043670882   -0.465304411623648
   44   -0.527723523523614   -0.840864092370344   -0.120230864930844
   45   -0.900724082388748   -0.157520380658394    0.404825217942487
   46   -0.920043778601495    0.258197003932444    0.294709607269586
   47   -0.484541547375298   -0.809082972289670   -0.332572146786325
   48   -0.774756494514285    0.611861485457863   -0.159304415573562
   49   -0.690274151838427   -0.451340046310716    0.565520784675490
   50   -0.493654786218224    0.038082011324860   -0.868823752240518
   51   -0.863550595979418    0.456219043515436    0.214812831361287
   52   -0.685464071467167   -0.453261528416062   -0.569818386493092
   53   -0.679055250741746    0.652968481622120   -0.335434238634293
   54   -0.609441713180613   -0.657164842055184   -0.443525837581154
   55   -0.555854832827211    0.660901902323919   -0.504216303115299
   56   -0.460795650208775   -0.343314376123335    0.818414691886526
   57   -0.677712721503184   -0.017444051707620   -0.735119835246451
   58   -0.564434421545300    0.808346864864587    0.167299521333493
   59   -0.344131202541821   -0.916950072142937   -0.201931376051824
   60   -0.837072428352894   -0.014009787915147    0.546912676333217
   61   -0.410926150485524   -0.746754593812147   -0.522969669739655
   62   -0.605329824022966    0.710166612161982    0.359498521719767
   63   -0.708815094215604   -0.681332872551128    0.182665483858753
   64   -0.519602364145791    0.376790459868227   -0.766839182962370
   65   -0.429316906965326    0.584344843484546   -0.688642212826623
   66   -0.722723244240204    0.140706223230075    0.676663040943750
   67   -0.573341950891177    0.089935025439638    0.814365212019442
   68   -0.814168220481978    0.385549372788443    0.434144895051925
   69   -0.352013685584957   -0.114085098704270   -0.929016122257591
   70   -0.394239802972119    0.242662171773885    0.886391588488116
   71   -0.373247554000362   -0.661253404483282    0.650715143893252
   72   -0.707926973078217    0.318461189184513   -0.630414047885593
   73   -0.613456540204093    0.182733746986980   -0.768296460354284
   74   -0.729650799228908    0.663958325558221    0.163612509016085
   75   -0.392543065198954   -0.309716722586413   -0.866017028536126
   76   -0.604865536801217    0.497846055067570   -0.621519901406088
   77    0.118513450860667   -0.967923738697715    0.221535997143883
   78   -0.705629401514444    0.343276092665071    0.619877949214980
   79   -0.209319483885411    0.304641627252690   -0.929181808157466
   80   -0.526555119615067   -0.585847627307640   -0.616053783029673
   81   -0.238063967496064    0.648005883478744   -0.723473511855800
   82   -0.418326788704310   -0.491278025689207   -0.763968977987493
   83   -0.749318475681180    0.565426828113017    0.344694537312220
   84   -0.557108656678156   -0.639490298021744    0.529794397280985
   85   -0.523190990093971   -0.500719887667027    0.689601901084394
   86   -0.503982146848847    0.671059533477938    0.543765664772978
   87   -0.327906880970469    0.453494959227231   -0.828745678340292
   88   -0.278198792818075   -0.870437106426031   -0.406133814685806
   89   -0.412146861021895    0.240289935404559   -0.878860462128699
   90   -0.211257859617019    0.143794070655266    0.966795418894000
   91   -0.587061127767738    0.784775044621879   -0.198714271261023
   92   -0.560166996274896   -0.821123252136035    0.109405397882838
   93   -0.037451513144474    0.687372911171069   -0.725338448692332
   94   -0.554964732447944   -0.125900926976333    0.822291373130888
   95   -0.376098772088104   -0.173333710891858    0.910222576242909
   96   -0.563075270307144    0.297759625777464    0.770899114816849
   97   -0.198016155985786   -0.978493407519745   -0.057794925460735
   98   -0.389527941283931   -0.920658911228868    0.025595939794770
   99   -0.661167953914096    0.531904540249052    0.529088363867031
  100   -0.079953184435460    0.137399327592795   -0.987283603163588
  101   -0.408513684455629   -0.782965524727100    0.469128507662137
  102   -0.397653858771645    0.036050465372999    0.916827013427512
  103   -0.412912747243588   -0.874203147255191    0.255483699074661
  104   -0.285312856763820    0.090058016342699   -0.954193967418410
  105   -0.147643465615006   -0.081556345057751   -0.985672343957165
  106   -0.209766546253286   -0.784827969996738    0.583132106459392
  107   -0.572292534208557   -0.750443993874380    0.330628291812752
  108   -0.117077144432288   -0.480494316227908    0.869147947316368
  109   -0.134635339908070   -0.954274602344702   -0.266895688552100
  110   -0.125803277507796    0.508980100612432   -0.851535549785712
  111   -0.243341398332456   -0.886695131231212    0.393137009334493
  112   -0.361783539331964    0.747322342325604   -0.557334717498749
  113   -0.278602389044942    0.959819930639406   -0.033562025651257
  114   -0.229528898907503   -0.480859018963532   -0.846221654442699
  115   -0.325667203485411   -0.508632819483010    0.797015387253443
  116   -0.488560312370349    0.872208497810675   -0.023688763653532
  117   -0.531721351863649    0.492401721641572    0.689066722819140
  118   -0.235741284228157   -0.956675617454703    0.170873666426754
  119   -0.245291187329157   -0.329771010089613    0.911637710015952
  120   -0.353995170931329    0.621733581300464    0.698666424583720
  121   -0.371253771715432    0.438939503747944    0.818231476439629
  122   -0.030877568159415   -0.862782224267699    0.504631954271867
  123   -0.437299564804254    0.825166935510614    0.357587218957881
  124   -0.162652266647619    0.976218089782005    0.143326485119691
  125    0.054995327268622   -0.585213082284490    0.809012461153538
  126   -0.472942262325247    0.798333236341286   -0.372813170716278
  127    0.054683224213854   -0.040670483390434   -0.997675125865312
  128   -0.374037970610187    0.913422072237296    0.160485870068169
  129   -0.311436225635469   -0.652090862852514   -0.691219924442428
  130   -0.382065127463675    0.900046024577270   -0.209626792225657
  131    0.023030046017733   -0.992849645740550   -0.117128979903713
  132   -0.190998319023973   -0.784262280198465   -0.590298499056131
  133    0.015170243152336   -0.252598256916236   -0.967452316305862
  134   -0.042067873909161   -0.995486681114016    0.085067982868790
  135    0.062120974244506   -0.385178988886642    0.920748679651064
  136   -0.004300068922476    0.229449549150439    0.973311057063425
  137    0.083358564556755    0.540041748157699   -0.837500005947351
  138   -0.268332055892037    0.877614879761922   -0.397227932805864
  139    0.126402109622393    0.179874947180674   -0.975534474049871
  140    0.189894683568548   -0.981239286971780    0.033308720412421
  141   -0.327678005337795    0.776847061654460    0.537713462372550
  142   -0.160658353114955    0.803200751675473   -0.573635290129840
  143    0.241535021790023   -0.275036223055293    0.930599757820929
  144   -0.054711256797826    0.915340830006991   -0.398945915258842
  145   -0.001682948828993    0.350222644797238   -0.936664970389342
  146   -0.165967218986514   -0.648521073112961    0.742883099787777
  147   -0.065816079470404   -0.948077675106136    0.311154247357304
  148    0.081849107396800   -0.945081712488901   -0.316419468960735
  149   -0.049467871154000    0.998111593937524   -0.036416696321683
  150    0.164695015617588    0.909524329011915   -0.381629462654744
  151    0.046605005972068    0.823060954447338   -0.566037665427471
  152    0.221910240607746   -0.210727076243363   -0.952024130183335
  153    0.239974412074725   -0.645511446534303    0.725070516531035
  154    0.306287153650049    0.541400793919093   -0.782990012613652
  155    0.010689253777400   -0.740577750585355    0.671885656337161
  156   -0.067099477439019   -0.233425058967970    0.970056906564357
  157   -0.191529424117468   -0.287180233837167   -0.938532893930980
  158    0.075567059704675    0.987542942877777    0.138016504302529
  159    0.252784514196765   -0.000041230747820   -0.967522603189368
  160    0.179106830556422    0.081315288747097    0.980463445042195
  161   -0.247881238516588    0.906197765729052    0.342579189355040
  162    0.245301225623608   -0.956500523609732   -0.157905215372590
  163    0.006516516417339    0.432930050610890    0.901403963987198
  164    0.195468052582880   -0.787445263489338    0.584570096248229
  165   -0.193219433025232    0.348424108056179    0.917206024634958
  166   -0.109597662228959   -0.637639596665697   -0.762498588325221
  167   -0.160264011896943    0.709441661220297    0.686300208229373
  168    0.187347936934713    0.311240554539162    0.931681312325444
  169   -0.178421855039050    0.542193741648894    0.821091705086098
  170    0.433298747319106   -0.511643393641223    0.741938833944541
  171   -0.137699118347206    0.845211892902312    0.516387266402738
  172    0.362680525802550   -0.816024495977492    0.450074280722933
  173    0.248948148891039   -0.473052918211631    0.845130614600598
  174    0.412683648877618   -0.679500316520920    0.606606565903324
  175    0.026822722795154    0.610626948168066    0.791464005317240
  176    0.421058704400263   -0.317993642876594    0.849464307984064
  177    0.045372518225914    0.758873043386565    0.649656092568253
  178   -0.058765115921147   -0.883753432527170   -0.464248351259559
  179    0.559515366864682   -0.696255165426903    0.449634628180077
  180   -0.041566442342414    0.949120701873615    0.312157210626202
  181    0.060073343776984    0.875617500739883    0.479254823413905
  182    0.061220472913633    0.975061331100188   -0.213324762485185
  183    0.172020272518782    0.689705837345351   -0.703359711509205
  184    0.018461506635628   -0.761324989237228   -0.648107578674773
  185   -0.164993726415433    0.961636060397719   -0.219164681429978
  186    0.174032569940613   -0.410549044869050   -0.895076614797290
  187    0.189150794925933    0.981122635840136   -0.040253574015126
  188    0.098482982339299   -0.600117694423084   -0.793826086135924
  189    0.382342549620115    0.679311165986685   -0.626378890541341
  190    0.153780374750751   -0.846883442048335   -0.509057984836583
  191    0.210475039154818    0.383405815139608   -0.899277620543240
  192    0.296971517544800    0.929644961256540   -0.218101269545742
  193    0.593139163943995   -0.540174830188001    0.596990020877387
  194    0.402093131648654    0.915536779476966   -0.010654525138365
  195    0.187748325063830    0.926405580481141    0.326379023359538
  196    0.254526325263582    0.804826705086634   -0.536162591502997
  197    0.233274213334502   -0.709288830767710   -0.665201094362708
  198    0.247549612080096    0.808423963964935    0.534012999885036
  199    0.394110716955684    0.830055369494511   -0.394569165488140
  200   -0.030891810299900   -0.452815107983496   -0.891069118552702
  201    0.382281663111890   -0.356864172377765   -0.852354792631296
  202    0.213431722610369    0.505838964384139    0.835807299498127
  203    0.381502590424454    0.846436235125415    0.371485495499010
  204    0.422786469098527   -0.160870513991254   -0.891836464423489
  205    0.331382291855068    0.215905102475668   -0.918461084297998
  206    0.722106184204434   -0.549774778668917    0.419893262000304
  207    0.571941645440763    0.747778751787438   -0.337208678099679
  208    0.297118050934993    0.941490112805755    0.159113894106073
  209    0.665202239633971    0.716126420142307    0.211350256115560
  210    0.492848734267230    0.847975787998857    0.195031249031805
  211    0.236148063289534    0.671680663126073    0.702195969076383
  212    0.585382470274616    0.576513879137119    0.570051849095729
  213    0.530300790651936   -0.440453765837858   -0.724418077903348
  214    0.412661174768890    0.556376522680227    0.721218357953136
  215    0.332547093037110   -0.087046267026228    0.939060902343062
  216    0.817085032549731   -0.534531674470287    0.215981338479036
  217    0.424370009472135    0.708851481774272    0.563417848356829
  218    0.155818988963786   -0.896995630682084    0.413665663568484
  219    0.348512169500505    0.174485943836425    0.920920150237556
  220    0.673718562837532   -0.691939904031844    0.259465734339880
  221    0.385355109492094    0.378310061848537    0.841654879800796
  222    0.570161558597046    0.409756334414016    0.712050239453493
  223    0.494688051672483    0.850479407730068   -0.178797395281911
  224    0.537189485821810    0.223366665378217    0.813347889356280
  225    0.310141272666149   -0.541118885226817   -0.781666644446280
  226    0.483802409276613    0.025579455047424    0.874803360908965
  227    0.722373159970508    0.407993800359003    0.558317182811742
  228    0.316669393278804   -0.914106855181064    0.253237344543453
  229    0.289206271987134   -0.891627326466851   -0.348368257653995
  230    0.498776274582234   -0.819537651278467    0.282099744861357
  231    0.479251610633449   -0.814860522626252   -0.326067818667401
  232    0.369120600494063   -0.773602445908503   -0.515062363190404
  233    0.698579670545025    0.221687888337889    0.680324131620724
  234    0.593696507659790   -0.358788022740866    0.720274677834969
  235    0.683447309133362    0.712125915761457   -0.160550477231534
  236    0.434267324118018    0.374090254112482   -0.819431737841191
  237    0.546065694058258   -0.163363219860063    0.821659732595936
  238    0.391210522076800   -0.918335389712328    0.060120208069369
  239    0.572071749734490   -0.815075914521381    0.091570555982009
  240    0.442679700835689   -0.886459705889628   -0.134995823276498
  241    0.583531477995008   -0.243512703467994   -0.774720967470657
  242    0.619822970804794   -0.778261415512072   -0.100641214161320
  243    0.513138152733928    0.517822968888576   -0.684506105962710
  244    0.448634355265010   -0.617517952105801   -0.646064078944965
  245    0.558213137702783    0.730206243686774    0.393950421470602
  246    0.776460423221747   -0.612566884475206   -0.147888549978166
  247    0.654871648052542   -0.500694160318988   -0.566081692337256
  248    0.442407708625615    0.042432410118879   -0.895809639332005
  249    0.797411595194670    0.010848087384863    0.603338269007679
  250    0.656488684539541    0.022876517674575    0.753988907087251
  251    0.738053200929291   -0.375763655580218    0.560427647197226
  252    0.711519612848905    0.578948675249713    0.398193761827011
  253    0.564920796555024   -0.670653502524074   -0.480716520593820
  254    0.648009328035312   -0.704805719267941   -0.288674226190049
  255    0.740388860289626   -0.669771873402431    0.056832852805625
  256    0.806495454790265    0.552831838015909    0.209623568041848
  257    0.596583494309930    0.802395668927964    0.015790022248204
  258    0.712523990373263   -0.181084832288601    0.677877456962224
  259    0.551666263448366    0.195222738055326   -0.810896057654185
  260    0.761190283052575    0.648117467527810    0.023088985938729
  261    0.716544825944775   -0.308387431734580   -0.625668206288222
  262    0.840947818631211   -0.193744101392072    0.505242505649699
  263    0.818640732398725    0.543464377703651   -0.185671272481400
  264    0.747220532861171   -0.547965147598535   -0.376026159047458
  265    0.846589627369010   -0.381554453255528    0.371082473356094
  266    0.607070462909100   -0.033303145703432   -0.793949843220330
  267    0.716258388568761    0.123902534567277   -0.686747466491640
  268    0.746722796869562   -0.099825293427246   -0.657601684477362
  269    0.833998039516468    0.398234439178219    0.381911771925267
  270    0.826716915875823    0.210666753630020    0.521688278495652
  271    0.547621977215717    0.659277525976533   -0.515231320682866
  272    0.636645632296137    0.340536241164714   -0.691894072334530
  273    0.715991950516013    0.596563306473122   -0.362584815134516
  274    0.868522889019922   -0.439472830554945   -0.229197780208519
  275    0.869234583233781   -0.494395403958252    0.002103296306527
  276    0.904675768882925   -0.000906228482684    0.426099673722037
  277    0.684004825535491    0.485596974602854   -0.544364746195708
  278    0.815897017642940   -0.367828342284853   -0.446110263514900
  279    0.881956982861832    0.471327418884488   -0.001531205061877
  280    0.947314152330313   -0.311041941067251   -0.076477497944285
  281    0.787767671088203    0.276152801328192   -0.550601241105449
  282    0.822686260250001    0.413705731588193   -0.389916510097926
  283    0.855562284425218   -0.163956142283483   -0.491051484955112
  284    0.921885298114722   -0.354837232704102    0.155621449057720
  285    0.911794329704448    0.350284055612865   -0.214317943024424
  286    0.846163305555046    0.055964582204034   -0.529977005039734
  287    0.937408787328003   -0.022379518892889   -0.347511039499993
  288    0.922441908606389   -0.244969179450138   -0.298481199351196
  289    0.930636383408722   -0.199633747342239    0.306695759341451
  290    0.902442132575132    0.201849128296860   -0.380598379869182
  291    0.982923582474523   -0.167653668729818    0.075851686710851
  292    0.972801365613205    0.125045609157355   -0.194989996388402
  293    0.918658056459954    0.197330763824711    0.342239601667569
  294    0.909737076801827    0.372422113212887    0.183521717194764
  295    0.974143998017525   -0.013731639458462    0.225510339461887
  296    0.982546002604563   -0.108125958983219   -0.151367532052790
  297    0.973300449940194    0.177205906043697    0.145891401423962
  298    0.961442681467291    0.272917226517618   -0.033825400558103
  299    0.999388442811830    0.034789206488683   -0.003528666324961
   
 U =    41846.3526951605     


 http://math-lab.ru/  - см. Задача Томсона
