    293
    1    0.019402618190000   -0.000052130322850    0.999811750125894
    2   -0.159941902123577   -0.102742351945326    0.981765041678423
    3   -0.969493219847015   -0.163798848169327   -0.182353596095800
    4   -0.975440710647406   -0.071666331227758    0.208277115833780
    5   -0.921747767902767   -0.370763507212654   -0.113646267363428
    6   -0.818255524918318   -0.063420546900564   -0.571345543582412
    7   -0.830587230593648   -0.493289592393889    0.258438059137281
    8   -0.916822453681173   -0.388032773996637    0.094165570834077
    9   -0.888538904527184   -0.334175250991943   -0.314365260113302
   10   -0.979760095760194   -0.196979076589587    0.035628614088807
   11   -0.999622342810762    0.001795339249347   -0.027421679571154
   12   -0.816115181095877   -0.283321697269479   -0.503671348243262
   13   -0.819020425095685   -0.543174826516819   -0.184842233038089
   14   -0.914891155423840   -0.118059274583070   -0.386052044952685
   15   -0.688230277736264   -0.082216158093563    0.720818692984164
   16   -0.919354100408005    0.268039658996586   -0.287997880665781
   17   -0.823747974308843    0.474963963621992   -0.309594102144348
   18   -0.892031168783944    0.102552780090320   -0.440185553163318
   19   -0.702333016822210   -0.711042623758067   -0.033863264471364
   20   -0.706273865384737   -0.211560549477304   -0.675588159294821
   21   -0.818038146678186   -0.373045136787577    0.437779529556211
   22   -0.968284722392315    0.049231831546900   -0.244950858631227
   23   -0.827066433871202   -0.561348769707061    0.029131987778759
   24   -0.774189213216630   -0.500861631375964   -0.386999597356925
   25   -0.923675174294269   -0.274641845359262    0.267200353985752
   26   -0.823325717769745    0.310569566342459   -0.475059266745521
   27   -0.613411045826853   -0.308685598806800    0.726938848835921
   28   -0.769981256375048    0.139020316691476   -0.622737678624078
   29   -0.938486080427075    0.337336170535076    0.073811820824015
   30   -0.928337159461495    0.060917212674054    0.366714073309146
   31   -0.705976389804903   -0.577297753168922    0.410273861248983
   32   -0.974607248503979    0.205954112174009   -0.087884098915107
   33   -0.980984852439835    0.132754691040172    0.141580052586595
   34   -0.574790947177671   -0.357957557428972   -0.735854438134390
   35   -0.828857199291477    0.559076787731329    0.020709625846639
   36   -0.769727387151398   -0.237044565099743    0.592730650148747
   37   -0.660895808944774    0.750053892801319   -0.025216812106628
   38   -0.680430404133715   -0.689443409225834   -0.248359116211765
   39   -0.899053418731359    0.420277064452001   -0.122760495938490
   40   -0.837386211029789    0.195438446059545    0.510478351528255
   41   -0.537527258782490   -0.158170757956981   -0.828279214633022
   42   -0.715708484489337    0.504657949745636   -0.482785375698671
   43   -0.548507396892034   -0.827872681327639   -0.117330554699581
   44   -0.892406241000676   -0.148734821050608    0.426015321356036
   45   -0.917132069338484    0.265971529662695    0.296863458175296
   46   -0.504764075062306   -0.795765918196046   -0.334618935453597
   47   -0.761574046282947    0.626023328994372   -0.167629840968199
   48   -0.673071149558431   -0.454425932425150    0.583500042477827
   49   -0.473570635045183    0.043759963057353   -0.879668073341372
   50   -0.859265307355925    0.465500480879212    0.212067050424505
   51   -0.691079256650857   -0.439944402512256   -0.573461754369926
   52   -0.661653338395496    0.664093036804507   -0.348131150944388
   53   -0.623417408081003   -0.641880748926309   -0.446474903504515
   54   -0.531343325173906    0.669196912384528   -0.519470656772979
   55   -0.426411933719323   -0.361229701454067    0.829268331464040
   56   -0.666477561134719   -0.006959050878867   -0.745492610368998
   57   -0.548817571742964    0.820543566741740    0.159710763647602
   58   -0.367764644531369   -0.906828441135417   -0.205940148054297
   59   -0.823504932905275   -0.011099709441273    0.567200512985486
   60   -0.421279112517073   -0.740303072313926   -0.523903875228452
   61   -0.595920213947307    0.720994278690600    0.353618931484752
   62   -0.719096383625484   -0.667015198036926    0.194913100238317
   63   -0.490863972076491    0.382762079826280   -0.782653020925844
   64   -0.396101368666215    0.589332849118154   -0.704123922822560
   65   -0.710312988299028    0.137013429821118    0.690422174254534
   66   -0.553404140647116    0.072878495283289    0.829718375136932
   67   -0.810737098531858    0.392568177982220    0.434275929219965
   68   -0.333802484818966   -0.112568172245652   -0.935897594679011
   69   -0.381574007355728    0.219445181339870    0.897911515293797
   70   -0.344907211068962   -0.672396870713567    0.654920960122085
   71   -0.688368659205749    0.329915087982175   -0.645991194789057
   72   -0.593132385916171    0.191447305934798   -0.782011446097625
   73   -0.719511541000791    0.675969225889117    0.159275698138586
   74   -0.383810482933240   -0.306400253624981   -0.871096089859839
   75   -0.578087147409248    0.506953340572861   -0.639385298925660
   76    0.176753337288253   -0.931109537876823    0.319050601366420
   77   -0.704504021643015    0.342027496413675    0.621845057217481
   78   -0.172311042451038    0.300327245176410   -0.938143086343541
   79   -0.531707960971999   -0.576601826493634   -0.620336181375232
   80   -0.198161834142255    0.646298061544017   -0.736906169830205
   81   -0.415847917924645   -0.486960678144678   -0.768075391546047
   82   -0.743628452340950    0.574881184307326    0.341362488856656
   83   -0.541158764085120   -0.644280633453538    0.540416189071509
   84   -0.494815699265083   -0.513458561821677    0.701083254009695
   85   -0.497553024405918    0.679953300954487    0.538613494470405
   86   -0.292069148154635    0.454287974012662   -0.841616331450202
   87   -0.290904082858123   -0.867160931083693   -0.404235988227839
   88   -0.382401323612693    0.242746803836440   -0.891539801089359
   89   -0.183243608767849    0.116411953493803    0.976150622050456
   90   -0.570550351359188    0.794971087768615   -0.206138948711525
   91   -0.576209880934873   -0.808458841086222    0.119901940695479
   92    0.010495282833304    0.675172016259555   -0.737585654346840
   93   -0.525305696635397   -0.144236311146765    0.838599911536588
   94   -0.337821001720154   -0.193285190649405    0.921150262374394
   95   -0.558134040286233    0.283084589592486    0.779967632795759
   96   -0.228728285558612   -0.971508956448835   -0.062078328949113
   97   -0.412816401952126   -0.910270009688659    0.031482181320707
   98   -0.656756752093083    0.539716405261431    0.526665710362677
   99   -0.044157826018958    0.127099639598813   -0.990906538486416
  100   -0.389405335540732   -0.788785623157551    0.475584614293150
  101   -0.367846345169454    0.012917838312997    0.929796857275176
  102   -0.423717957733444   -0.864635215924806    0.269942652570624
  103   -0.255821973177858    0.088402727462981   -0.962673400388986
  104   -0.123610324855105   -0.090268772027628   -0.988216593862823
  105   -0.178982839577150   -0.797962648905707    0.575517813875720
  106   -0.576322844797744   -0.740801922624219    0.345057227138479
  107   -0.066671370986558   -0.490594775220187    0.868833525376080
  108   -0.145193321288431   -0.954034773594204   -0.262176563075897
  109   -0.083475694105061    0.501632866684019   -0.861043712918253
  110   -0.220763655347544   -0.894447912834868    0.388878309632897
  111   -0.332050362779190    0.750350405377089   -0.571591485003623
  112   -0.250152592862002    0.967631769354467   -0.033353249022563
  113   -0.222286400396881   -0.486982737380404   -0.844651744621466
  114   -0.284892083166717   -0.522292436541549    0.803770559102795
  115   -0.468060761686276    0.883143513552792   -0.031251525391459
  116   -0.540447761198926    0.481808802826319    0.689765536203526
  117   -0.257737690722583   -0.949267469436489    0.180173678018281
  118   -0.200247541554978   -0.345284347291853    0.916885838922396
  119   -0.372437163189545    0.610748756654279    0.698767855385876
  120   -0.378990346367150    0.421489092651846    0.823840556258328
  121    0.002259455011035   -0.881290289834340    0.472569910073376
  122   -0.423601934777275    0.835856936868881    0.349148366659678
  123   -0.128061590926635    0.979672473169811    0.154408789395825
  124    0.081261531905984   -0.613580378325174    0.785439802127846
  125   -0.455177814358107    0.804243835124397   -0.382106020602369
  126    0.083119273030920   -0.057158520504259   -0.994899035070683
  127   -0.351358185200677    0.923737269512184    0.152502074106095
  128   -0.313023269821713   -0.651947479906771   -0.690638049917128
  129   -0.360659162773698    0.907528923291677   -0.215212038920744
  130    0.007127525400547   -0.994347640593427   -0.105933790774943
  131   -0.195448101957830   -0.787953308804833   -0.583891790132895
  132    0.031132627900152   -0.270110351566822   -0.962325910207389
  133   -0.079130424749938   -0.993411942130783    0.082892032855038
  134    0.123847348444720   -0.401523640587587    0.907436278937812
  135   -0.000692921680527    0.228843999766410    0.973462861967757
  136    0.132154872019936    0.522711836036249   -0.842203910148253
  137   -0.251857081399725    0.876908914142398   -0.409388283719030
  138    0.167333886200069    0.163290260272783   -0.972283735043032
  139    0.126888086913507   -0.985506136804402    0.112592485185706
  140   -0.317368328858912    0.786811462790891    0.529343995770387
  141   -0.124212635982673    0.797711619593177   -0.590107950317792
  142    0.169979810196988   -0.145874383932387    0.974590954317627
  143   -0.043311319350950    0.908447506578107   -0.415749031758464
  144    0.041259972120585    0.337195010687086   -0.940530243781849
  145   -0.132743915929219   -0.662848520047614    0.736892727779603
  146   -0.038891334349097   -0.957744890218286    0.284977524330096
  147    0.088069440632849   -0.952711272900129   -0.290835011846292
  148   -0.026201722681258    0.999138873493243   -0.032171123747658
  149    0.164795517881441    0.900480344010590   -0.402464392632140
  150    0.090751524633564    0.806378119885617   -0.584395832074819
  151    0.239008693932331   -0.234341034405434   -0.942315830185693
  152    0.269021626979622   -0.525722919616659    0.806996143737362
  153    0.367332335349918    0.511246789773049   -0.776977268234487
  154    0.042605947330311   -0.766668836616968    0.640627526892555
  155   -0.011140535972229   -0.254032028760545    0.967131643997886
  156   -0.178543716218941   -0.294890287948365   -0.938702220873297
  157    0.099880100456320    0.981593713128314    0.162781288481829
  158    0.284121969688365   -0.021223078150414   -0.958553226114349
  159    0.186047014843493    0.128355242906027    0.974120854866766
  160   -0.227782389106026    0.914276782219856    0.334982311035759
  161    0.220688639739912   -0.972007187947389   -0.080613589849081
  162    0.002542417309304    0.432446695738333    0.901655916333511
  163    0.254831330966197   -0.700858146944933    0.666227326532701
  164   -0.194554801465913    0.331911207177233    0.923029457697159
  165   -0.105009476605478   -0.648819449541868   -0.753661947904517
  166   -0.189182085873514    0.703416165563616    0.685139282488113
  167    0.198402549230893    0.343650308890492    0.917900263459027
  168   -0.192969604933743    0.530728149449454    0.825281989960809
  169    0.438558734196531   -0.413227141824395    0.798066141318862
  170   -0.116947135322131    0.854966262669100    0.505327673136528
  171    0.423132473486902   -0.746690015724942    0.513237693761421
  172    0.302163248361217   -0.291841578980279    0.907483258312843
  173    0.444084378755964   -0.596064837371307    0.668951249490161
  174    0.006726048712509    0.611355656195859    0.791327379727283
  175    0.458125122902751   -0.154264760703534    0.875399197720914
  176    0.006667829075603    0.762604142864090    0.646831091817597
  177   -0.063281080450882   -0.891198249131691   -0.449178344982900
  178    0.604242190560527   -0.617858909306340    0.503131934324781
  179   -0.002494438707064    0.940167142081719    0.340704450698006
  180    0.124234543132503    0.855862087627621    0.502061614997949
  181    0.072309275059966    0.972882759911847   -0.219705494256767
  182    0.229911530138610    0.663348480682066   -0.712116199426834
  183    0.019594548673418   -0.777420644318636   -0.628675747464050
  184   -0.145940667158112    0.963147727213877   -0.225937551620328
  185    0.186887118158255   -0.435358787815313   -0.880645178797048
  186    0.198665728416683    0.979904766251252   -0.017848737511335
  187    0.106755490208902   -0.622113811160422   -0.775614383101366
  188    0.454984483213605    0.634337908325571   -0.624983630262416
  189    0.153763405923481   -0.867983267691700   -0.472188375551590
  190    0.259269404851076    0.364494426667488   -0.894384251111628
  191    0.288822435542142    0.936990837307537   -0.196544578987127
  192    0.611020468613079   -0.457633830843781    0.645929766927566
  193    0.428418967382400    0.903104247305161   -0.029324168980152
  194    0.230599781593278    0.913586187278117    0.334938828958014
  195    0.305669023458081    0.774621040043160   -0.553650334074348
  196    0.233814799369369   -0.739299411995018   -0.631480022660798
  197    0.329003566897554    0.787221149844641    0.521574073556162
  198    0.366219426577334    0.853768679454549   -0.370084279022771
  199   -0.019699657505497   -0.469382824517020   -0.882774992590179
  200    0.392971175893155   -0.387783254765211   -0.833785225487266
  201    0.206144451140318    0.536443686573048    0.818371942578663
  202    0.434674167799319    0.832763888566257    0.342874136889875
  203    0.440289437230849   -0.189180048525259   -0.877699333885427
  204    0.375574399499614    0.195216286624024   -0.905999156664746
  205    0.755136106189627   -0.439416709616862    0.486500171056762
  206    0.518916243881986    0.732778377559577   -0.440183803900786
  207    0.332848507034345    0.930109473106088    0.155268282026054
  208    0.710125530344856    0.692508210031778    0.127098820572886
  209    0.537060402113961    0.829840217983343    0.151430964794350
  210    0.203811110664840    0.705524901414607    0.678745640614710
  211    0.675199112499981    0.546131233644402    0.495829440551165
  212    0.525481485150947   -0.493887848080069   -0.692779908977154
  213    0.388638338466465    0.614705775977523    0.686365100259255
  214    0.329412167397345   -0.012115606829368    0.944108487432318
  215    0.864507417018842   -0.398902506927502    0.305783773091974
  216    0.513614889249616    0.682010559062772    0.520635518254363
  217    0.220489889920779   -0.835500041803037    0.503312913196002
  218    0.374781300464451    0.220708344265881    0.900459218173476
  219    0.736978271985643   -0.590517297685837    0.328865242546049
  220    0.389996080731091    0.429091271404752    0.814729242029916
  221    0.556132361461883    0.492217614495905    0.669655595447981
  222    0.508312450683078    0.833366796817027   -0.217067350017207
  223    0.550485790079509    0.291326342329428    0.782364593514747
  224    0.317506721773460   -0.573425404607511   -0.755230287382188
  225    0.515667446860712    0.070237488127748    0.853905017850147
  226    0.808530256047204    0.383581223348103    0.446255834864952
  227    0.384224575353333   -0.860578448529484    0.334329492598451
  228    0.298515131186623   -0.915518453703622   -0.269656591576698
  229    0.571193360983103   -0.749084943979815    0.335573972577708
  230    0.495024986048183   -0.835463793477541   -0.238643066054960
  231    0.356999191627213   -0.818769773216416   -0.449630554616403
  232    0.700726013576315    0.343737552263270    0.625162018249270
  233    0.584482876112366   -0.275845910394199    0.763078502678598
  234    0.661500102147209    0.697392258798942   -0.275792770439223
  235    0.491633014482947    0.342147168553869   -0.800769813442653
  236    0.646105831735357   -0.074741322946503    0.759579481582914
  237    0.327005388471502   -0.934753075136194    0.138939427212114
  238    0.520763589293092   -0.842008399369580    0.140808875635216
  239    0.421669336567829   -0.905179697852776   -0.053335590308958
  240    0.588998003664504   -0.292153628674179   -0.753477012875469
  241    0.612487925237628   -0.788354049115255   -0.057934745029970
  242    0.585684381537719    0.469468309449380   -0.660736945875982
  243    0.437558131183514   -0.670619207166745   -0.599009816959820
  244    0.614561848706661    0.715313282553384    0.332626880929599
  245    0.764982584816807   -0.642928730873205   -0.038003841184361
  246    0.630565139516902   -0.579920838819746   -0.515828872329412
  247    0.475198708391625    0.016038797201614   -0.879732314131553
  248    0.812982660967787    0.165917584557023    0.558149216697918
  249    0.681937726635517    0.134188056427573    0.718995481559775
  250    0.737292261234041   -0.261090158091258    0.623082699865978
  251    0.765558269005889    0.569297516073701    0.299701309555065
  252    0.545263875159876   -0.729705523818877   -0.412573817581597
  253    0.674898308971341   -0.690839383948454   -0.259332254325112
  254    0.689008426767868   -0.708806430418186    0.151197989539202
  255    0.843008168951439    0.532986649175297    0.072542807238421
  256    0.623939732187607    0.779985625885225   -0.048183337473562
  257    0.792507507940229   -0.049339073197158    0.607863064936844
  258    0.596823581166000    0.156349620485796   -0.786992000682433
  259    0.769529519045875    0.630471832297959   -0.101634580708923
  260    0.702817287855995   -0.386271795620659   -0.597362502839554
  261    0.901868452340603   -0.016485918707100    0.431696084250422
  262    0.880398230387770    0.448627785707265   -0.153727244890032
  263    0.772192640796312   -0.485842954346082   -0.409481561504652
  264    0.857684759121376   -0.231992481910639    0.458864187214310
  265    0.629525497784469   -0.079288367899319   -0.772923671752314
  266    0.751293559193794    0.060206766293003   -0.657216199744392
  267    0.754914860353210   -0.172731975871918   -0.632666751243715
  268    0.881004382349797    0.405658380583161    0.243459558331767
  269    0.904057268446756    0.199821915518389    0.377824903159059
  270    0.649784353413827    0.582220685915322   -0.488671021189990
  271    0.695586533801929    0.284417562619358   -0.659746939414713
  272    0.784730211957779    0.530198651229694   -0.321073020783298
  273    0.808815898988647   -0.545540794254174   -0.219549728644132
  274    0.834965208797127   -0.532532562733370    0.138716148039796
  275    0.972426498490543    0.019023450797746    0.232432384475933
  276    0.764682648271757    0.403446278062601   -0.502485371080121
  277    0.896123344105687   -0.351726612498702   -0.270649851670066
  278    0.938414406327565    0.345240298576484    0.013694460036982
  279    0.894215385783796   -0.444190148766748   -0.055443264389021
  280    0.839227428687982    0.190066293242549   -0.509482214714896
  281    0.884005521683380    0.322448710210560   -0.338468708918331
  282    0.841768046889215   -0.273824086281701   -0.465238567842680
  283    0.939523411515610   -0.324847384940594    0.108489334551040
  284    0.960673732984301    0.222294144018057   -0.166407007933224
  285    0.865623563495521   -0.039881426649777   -0.499104516238526
  286    0.936963862991061   -0.138968184218242   -0.320603436076335
  287    0.965744297271061   -0.235997595662481   -0.107903137720606
  288    0.943676101409818   -0.188387486201383    0.272002887246974
  289    0.935782965526370    0.094095062557279   -0.339788699978404
  290    0.991966245725907   -0.111626971013309    0.059517952609634
  291    0.987438386582247   -0.017375685028243   -0.157046229733949
  292    0.958261086285192    0.222700096417652    0.179277320280881
  293    0.994470598499288    0.104438002460097    0.010996925143568
   
 U =    40155.7728717869     


 http://math-lab.ru/  - см. Задача Томсона
