     64
    1   -0.227105809750083   -0.001781261727630    0.973868460462919
    2   -0.972823084774973   -0.092909929480081   -0.212091939339789
    3   -0.789543102275329    0.342191528765970    0.509437579385599
    4   -0.856490462733555   -0.200825161866291    0.475492735599440
    5   -0.442381836006671   -0.019863952895460   -0.896606789259781
    6   -0.631713410307526    0.013468307038084    0.775085009494547
    7   -0.979516623336908    0.109816833398586    0.168782249389469
    8   -0.786109783415629   -0.472154905981465   -0.398874859042115
    9   -0.840648803568929    0.536343886476606    0.075132047072449
   10   -0.535082869076792    0.711200085192186    0.455939428041900
   11   -0.473791935315009   -0.438772384446117   -0.763544364577414
   12   -0.900881834611480   -0.425916640445686    0.083707439684384
   13   -0.881927568940216    0.336383527394759   -0.330227021366606
   14    0.213546443245181    0.008540400019044    0.976895582007027
   15   -0.233142949505881    0.727163132522990   -0.645661013067268
   16   -0.163306529893973    0.341843301310040   -0.925458877878127
   17   -0.603932983525520    0.702550073017401   -0.376415124979335
   18   -0.637346974772607   -0.769288776654522   -0.044537757707309
   19   -0.783754040416953   -0.048325479215763   -0.619188381826297
   20   -0.449660381415726   -0.402344686471708    0.797448615681943
   21   -0.525425522281213    0.850423801851920    0.026596574577198
   22   -0.652682812850331   -0.610364831870680    0.448842865405319
   23   -0.441644162358134   -0.769725942214655   -0.460947293881571
   24   -0.403532422076755    0.413224085573005    0.816337821882106
   25   -0.587970404732467    0.389260310112982   -0.709060797202528
   26   -0.172655703644089   -0.741021959315129    0.648904048232042
   27   -0.024643636323651   -0.115622597646666   -0.992987465229136
   28   -0.145231420673842    0.962215447841369    0.230324263560076
   29    0.069394135814762    0.418754004148806    0.905444386985675
   30   -0.349869732903111   -0.893810145969250    0.280525565609865
   31   -0.164600125462314    0.954026817832549   -0.250478800608136
   32   -0.123449170367840    0.741741573035317    0.659226623526830
   33    0.300445578846348   -0.935191098629615   -0.187483501129079
   34    0.267966763206342    0.963353838181605   -0.011966464702940
   35    0.019576479921661   -0.417427548159078    0.908499313963295
   36    0.186245474290915    0.583114121400502   -0.790753150312709
   37   -0.171708558970718   -0.977918528658082   -0.119128175019223
   38    0.234583714483817    0.858626314100359   -0.455775529875625
   39    0.445437083903275    0.558678250817656    0.699617335653621
   40   -0.041017369880181   -0.538620353191831   -0.841549576968357
   41    0.325088866386686    0.176430039792469   -0.929080012706251
   42    0.112301224748032   -0.956614831287338    0.268842889958411
   43    0.589745326299807    0.143632934343412    0.794713804007100
   44    0.243717657364574    0.859704835633453    0.448897871544498
   45    0.542003173153825   -0.820144313209779    0.183291750498612
   46    0.618835112687277    0.745505807605417    0.247516048231058
   47    0.285438848091909   -0.724560668149503    0.627324877691544
   48    0.377593954822980   -0.303454117962670   -0.874836215284118
   49    0.812076254928840    0.362378228592039    0.457399361196805
   50   -0.014886317753259   -0.848358964860343   -0.529212116532527
   51    0.595172076317343    0.501158109506646   -0.628180506580575
   52    0.392029649174947   -0.695434152960931   -0.602232590502441
   53    0.627351353442957    0.739720003745300   -0.243402126926497
   54    0.480232900602898   -0.326113188230020    0.814264422433510
   55    0.698655960005506    0.041989913674305   -0.714224542212328
   56    0.890674554173850    0.265670546085736   -0.368941729124968
   57    0.689025642224576   -0.539747116771469    0.483649371232815
   58    0.847336836243057   -0.118330858746806    0.517704639552178
   59    0.704239549372810   -0.673753939026367   -0.223835401010736
   60    0.884470820619992    0.466415007618347    0.012977216195124
   61    0.898140774474956   -0.427181426946833    0.104207378324156
   62    0.720071665246654   -0.386949717687542   -0.575991938216536
   63    0.945347440304365   -0.174723868037670   -0.275299449777763
   64    0.991764994198092    0.041730827432414    0.121081519337448
   
 U =    1765.80257805212     


 http://math-lab.ru/  - см. Задача Томсона
