    294
    1    0.024436674487557    0.001201613978976    0.999700657729020
    2   -0.151464646302300   -0.114850847779427    0.981767662782222
    3   -0.970767321879271   -0.152557084316399   -0.185302840766748
    4   -0.976153459602168   -0.062234062987742    0.207969576406640
    5   -0.925779997898831   -0.358834195035809   -0.119035355938659
    6   -0.816457321331336   -0.059695810179818   -0.574311633776850
    7   -0.837741512201955   -0.486669722560752    0.247672646604792
    8   -0.922089494788776   -0.376747428085047    0.088387437068186
    9   -0.890442028379319   -0.323942827225945   -0.319646740613112
   10   -0.982219812973346   -0.184892808448662    0.032540565246646
   11   -0.999523183351563    0.013084836340829   -0.027967713540653
   12   -0.815038853585025   -0.276764904856642   -0.509031290380564
   13   -0.824266715326718   -0.530571807092039   -0.197681409150158
   14   -0.914661418076215   -0.110051491288597   -0.388951358845759
   15   -0.680450793562383   -0.093152732173799    0.726848874270904
   16   -0.918118116846355    0.274452951730383   -0.285892813489572
   17   -0.823090584009440    0.479114769497585   -0.304911344761514
   18   -0.891097017629211    0.107549455648943   -0.440884587802684
   19   -0.712652698704653   -0.699372155724010   -0.054815315623703
   20   -0.702609566298859   -0.207608597679108   -0.680616241001524
   21   -0.824632553945255   -0.368503186067699    0.429169608466956
   22   -0.967695330009507    0.058761021504975   -0.245179303020225
   23   -0.835117563612756   -0.549825502651608    0.016449060137315
   24   -0.775061545557766   -0.489474299482292   -0.399617955982870
   25   -0.927797843477066   -0.265122455760761    0.262490466666294
   26   -0.823139913598669    0.314227152038140   -0.472971436307495
   27   -0.612418240786918   -0.314191200881048    0.725415596496506
   28   -0.769448636566142    0.142546653892728   -0.622598785053819
   29   -0.935533056662581    0.343912192704361    0.080636862543417
   30   -0.926304328075027    0.062138797978661    0.371616820899215
   31   -0.716415785615106   -0.574507770115435    0.395839922441485
   32   -0.972730986471971    0.215805040710043   -0.084985953906525
   33   -0.979513743759583    0.140590053838509    0.144177885085650
   34   -0.567065679296130   -0.352028205174697   -0.744656067004023
   35   -0.827622883468062    0.560278463273972    0.033591760170708
   36   -0.769824471654126   -0.239692574890720    0.591538462303765
   37   -0.663943957077413    0.747746448765682   -0.007325996089088
   38   -0.685774516743375   -0.676318975180844   -0.268897668260109
   39   -0.896838691426489    0.426555048785331   -0.117179997935515
   40   -0.833612018272747    0.187637913979652    0.519502662388367
   41   -0.534287791458683   -0.151493159488174   -0.831616725737580
   42   -0.716530658411467    0.507202544475851   -0.478883487326147
   43   -0.558946756982791   -0.816730905605860   -0.143279973082953
   44   -0.892771450606918   -0.145568789077634    0.426343599257324
   45   -0.914747449484281    0.265645049186227    0.304417166902344
   46   -0.506946877766891   -0.784505660066476   -0.357149453934994
   47   -0.762597573639806    0.627697589668542   -0.156335141932272
   48   -0.682984773202176   -0.453307296082195    0.572751512344247
   49   -0.472794118837433    0.050933649378387   -0.879699655879059
   50   -0.856080692336865    0.464905637660027    0.225806546140622
   51   -0.686600521188779   -0.431632296171550   -0.585041267950366
   52   -0.665484559831384    0.665055872297543   -0.338867211970388
   53   -0.622275106022979   -0.630210337017635   -0.464336756611201
   54   -0.536562269058917    0.670736650004779   -0.512067649595943
   55   -0.422482764665986   -0.369206355380051    0.827765051634318
   56   -0.665148487635140   -0.002393662860315   -0.746707278506643
   57   -0.549580034319987    0.816640564286056    0.176238402850781
   58   -0.374458700718745   -0.897661754335963   -0.232344692770269
   59   -0.818660276504198   -0.017545219321744    0.574010032101375
   60   -0.413639558990419   -0.733524517737264   -0.539299635746702
   61   -0.593036657105179    0.714950107419453    0.370342904927890
   62   -0.729658116170736   -0.660645598040174    0.176483504317861
   63   -0.491696958973555    0.387689372761160   -0.779699333579435
   64   -0.398865392074561    0.594162521600944   -0.698482137874702
   65   -0.704041086110950    0.124836559497002    0.699100838563841
   66   -0.544792173257249    0.057480627799825    0.836598748137589
   67   -0.807761200008401    0.384674708535413    0.446707076700362
   68   -0.331904533671220   -0.104665356627543   -0.937488423208798
   69   -0.375539350724703    0.199406836226003    0.905100607514770
   70   -0.367420903822103   -0.681077258760153    0.633352703502799
   71   -0.688932222785960    0.333313635101734   -0.643641525278213
   72   -0.593217721396813    0.196516597495435   -0.780688133590866
   73   -0.718987851493852    0.671817331906354    0.178095317048152
   74   -0.377381418244451   -0.298947884253073   -0.876477853493411
   75   -0.579354082355514    0.510020974876172   -0.635788842654823
   76    0.159546588766333   -0.940160783602818    0.301069073450534
   77   -0.700280888849532    0.329883618822412    0.633074620202658
   78   -0.173256387873509    0.307547674034589   -0.935626342220514
   79   -0.523894056963335   -0.569410226140778   -0.633487972612587
   80   -0.202769748880557    0.651494758594790   -0.731053355414249
   81   -0.405730880984462   -0.480784031526513   -0.777321791309549
   82   -0.739840914566984    0.568545730282877    0.359709846556638
   83   -0.556647700415100   -0.645318563493444    0.523170420831815
   84   -0.509622148460279   -0.515302210051432    0.689020245068923
   85   -0.495232107025479    0.669665318499274    0.553437911034626
   86   -0.293808461759235    0.460670710522739   -0.837531542250885
   87   -0.283930469163161   -0.860849237958745   -0.422281988944159
   88   -0.382508801812214    0.249660930981759   -0.889582169379258
   89   -0.177996835178286    0.105391748385655    0.978370945009473
   90   -0.577515855049275    0.793895402703795   -0.190277499280613
   91   -0.589794591054814   -0.802054580521252    0.094078638528431
   92    0.004153264968810    0.680012915108503   -0.733188369844840
   93   -0.513458696966896   -0.157730802371764    0.843493426466512
   94   -0.321255209034668   -0.220785360869487    0.920895713473476
   95   -0.552299072818725    0.267816388377317    0.789455582208465
   96   -0.238585198246836   -0.966787744005102   -0.091643664369358
   97   -0.426805706494734   -0.904342991021891    0.000802180223219
   98   -0.652688995631440    0.528691996880035    0.542661816803636
   99   -0.045560075946656    0.133416595510972   -0.990012268369436
  100   -0.409803018601949   -0.793822627643228    0.449340763548480
  101   -0.357790695847894   -0.010699862293838    0.933740505125258
  102   -0.441477001427147   -0.864416546673014    0.240586971901630
  103   -0.255761291093960    0.096007527702369   -0.961960870619190
  104   -0.123119084342833   -0.084006485851393   -0.988829915306713
  105   -0.203637812990077   -0.814831388556041    0.542753580683216
  106   -0.590948127390987   -0.739092911493371    0.323298590954766
  107   -0.111872517856674   -0.527740449904800    0.842006269146903
  108   -0.142200861522238   -0.948669943115032   -0.282496467256592
  109   -0.085980821790677    0.507617983686984   -0.857281331256992
  110   -0.242242097801535   -0.902857361760946    0.355200436889901
  111   -0.340770399063149    0.753525659883628   -0.562205136066263
  112   -0.256307215402321    0.966398229801954   -0.019521085224902
  113   -0.212068831033284   -0.481707058222160   -0.850285317386540
  114   -0.308689418325429   -0.531206417174337    0.789006074353495
  115   -0.472783017819523    0.881042681804794   -0.015492285166554
  116   -0.535706592012242    0.467552845887046    0.703144923595096
  117   -0.275420096646952   -0.950028498436890    0.146934075424088
  118   -0.165444462268134   -0.350102626705234    0.921984967707665
  119   -0.370180097407865    0.597780817241451    0.711072985017183
  120   -0.374201025172454    0.404347626643712    0.834551729725295
  121   -0.018270248888064   -0.894494658893196    0.446705163633815
  122   -0.422253671593006    0.830489800003205    0.363302255590110
  123   -0.130576004715907    0.977074335568988    0.168153649276048
  124    0.054286531129042   -0.637349409973010    0.768660329498688
  125   -0.465955110033535    0.804074256017624   -0.369256585917354
  126    0.082178995100093   -0.052140958332783   -0.995252698176939
  127   -0.353166000627685    0.920563701432953    0.166841983939016
  128   -0.302107637253124   -0.646594061657321   -0.700462058175047
  129   -0.370291098930950    0.906845241273141   -0.201286389089693
  130    0.005142913926316   -0.992039692424210   -0.125820503461181
  131   -0.182544476112479   -0.783122613485740   -0.594471602760035
  132    0.035686348846198   -0.264909499685131   -0.963612703051698
  133   -0.093729058406126   -0.994069185659600    0.055148143507840
  134    0.065301469213021   -0.432483871927052    0.899273828509207
  135    0.009076549271873    0.221237584044301    0.975177700554907
  136    0.128765718861500    0.527641668874984   -0.839650914912205
  137   -0.265636396556782    0.878227227490256   -0.397686109537542
  138    0.164591503742218    0.167420584274284   -0.972049373672517
  139    0.112641678437966   -0.989272442908997    0.093015514724927
  140   -0.317367188320287    0.778227045352626    0.541886273732227
  141   -0.135692979446002    0.801499901178378   -0.582396191385312
  142    0.204869106617544   -0.109552235419691    0.972639170951015
  143   -0.059979203404860    0.911859043441109   -0.406097993166163
  144    0.039423621446016    0.342986703115816   -0.938512599573295
  145   -0.161046106903897   -0.689468671943767    0.706184892120468
  146   -0.056846516851241   -0.964553470867946    0.257691822451704
  147    0.098483448778980   -0.948281113602001   -0.301768023326440
  148   -0.033919524803451    0.999247960458437   -0.018787744855675
  149    0.145789193052837    0.907492582479284   -0.393957769226707
  150    0.076292618810492    0.812516664568114   -0.577923962225260
  151    0.242396443733957   -0.230385462619847   -0.942425860573960
  152    0.234456473245663   -0.539385584832127    0.808760380476511
  153    0.357908054465442    0.519173210716774   -0.776119193051427
  154    0.019611457487107   -0.785916217481189    0.618021916953834
  155    0.024328637210121   -0.235616288894134    0.971541600663221
  156   -0.172924103403461   -0.288889147562622   -0.941615800038769
  157    0.096243270603279    0.979320674727683    0.177955749877604
  158    0.282321899037246   -0.018864611365455   -0.959134230315045
  159    0.203538848650055    0.126540659888519    0.970854983241673
  160   -0.227628130268723    0.909505607647730    0.347828957919979
  161    0.221135208894299   -0.970894383235427   -0.091996282474753
  162    0.003476264222116    0.424771663183780    0.905293847180651
  163    0.229351551447393   -0.716850881616432    0.658424391539695
  164   -0.189528871152914    0.318585831433284    0.928752860027610
  165   -0.093008112961457   -0.644438676019298   -0.758978447502854
  166   -0.188611967812672    0.693979926852145    0.694850621877913
  167    0.200381580514033    0.343340853691957    0.917586116054933
  168   -0.191452641960199    0.519579765052606    0.832696075188504
  169    0.398714965398101   -0.417112504033726    0.816727332312508
  170   -0.117910429668827    0.847916633270875    0.516850571827001
  171    0.399941862758167   -0.758070705233171    0.515145913582560
  172    0.239664642180313   -0.315803437378312    0.918057214027876
  173    0.409968421420966   -0.606536660499508    0.681204207934527
  174    0.008495639766416    0.603333118720758    0.797444024342551
  175    0.412118228085149   -0.180729456769872    0.893025996002145
  176    0.006812575420289    0.755187391573289    0.655473563482827
  177   -0.048026795973790   -0.886221237521727   -0.460766041537297
  178    0.574706211881966   -0.627882515751526    0.524858377505604
  179   -0.002670741863839    0.935056483808255    0.354488701126058
  180    0.124919264460651    0.849828695561291    0.512041370952782
  181    0.058502006841968    0.976297312685906   -0.208377235891399
  182    0.220430437336680    0.671601945743070   -0.707362176518990
  183    0.034833934470096   -0.773235362153274   -0.633161647389534
  184   -0.157614112792017    0.964146383521445   -0.213493659370257
  185    0.194335102583886   -0.431742608428418   -0.880813367275461
  186    0.188686206791168    0.982029104454599   -0.004043930125358
  187    0.117999004576093   -0.618218163420310   -0.777098795093822
  188    0.439460793745748    0.649075266916628   -0.620947267195424
  189    0.174349424755962   -0.862377223898123   -0.475297592871068
  190    0.256370775120665    0.367383233334020   -0.894037798713830
  191    0.273209539678677    0.943985010764284   -0.185064439806572
  192    0.570392647061005   -0.465529637926763    0.676708492920338
  193    0.417314615744611    0.908528756065950   -0.020591524644518
  194    0.232806033592153    0.908729005757993    0.346428845244127
  195    0.289077557753048    0.786042376539715   -0.546417009148993
  196    0.248648172686998   -0.735420191676822   -0.630342151449071
  197    0.332893606323653    0.783934466772825    0.524050187171457
  198    0.346248130463924    0.865796472209277   -0.361259879948228
  199   -0.010478119541473   -0.464501273047341   -0.885510460891499
  200    0.397530041003886   -0.385151375090366   -0.832843493560134
  201    0.209694248420097    0.533340234047113    0.819497722343450
  202    0.441307145355988    0.827773135905276    0.346467370658904
  203    0.443919229963808   -0.189529194133289   -0.875793584036516
  204    0.372059877999623    0.194761102867815   -0.907545899661620
  205    0.718057860547138   -0.450494607986192    0.530516274097066
  206    0.500666054185102    0.749325046016469   -0.433411441472346
  207    0.328412591363901    0.929778454924893    0.166304523664050
  208    0.707121909288621    0.695908879516826    0.125257482066546
  209    0.533457937120448    0.831430338509565    0.155390545172692
  210    0.205675899338654    0.700911464889625    0.682949883093567
  211    0.690548935260528    0.540891416789176    0.480186050666145
  212    0.530058316571031   -0.489131547181623   -0.692667676873691
  213    0.394908437306997    0.618766714635819    0.679098725519744
  214    0.378794154694262    0.015150951891461    0.925356924125087
  215    0.831438242218662   -0.420755393960701    0.362870979590979
  216    0.523925900480697    0.680764744861664    0.511918951552805
  217    0.200189697689678   -0.848911232521198    0.489156216599826
  218    0.383344635393564    0.243238722017787    0.891000457141369
  219    0.710776021474821   -0.606346801658406    0.356568371304925
  220    0.398484853413240    0.440829372729009    0.804288061418033
  221    0.568217973849890    0.500606422042505    0.653086169202600
  222    0.492357288170418    0.844421115769691   -0.211038574738700
  223    0.565762276088667    0.309489556341469    0.764283495484844
  224    0.326975458590284   -0.571566819932139   -0.752594459076291
  225    0.538297098946483    0.102766588433083    0.836465935688732
  226    0.822826828920152    0.371652001597019    0.429919526560654
  227    0.366164306366759   -0.870449942243882    0.328999390258664
  228    0.311172956671229   -0.910305584184009   -0.272974604020035
  229    0.550982341509532   -0.759349576267910    0.346131016186674
  230    0.509040927664453   -0.827741299415075   -0.236054390353487
  231    0.380187005218784   -0.810803216581240   -0.445034813294744
  232    0.714677360294395    0.343972247596116    0.609031496366413
  233    0.553311277116072   -0.279126179838738    0.784815396347965
  234    0.647583207496255    0.711769642210401   -0.272066105563594
  235    0.482710999462377    0.346205619025206   -0.804445001447213
  236    0.613071936990356   -0.080003012270701    0.785965850468395
  237    0.313124015404542   -0.941136920595849    0.127336749087991
  238    0.504831186699567   -0.851273685682615    0.143103406667496
  239    0.424164515001392   -0.903710328344365   -0.058241794764191
  240    0.595398092943060   -0.290294783276482   -0.749152888082418
  241    0.616297614965961   -0.785960850253677   -0.049424605772686
  242    0.566797976757619    0.484101389391071   -0.666622755637028
  243    0.450708994230636   -0.667738805979330   -0.592440958669222
  244    0.626802731845491    0.707315225800891    0.326838655457496
  245    0.770810578518670   -0.636611016936339   -0.024030504759444
  246    0.638054700621549   -0.569500252730408   -0.518223562909626
  247    0.473151102420118    0.013497334115464   -0.880877889522948
  248    0.823355851153501    0.160963830308247    0.544220348483766
  249    0.696783996049276    0.133271960205377    0.704791208424608
  250    0.708619801557332   -0.264015760405650    0.654334513149256
  251    0.781255393254702    0.554344042414266    0.286954165591390
  252    0.570456105220156   -0.716520044776133   -0.401470867499820
  253    0.691519706919811   -0.681136019575328   -0.240529037287843
  254    0.669654954686920   -0.724795359964915    0.161968910092611
  255    0.839796073068934    0.538069598876340    0.072274908668584
  256    0.613372518141275    0.788461894445643   -0.045847518975606
  257    0.772818463852957   -0.056079340921433    0.632144547907971
  258    0.589798820908290    0.156704589236514   -0.792200115228094
  259    0.760557872952947    0.641356608685542   -0.101061478243045
  260    0.709971840260953   -0.384573187652830   -0.589952073794996
  261    0.891191264166650   -0.028931752934374    0.452704190774940
  262    0.870696127869446    0.465779579154629   -0.157916549340753
  263    0.775628523787749   -0.497231798474274   -0.388794202210985
  264    0.834538775463978   -0.239533394599045    0.496153993351803
  265    0.630907151737943   -0.079167631807338   -0.771808688704613
  266    0.746044138576375    0.064350965915702   -0.662779825041130
  267    0.758448009078465   -0.172479863325442   -0.628496073394376
  268    0.896309658578949    0.378876892450517    0.230393785300572
  269    0.914875586258277    0.181365313928023    0.360706646143876
  270    0.630989854976386    0.602780624903143   -0.488372113411747
  271    0.680767092269348    0.292542589850602   -0.671546721536662
  272    0.770040883867804    0.548789356990917   -0.325372523157053
  273    0.826237881856984   -0.530207018745846   -0.190293141907760
  274    0.808908612693983   -0.564427310617043    0.164586352226142
  275    0.968179973440431   -0.015264743268707    0.249788964211446
  276    0.737986060573205    0.426030582703306   -0.523330217932352
  277    0.900689867265857   -0.346507090338663   -0.262088914969037
  278    0.933417045635064    0.358501839126982    0.014458570485371
  279    0.906897411592016   -0.419971451914632   -0.034074395437300
  280    0.825822895161018    0.203927622620288   -0.525766174796659
  281    0.858975291177636    0.352379992041031   -0.371469770446343
  282    0.841598569630098   -0.284159614999257   -0.459309439049588
  283    0.904806854669328   -0.389970664481354    0.171018819395319
  284    0.941228318515019    0.262528209439253   -0.212528096199090
  285    0.861329662943111   -0.034685830516133   -0.506861031147308
  286    0.932155233817861   -0.136362101904409   -0.335398266587919
  287    0.970193961414566   -0.212009688539511   -0.117369370791917
  288    0.926335462363677   -0.212869623751231    0.310787925202190
  289    0.925767604234484    0.109404999343602   -0.361918345857972
  290    0.971728637302180   -0.216666364219544    0.093803742264007
  291    0.982282250358670   -0.000149319606698   -0.187407466057151
  292    0.969909773395054    0.183013235038513    0.160565211903118
  293    0.985856559758962    0.160617988715174   -0.047840414727684
  294    0.998988045561181   -0.027325275451919    0.035724139560360
   
 U =    40435.3861610683     


 http://math-lab.ru/  - см. Задача Томсона
