     24
    1   -0.145212704225547   -0.152024379775706    0.977651194693340
    2   -0.694486693308274    0.147648959983192   -0.704193167698765
    3   -0.691466495930880    0.284361168673119    0.664087954081331
    4   -0.947341564171098   -0.292461156899391   -0.130424048775244
    5   -0.061688280833320   -0.021375388845265   -0.997866548572274
    6   -0.727875125939354   -0.421783587638475    0.540644436055331
    7   -0.910356866860357    0.413762319672730   -0.007149669868944
    8   -0.474741771367948   -0.584614381567435   -0.657910537522351
    9   -0.377326541117152    0.882610717859263    0.280397935242972
   10   -0.001734886278521    0.582115167138280    0.813104496579113
   11    0.236870690715096   -0.664692007624793   -0.708573786475252
   12   -0.462295220337724   -0.886698426008249   -0.007002183044567
   13   -0.421895959723189    0.771421743943736   -0.476353117067637
   14    0.537551282504719    0.023845782354952    0.842893823290580
   15    0.226735560717597    0.969048431559609   -0.097653073673788
   16    0.662618255234509   -0.029170749395379   -0.748389013287666
   17    0.602442505448460    0.669051175938589    0.435239648474462
   18    0.249305281304038   -0.966709741534686   -0.057612084980974
   19    0.210957335502942    0.602265332352852   -0.769917834605361
   20   -0.053630036236158   -0.773886323833093    0.631049742094401
   21    0.806827421837698    0.510467731622083   -0.297409156455108
   22    0.629110337006590   -0.598163688279647    0.496407479692988
   23    0.831835338476379   -0.502364341271173   -0.235966180375638
   24    0.975898908656636    0.037347709420838    0.215003415516600
   
 U =    223.347074386062     


 http://math-lab.ru/  - см. Задача Томсона
