    202
    1   -0.142932747091467    0.016194533544453    0.989599902431364
    2   -0.997496342061418   -0.039074323792086   -0.058942724693396
    3   -0.928818940982603    0.088137440717029    0.359898828027834
    4   -0.957806190952294   -0.286965822800604    0.016059798187722
    5   -0.810568854541733    0.099673448018816   -0.577099069317342
    6   -0.892430735066613   -0.345480560989620    0.290190566846619
    7   -0.973531079099279   -0.106624676544585    0.202159383605005
    8   -0.939353590376886   -0.238484045603752   -0.246455254029044
    9   -0.979442928546428    0.162738006861819    0.119196857521659
   10   -0.903828346529613    0.427879129481864   -0.003710870974366
   11   -0.843855530979368   -0.146088676484286   -0.516300243500425
   12   -0.864512926274212   -0.472523522250491   -0.171286080067205
   13   -0.946741163480411   -0.003776964774820   -0.321973452180217
   14   -0.610064198267917    0.025818960033346    0.791931218790192
   15   -0.855792290312150    0.446102498224049   -0.261939147361647
   16   -0.694052537146907    0.591327310627822   -0.410637415959150
   17   -0.896390270103782    0.230757598266948   -0.378464548544957
   18   -0.725000356777327   -0.682664164716696   -0.091346159658761
   19   -0.672780345070807   -0.038628894603143   -0.738833144754717
   20   -0.750170655554451   -0.388058988281909    0.535400979788632
   21   -0.968281286177439    0.212314238789032   -0.131734637988638
   22   -0.856614301583950   -0.507570886182525    0.092648442090129
   23   -0.818626963249384   -0.383868212900013   -0.427194440701237
   24   -0.873321567321828   -0.157429514295237    0.461004759280544
   25   -0.757594645709503    0.372864082290284   -0.535745022310163
   26   -0.493047812663253   -0.211795959440679    0.843828374725918
   27   -0.639195308775484    0.232353592386604   -0.733103788930635
   28   -0.773792598900670    0.623781620521557    0.110188492076291
   29   -0.831904593633357    0.288256616827686    0.474175990479037
   30   -0.746357007993770   -0.559912371603424    0.359790706861666
   31   -0.754744555185378    0.640839882123124   -0.140302893407253
   32   -0.895818330489781    0.372432097012934    0.242495055357940
   33   -0.480398952782247   -0.423547745189772   -0.768000100071856
   34   -0.594373141600616    0.804142061017594    0.008724347894895
   35   -0.706330756497064   -0.189619101732887    0.682012799501811
   36   -0.136803188724654    0.972390010525903   -0.189057015167916
   37   -0.709594036997523   -0.619315009900373   -0.336043481070023
   38   -0.573529784269705    0.777693803721377   -0.257402280893008
   39   -0.680913840770675    0.468018112213508    0.563307543076632
   40   -0.485799123590000   -0.183143102502748   -0.854668248810529
   41   -0.571776120325781    0.488877475595215   -0.658840558922147
   42   -0.533233123270911   -0.827794363443344   -0.174410229339272
   43   -0.799965254633865    0.050112632721050    0.597950094422889
   44   -0.751576694018665    0.561469556484811    0.346243281738034
   45   -0.508767564309741   -0.755201696350595   -0.413310976548550
   46   -0.359614172804055    0.865035896501676   -0.349843600030066
   47   -0.554715321428104   -0.427630100477243    0.713739034478806
   48   -0.257680067032303   -0.088740713432012   -0.962146594253602
   49   -0.589096459887226    0.762757735178340    0.266769560433622
   50   -0.685531612017426   -0.283927881045643   -0.670396425475047
   51   -0.491820026128600    0.698910268164499   -0.519266308316928
   52   -0.645366905287494   -0.516333706741104   -0.562939660037054
   53   -0.254549908838901    0.764313339023751   -0.592477395096617
   54   -0.322058086255058   -0.426560697113281    0.845177236297785
   55   -0.472794808691407    0.075512998345295   -0.877931008653504
   56    0.088494672310129    0.983412897719330    0.158328031542094
   57   -0.311215462652525   -0.906421527544374   -0.285560764479468
   58   -0.665409398605770    0.256402315143004    0.701062183430553
   59   -0.266996915851826   -0.803604985446668   -0.531913220639300
   60   -0.154339276672911    0.986418172293132    0.056201219256873
   61   -0.699670134005365   -0.696824230746261    0.157790034621318
   62   -0.010379331143830   -0.000374721993245   -0.999946063079622
   63   -0.347638548595844    0.574240655980877   -0.741211918784922
   64   -0.452720528020884    0.266914328210310    0.850764870516250
   65   -0.389465495232480    0.026506233792742    0.920659572042481
   66   -0.538481626711895    0.672824832792588    0.507291121616905
   67   -0.267170428344096   -0.341203948875986   -0.901221297734283
   68   -0.206574334140251    0.255593434762998    0.944457008328365
   69   -0.123582127634568   -0.768185641426946    0.628186499405061
   70   -0.425703999991787    0.337070153616230   -0.839737944797139
   71   -0.243588291911992    0.169979691298182   -0.954867346069376
   72   -0.382078983129636    0.919151191362574   -0.095795292511605
   73   -0.248512032384156   -0.583461598639091   -0.773184539856956
   74   -0.181065720638724    0.428159800039490   -0.885378105918440
   75    0.572830372172668   -0.785427509936485    0.234454668009606
   76   -0.486994315841645    0.491838361237230    0.721755888617061
   77    0.231263584682070   -0.168214375971728   -0.958238528820690
   78   -0.438533345425973   -0.642452491152757   -0.628445146023995
   79   -0.086901200784670    0.652439471018707   -0.752841894396833
   80   -0.070700674490869   -0.738312880828326   -0.670742502477303
   81   -0.391264545224259    0.905430351136569    0.164644875083200
   82   -0.566060672536843   -0.617425027737453    0.546224908010009
   83   -0.349383523389832   -0.630839175410334    0.692800900945804
   84   -0.159369798387886    0.939042588902224    0.304631389698458
   85   -0.001218276918578    0.251693692826250   -0.967806179352475
   86   -0.078514933014688   -0.913873804186509   -0.398334125220746
   87   -0.022900823878626   -0.249704454325569   -0.968051257814198
   88    0.001074665064909    0.418459419842632    0.908234858965436
   89   -0.119729935292614    0.897206494642565   -0.425070874756230
   90   -0.519627631277076   -0.851015375058001    0.075894375471872
   91    0.078050362492556    0.499816923002229   -0.862607201682993
   92   -0.245792660924852   -0.208962202797568    0.946530911083980
   93   -0.037376509672950   -0.348151117366051    0.936693010543710
   94   -0.260931085560165    0.479660134826230    0.837759585828104
   95   -0.074373790263660   -0.986598302172063   -0.145231985020588
   96   -0.306749059158942   -0.951293022598193   -0.030766863036353
   97   -0.361939382748128    0.831888398469951    0.420668011271364
   98    0.206775090899062   -0.407500154740519   -0.889487316194075
   99   -0.339116736119194   -0.800678186001645    0.493876788020028
  100    0.063139369952081   -0.116416342943223    0.991191532983298
  101   -0.329114494863199   -0.913492701388236    0.239196015396086
  102   -0.042327727617116   -0.488702718576461   -0.871422983591061
  103    0.137659754845517   -0.631973568314768   -0.762665851370947
  104    0.088386294226899   -0.863427766884167    0.496669260540912
  105   -0.537855968286487   -0.770198334374712    0.342790727857427
  106    0.170640853622751   -0.465862492769989    0.868247566598969
  107    0.157733729728474   -0.948360108148772   -0.275196612947895
  108    0.242251751195763    0.076043284449178   -0.967228777452764
  109   -0.121550608772358   -0.916660963512585    0.380733670009954
  110    0.045504545446873    0.806699685187249   -0.589207055509748
  111    0.320194319350546    0.912031592032335    0.256269336813060
  112    0.542833512597445   -0.648281598831125   -0.533912676584926
  113    0.099007421228782   -0.678622008405119    0.727784102773501
  114    0.107842541123260    0.989839084036922   -0.092674559815654
  115   -0.317803824596961    0.684118645141693    0.656492504481992
  116   -0.091495422273971   -0.988410654267168    0.121132019854608
  117   -0.109475264810594   -0.566712066544498    0.816610433454970
  118   -0.127458922301019    0.821185094391274    0.556245686612900
  119   -0.074647157588026    0.636424918862140    0.767718128296673
  120    0.345672014195939   -0.869274679916300    0.353372875951363
  121    0.070081271880213    0.910273182233669    0.408033514601240
  122    0.546629453802064    0.822169299003667    0.158851767418172
  123    0.361655246545548   -0.574526321823059    0.734251311322320
  124    0.117025467621804    0.932461789739981   -0.341789482873318
  125    0.402669056027047   -0.521620218421785   -0.752176826984119
  126    0.290916040499348    0.822022944962446    0.489536653720075
  127    0.118408306129133   -0.841115711534111   -0.527734623508915
  128    0.343904849434360    0.938971044119348    0.007926716908759
  129    0.388728909327763   -0.909152839741991   -0.149435434358527
  130    0.368392769822045   -0.840999164470896   -0.396241305900958
  131    0.622120462429695   -0.422030086388533   -0.659436681121963
  132    0.154918534478998   -0.987857904083595   -0.011705084982426
  133    0.267257909836922   -0.235250453885229    0.934467994944927
  134    0.062311285935535    0.172186338666250    0.983091637855684
  135    0.240585513101944    0.317396109963882   -0.917266766140183
  136    0.350606391351068    0.903988081006662   -0.244705348821139
  137    0.451239535251922   -0.287350381717949   -0.844874333822598
  138    0.379407828870749   -0.919188923640599    0.105552934814824
  139    0.111306428213396    0.751525832316611    0.650245955311682
  140    0.210482394869209    0.666624853317193   -0.715058365722655
  141    0.453183311719953   -0.353522350436991    0.818319518110158
  142    0.297173322015187    0.815123627888207   -0.497253947134485
  143    0.471562999346244   -0.034156872736133   -0.881170611001333
  144    0.294850980655229   -0.758538541453659    0.581104276645772
  145    0.129435200158337   -0.959776912946368    0.249148161412264
  146    0.595181455107552   -0.802895485200736   -0.033434642817459
  147    0.561477872225410    0.820197107938639   -0.109632582430221
  148    0.461699642954699    0.644953146034707   -0.608990048453533
  149    0.377176005551984    0.484271816793501   -0.789442251399918
  150    0.657264436011433   -0.167519395716227   -0.734806582178905
  151    0.588367013859926   -0.500856531028149    0.634796811844548
  152    0.470314980636521    0.224543121362911   -0.853454278586422
  153    0.519160352683383   -0.701510482706720    0.488216725291392
  154    0.284995106547308    0.041067990849913    0.957648792288509
  155    0.318252934762086   -0.720830129456608   -0.615726395392376
  156    0.729358440515413    0.682985432277169    0.039587429142265
  157    0.663254789375586    0.108853366712348   -0.740435026809061
  158    0.491054970818895   -0.089063412879893    0.866563744983737
  159    0.515543613352987    0.751026903213126    0.412520755091242
  160    0.765251766018287   -0.621440782162262   -0.167931798273733
  161    0.262543495513378    0.316859941485773    0.911411372786871
  162    0.711605619069459   -0.595144808325998    0.373390010620775
  163    0.195973669619861    0.553694113817463    0.809331297516425
  164    0.797437620250457   -0.291071537814759   -0.528555202115577
  165    0.381570576754749    0.652019389717306    0.655190514573983
  166    0.485848911162619    0.185101454718272    0.854217938809106
  167    0.452339956741832    0.437931707757352    0.776919804661669
  168    0.657572673275919   -0.234896392343822    0.715836478690922
  169    0.605559210760447    0.555562378030321    0.569779331303339
  170    0.754685753818550   -0.648303467792642    0.100757265898597
  171    0.673577822525472    0.050324971042267    0.737401053899056
  172    0.767517183291577   -0.378957809585552    0.517018715237934
  173    0.660104412809771    0.316755321807457    0.681122771822909
  174    0.813903503344835   -0.092748428386587    0.573549314597117
  175    0.822139439376090    0.171844030234843    0.542730477764991
  176    0.587741511680448   -0.753977322830589   -0.293390715778122
  177    0.861722963133777   -0.448561923667296    0.237119664818924
  178    0.706876989909150    0.636861327702295    0.307786566331686
  179    0.785235919945936    0.423883514632545    0.451361624475787
  180    0.531131729159153    0.759492100060583   -0.375593977888322
  181    0.599955334149720    0.395057490712192   -0.695688993773427
  182    0.730876503957226   -0.536184401366320   -0.422286423763189
  183    0.721451887486161    0.648911523940851   -0.241704381713317
  184    0.812237326442722   -0.024197782442717   -0.582825010494603
  185    0.861921131489305    0.499679009379069   -0.086097913320528
  186    0.876562122041664   -0.388636500012632   -0.283902301962747
  187    0.776495581537268    0.272480609906331   -0.568162766360287
  188    0.893373789415032   -0.448745541922821   -0.022598915695653
  189    0.906064931105309    0.133071747884044   -0.401669329842618
  190    0.668024038779662    0.552698520595550   -0.498265219480548
  191    0.899654950792825   -0.230310679319105    0.370915031382568
  192    0.828421312751940    0.426893913261652   -0.362601317425220
  193    0.857243909645607    0.482835896091528    0.178892081493302
  194    0.939618758891610    0.279973032295449   -0.196803681688837
  195    0.966331482824870   -0.222581909619761    0.129076561820914
  196    0.917145890282423    0.258632350475773    0.303237074292440
  197    0.960913873839094    0.271924911433478    0.051974701590693
  198    0.922209003605824   -0.130253914790519   -0.364094041904145
  199    0.970388713274842   -0.210726082815312   -0.118068891627351
  200    0.936366321008585    0.015125651746503    0.350698342653755
  201    0.994333501609206    0.026518678860529    0.102944874807183
  202    0.987573985756939    0.036783014191915   -0.152789503969058
   
 U =    18817.4789314908     


 http://math-lab.ru/  - см. Задача Томсона
