    226
    1   -0.082357316725156   -0.013357194970986    0.996513350499801
    2   -0.996379970861977    0.037346333409530   -0.076368874850617
    3   -0.925992283303360   -0.076875421077946    0.369632873127808
    4   -0.976228469985035   -0.215165534492752   -0.026110671326603
    5   -0.830524430347544    0.198392513274094   -0.520451324594987
    6   -0.821344442655101   -0.501441349477380    0.271937271358463
    7   -0.938927139705952   -0.274594159024778    0.207397864388894
    8   -0.955345056879684   -0.140796786168789   -0.259792392690960
    9   -0.988238089054893   -0.021658488302090    0.151381601344423
   10   -0.966092184119073    0.226865785523941    0.123279386527696
   11   -0.868821766675865   -0.046178604444245   -0.492966808458552
   12   -0.899696734269847   -0.385883747076937   -0.204057639126878
   13   -0.945983575136023    0.102715489622831   -0.307513583056766
   14   -0.513676368703992   -0.210340936456204    0.831801225465440
   15   -0.843063528262753    0.507080562821748   -0.179201534930754
   16   -0.695583501331253    0.653018693462952   -0.299549960213140
   17   -0.876584208787484    0.340437801241581   -0.340150302646079
   18   -0.781408552062529   -0.607672044005018   -0.141899125079422
   19   -0.718544484154754    0.076319565141754   -0.691280802762056
   20   -0.694143828849966   -0.498470994032330    0.519317834257528
   21   -0.953520527566807    0.280033383527155   -0.111265033227205
   22   -0.891478309396856   -0.451862171452819    0.032969711628495
   23   -0.855988343009235   -0.284899560929290   -0.431411864480570
   24   -0.841726496315096   -0.324841927650685    0.431247292677066
   25   -0.739132906047889    0.485855385459738   -0.466505189271214
   26   -0.512053682222912   -0.457439643112894    0.727014442381102
   27   -0.682117636378573    0.338607495334993   -0.648120740483030
   28   -0.865087689494990    0.405802680074181    0.294868571280209
   29   -0.818976109731803    0.102736473680109    0.564555886218839
   30   -0.655122188267928   -0.669217499380486    0.350660600812197
   31   -0.884863424009149    0.462212294553372    0.058107793061788
   32   -0.921132675626735    0.168558849113288    0.350859670350322
   33   -0.557985801848996   -0.275445750472786   -0.782803604668129
   34   -0.757088728266924    0.620552405582266    0.204282572573468
   35   -0.680614263623284   -0.302981001689671    0.667058270893674
   36   -0.382271756496962    0.924047450685109   -0.002147805177058
   37   -0.767061458005444   -0.523727495908663   -0.370575538415320
   38   -0.739949080925046    0.671685284925652   -0.036252388232021
   39   -0.657685594602490    0.205835147751919    0.724625110386271
   40   -0.556173933221559   -0.040677117391673   -0.830069833282457
   41   -0.559228959480685    0.601865666771148   -0.570105858626511
   42   -0.614651985782739   -0.729789115297288   -0.299350603084305
   43   -0.811153130673923   -0.132854173510738    0.569543999335145
   44   -0.786790277614518    0.333083889924368    0.519630812523778
   45   -0.584934561316671   -0.631089211985852   -0.509487944403349
   46   -0.564114696004669    0.811825345145629   -0.150712370861656
   47   -0.504192092548647   -0.647110666750938    0.571872467241232
   48   -0.352007425806878    0.056124479694072   -0.934313017653016
   49   -0.707416458129557    0.549903375247914    0.444036296555118
   50   -0.736281010068874   -0.166434639086393   -0.655888546266925
   51   -0.511590227078600    0.760773983462105   -0.399372489844841
   52   -0.709774006488898   -0.399220361231390   -0.580382600437829
   53   -0.298599204984135    0.831624946939539   -0.468229070445922
   54   -0.314191867031891   -0.611185902042007    0.726453896566129
   55   -0.540241316196198    0.207655032670704   -0.815486791849585
   56   -0.175311380358060    0.973141172759902    0.149205153384308
   57   -0.397958237742166   -0.792509179196159   -0.462123838276040
   58   -0.668955665630795   -0.041622057154928    0.742136053415176
   59   -0.355567575131398   -0.660039195087766   -0.661755211889617
   60   -0.390177510563840    0.889500465152133    0.237803348892196
   61   -0.749495388698814   -0.654824738561016    0.097268823821977
   62   -0.128770710028189    0.167992190722162   -0.977341663951356
   63   -0.339516690745014    0.684624671948150   -0.644994166846060
   64   -0.491721427796862    0.061547816957098    0.868574639091674
   65   -0.323072281604414   -0.105236825552508    0.940504923648223
   66   -0.609128409912125    0.433830609452165    0.663892749275280
   67   -0.359827488058643   -0.191693764309307   -0.913114275193601
   68   -0.271923521787348    0.142188291745997    0.951756317546209
   69   -0.174019682137034   -0.909276907997208    0.378064352739004
   70   -0.495808684943049    0.449125480581262   -0.743276564024250
   71   -0.327846850410042    0.298307946212168   -0.896397686243608
   72   -0.585768397926678    0.804143731288080    0.101134778491364
   73   -0.342634967046056   -0.432121494733484   -0.834189602636384
   74   -0.282434792246101    0.521223175156163   -0.805330360665131
   75    0.466837417634093   -0.881878589263001    0.065977111911859
   76   -0.454227464585194    0.304560406534967    0.837209871649733
   77    0.076666187796463    0.026626700894127   -0.996701216236968
   78   -0.523426478565742   -0.494292189103308   -0.694046074355101
   79   -0.088283483756740    0.647059516572770   -0.757311038153008
   80   -0.163709907702283   -0.592350648312319   -0.788872471039575
   81   -0.584793583036843    0.737558317482699    0.337674685979007
   82   -0.440547254580125   -0.799714177589548    0.407891346615967
   83   -0.253307498542939   -0.783340666473301    0.567637834742438
   84   -0.380978764662903    0.801157267585554    0.461521628388938
   85   -0.091747904921939    0.412454199900150   -0.906346432070630
   86   -0.166669403455101   -0.792405197779836   -0.586783872037584
   87   -0.143401998317068   -0.087130245583504   -0.985821579791815
   88   -0.023092043157223    0.224246060090487    0.974258929687954
   89   -0.351443725702972    0.904372661611045   -0.242068991394124
   90   -0.608457305726659   -0.790419101681823   -0.070833260579726
   91    0.113679216753185    0.529907810390962   -0.840401539839759
   92   -0.330572696950973   -0.374087143437640    0.866475909154563
   93   -0.131401755857321   -0.520796571421571    0.843507267160841
   94   -0.221832254977505    0.370983570455351    0.901754756629426
   95   -0.195332117299189   -0.912435201305237   -0.359593336104116
   96   -0.415565454451637   -0.877144043766418   -0.240673387709360
   97   -0.510606567065691    0.639271149744934    0.574989852756707
   98    0.067435717531030   -0.236537848152285   -0.969279253049688
   99   -0.352612515415803   -0.909538549600942    0.220009183358226
  100   -0.138978142320698   -0.256613430995447    0.956469875631132
  101   -0.397155713262737   -0.917689440273713   -0.010650381818769
  102   -0.148259937838312   -0.336928895372063   -0.929783797608638
  103    0.033899858947542   -0.487630475785175   -0.872391723166182
  104    0.048889924871406   -0.958664524866551    0.280307160109154
  105   -0.567437698968881   -0.805703270334469    0.169872593319942
  106    0.129781767541322   -0.589552395370019    0.797235640151218
  107    0.023376099293639   -0.884501243694577   -0.465951830004520
  108    0.101162473464098    0.277687894024389   -0.955330093462425
  109   -0.149584702317983   -0.981457278640665    0.119858362393702
  110   -0.092056127394385    0.810150723096433   -0.578948594674411
  111    0.048152540052479    0.998218877337021    0.035219395430811
  112    0.407687139969253   -0.652588816438510   -0.638685394042384
  113    0.015510533769496   -0.856215142356242    0.516386534818701
  114   -0.153733407997954    0.982655826155441   -0.103699404955390
  115   -0.390601408804097    0.527770758066691    0.754247019463759
  116   -0.185387165618347   -0.975018737452159   -0.122352198350475
  117   -0.059326211568774   -0.712534332324220    0.699124613985357
  118   -0.248183343530677    0.727802094722806    0.639303635928210
  119   -0.159923789866048    0.580044574823745    0.798731915383642
  120    0.265713540669032   -0.948064151063650    0.174844730469887
  121   -0.175349468915206    0.899297966866616    0.400644144523198
  122    0.236983454371657    0.954487614903556    0.181086264939661
  123    0.204478914878277   -0.748420690156163    0.630915877052064
  124   -0.110232361447552    0.933119883168924   -0.342251530492576
  125    0.257669698603371   -0.382593016179171   -0.887259212627613
  126    0.028085666514587    0.954117822690257    0.298111347924286
  127    0.030249667230767   -0.709493387573301   -0.704062561582556
  128    0.093953935316920    0.973827159068876   -0.206962127690810
  129    0.240557471545621   -0.911211902146648   -0.334402410681898
  130    0.212717067970039   -0.790891471218130   -0.573796244104692
  131    0.501408729883207   -0.452921843058066   -0.737191352145285
  132    0.032251884167924   -0.973432386169809   -0.226691873527418
  133    0.052223118028546   -0.394390541095462    0.917457817579536
  134    0.172242429449976    0.063334602010136    0.983016415776150
  135    0.307522566020775    0.380596589232278   -0.872110146514048
  136    0.109570249778384    0.888059589987284   -0.446480150729144
  137    0.275228782997708   -0.114010327502745   -0.954594553845934
  138    0.268415426087909   -0.959398639644173   -0.086645307356814
  139   -0.031548819437413    0.817734275634153    0.574730655564145
  140    0.126531202099434    0.736302175842749   -0.664717203586988
  141    0.282710638677654   -0.378284390358411    0.881462202700512
  142    0.320839544169756    0.791898843470064   -0.519575026928468
  143    0.305150144834185    0.135306815637694   -0.942642803372340
  144    0.249378244014200   -0.873641686855812    0.417804612708052
  145    0.061095981638159   -0.997944258207158    0.019352998192390
  146    0.460016371211668   -0.865694975412641   -0.197375651392353
  147    0.295536950457291    0.953593435666235   -0.057597485784288
  148    0.506476607299485    0.652465017094723   -0.563711670737785
  149    0.319866223038021    0.608522987560693   -0.726213035527179
  150    0.447991662569336   -0.258067341555232   -0.855981727311382
  151    0.367322868312350   -0.569184314331211    0.735597122570567
  152    0.514454461855004    0.219906177931420   -0.828841287331340
  153    0.464170764287929   -0.828922472246788    0.312142654221804
  154    0.110865368237374   -0.169992183199259    0.979189219597898
  155    0.236643528237694   -0.588310076475110   -0.773234178280465
  156    0.473322228828883    0.873384797165263    0.114739111801736
  157    0.497740918243463   -0.017116688553690   -0.867156846988543
  158    0.344042644206918   -0.140565125250933    0.928372826255864
  159    0.173485107497161    0.866974847006087    0.467180406412202
  160    0.639015662757649   -0.767084569775389   -0.056923154892451
  161    0.226091301798055    0.295778960505397    0.928115041238751
  162    0.430715659880806   -0.722748827631553    0.540479557884161
  163    0.029883794421273    0.449051159251361    0.893006167507255
  164    0.607668135833053   -0.585231311078619   -0.536883366501871
  165    0.048281139353965    0.667197722043233    0.743314288361931
  166    0.405074541783286    0.105204595197126    0.908210663199056
  167    0.251205699096833    0.523563342933086    0.814111247114301
  168    0.495560618533427   -0.339784165361063    0.799353735419215
  169    0.251042232254561    0.722907746732741    0.643725242116882
  170    0.654779743034962   -0.732290304820857    0.187121344523934
  171    0.553141030842613   -0.093121238041733    0.827866797875085
  172    0.576263526292467   -0.519715196821482    0.630726931768241
  173    0.444514000907518    0.344883922845110    0.826717837451303
  174    0.683726691700709   -0.279363375880718    0.674146805430785
  175    0.457525549608076    0.558090054677614    0.692246966281373
  176    0.425325095999261   -0.791345831588572   -0.439170055377881
  177    0.630314224780063   -0.653514698353541    0.419073402968727
  178    0.375969248150749    0.859952483550259    0.345150475127446
  179    0.453513995790255    0.724463023305725    0.519113073891504
  180    0.530553798363611    0.771980653791447   -0.350083614603247
  181    0.501485675050075    0.446380346987866   -0.741118548912766
  182    0.619045830595862   -0.714482416733960   -0.326032415259401
  183    0.322127946050239    0.899498653023773   -0.295187668410916
  184    0.643526860567528   -0.204241121668325   -0.737671162475372
  185    0.518051455378755    0.846708230845513   -0.121275972057183
  186    0.778381929821976   -0.491029260953578   -0.391167273955785
  187    0.698186643200508    0.264177084438456   -0.665391523325931
  188    0.772398995459370   -0.608891133584174   -0.180696926525980
  189    0.692253583880050    0.035282520203173   -0.720791314718303
  190    0.708593473515153    0.598921829094311   -0.373078988856320
  191    0.755529570187698   -0.438133912264078    0.487045935714658
  192    0.708898691146326    0.687639906913119   -0.156888508538842
  193    0.596116159116441    0.741975983574782    0.306785209289002
  194    0.667561618206813    0.478093086522174   -0.570778842036740
  195    0.897301807635431   -0.406136078574709   -0.172924699491268
  196    0.649314752993655    0.577976870161842    0.494300606010867
  197    0.856429667710329    0.468064413860020   -0.217816272907813
  198    0.716376417214503   -0.367821196011178   -0.592884808899519
  199    0.879406394023072   -0.269649576856888   -0.392343599224249
  200    0.607659362635241    0.161551715751098    0.777593172642101
  201    0.773807927619865    0.578265238732837    0.258516159699747
  202    0.814689393956944   -0.121665625769120   -0.566990887828258
  203    0.844968511106034    0.123494604493942   -0.520362659978727
  204    0.803065129564277   -0.529356821891706    0.273619722963502
  205    0.825135221655044    0.357203576523732   -0.437672789767579
  206    0.675414694341703    0.733655164642265    0.074599531238706
  207    0.837495717657774    0.546287682612398    0.013064866278157
  208    0.948943831243149    0.311699168823007   -0.048468890028764
  209    0.635537174137029    0.396627239801976    0.662404206611783
  210    0.906031510642662    0.380878230649793    0.184495732036434
  211    0.936002183731301   -0.024909145841170   -0.351111729373571
  212    0.773748365501922    0.218357214984499    0.594670996053547
  213    0.730719111425445   -0.034447631079178    0.681808580842630
  214    0.907862294985294   -0.305799937216482    0.286831748142410
  215    0.804452904317598    0.404280406119056    0.435215898104829
  216    0.810260725061461   -0.584045089034854    0.048671258429839
  217    0.841378968416573   -0.210831824108506    0.497625736321328
  218    0.927518444091412   -0.368817400231807    0.060689876886484
  219    0.868448641056898    0.024675659898564    0.495164689426657
  220    0.914733393901791    0.204734020837485    0.348348674165162
  221    0.934928065078814    0.217240353491965   -0.280563971212752
  222    0.983506746673593    0.130655019106250    0.125074958444410
  223    0.969495818666622   -0.182125783964532   -0.164036753208668
  224    0.955019760170140   -0.060829539909478    0.290236153431942
  225    0.992637104573858    0.058442355538189   -0.106094626171057
  226    0.988745023266494   -0.131987822719438    0.070444968731081
   
 U =    23662.7787498951     


 http://math-lab.ru/  - см. Задача Томсона
