    129
    1   -0.180486098443498   -0.035701975604806    0.982929365319074
    2   -0.991857492619277    0.042275855790955   -0.120131038254664
    3   -0.891522828051610   -0.036373194138784    0.451513053865557
    4   -0.899902521586495   -0.428982105772295    0.078420689677128
    5   -0.748044738059001    0.488834767811471   -0.448853695140128
    6   -0.846181009554543   -0.368522529901693    0.384927063252391
    7   -0.978732898242580   -0.133912215618355    0.155400876464265
    8   -0.943378952164154   -0.270007862356020   -0.192696411174665
    9   -0.965726185634569    0.188330502621416    0.178618465344631
   10   -0.846669193385716    0.500079921368244    0.181855297464526
   11   -0.891167112390359   -0.078720243220870   -0.446793353913278
   12   -0.792449886071959   -0.583575620443181   -0.177377206227003
   13   -0.900672655468836    0.228193512179669   -0.369751928581612
   14   -0.197259319964268   -0.343832405209078    0.918078448617206
   15   -0.501095927447743    0.838468601098619   -0.214180476390851
   16   -0.240741608153239    0.879117616347983   -0.411334042756531
   17   -0.748315703747510    0.641331872231095   -0.169461019663598
   18   -0.582976312388587   -0.809258467626007   -0.072383366662598
   19   -0.741564171435114    0.189656685123239   -0.643516061518139
   20   -0.638180116440218   -0.599120894452393    0.483508317209657
   21   -0.918414677760883    0.382809392859199   -0.099857140015844
   22   -0.725400377076019   -0.663558861002087    0.182986149540291
   23   -0.792177867058069   -0.397201706197412   -0.463341161065141
   24   -0.714607025196268   -0.265442074993770    0.647207311734920
   25   -0.517638891710960    0.699027122602036   -0.493367063812500
   26   -0.359296657045980   -0.764480755760822    0.535233674488953
   27   -0.541021496688541    0.447417300765492   -0.712119020316557
   28   -0.653572069029677    0.747475565373176    0.118843719877489
   29   -0.709339898996429    0.058436906172303    0.702440058431141
   30   -0.472105510966508   -0.845010130075613    0.251145906963757
   31   -0.420771838974512    0.834503615003760    0.355745380956188
   32   -0.841863399387915    0.290046326662743    0.455125416957209
   33   -0.271088175665632   -0.483043437638705   -0.832574464158289
   34   -0.129779481356633    0.842347527045280    0.523075453352100
   35   -0.481796823089316   -0.479567846823286    0.733407459434604
   36    0.113197446449009    0.945318472219276   -0.305874687083514
   37   -0.608057441306544   -0.677051214774441   -0.414569415953701
   38   -0.386170464242596    0.920730919576348    0.055919104809982
   39   -0.636323351995826    0.377010172575405    0.673020000801952
   40   -0.705952939317702   -0.137716259115966   -0.694740728217225
   41   -0.269084404113688    0.667522270594333   -0.694267672964374
   42   -0.371574133428003   -0.879875028295276   -0.296230649915933
   43   -0.479833205158124   -0.178646152287914    0.858979422047120
   44   -0.672950555983648    0.602222463200938    0.429494649579590
   45   -0.120995166655456   -0.861700622698185   -0.492780079231677
   46   -0.138642078084721    0.982398370597186   -0.125187122470102
   47   -0.151759208261822   -0.928474666720470    0.338974830874000
   48   -0.451172793922509   -0.187552531555308   -0.872506250941134
   49   -0.417207796014101    0.665848322311753    0.618533480597195
   50   -0.571202469367743   -0.448183642917727   -0.687647555953766
   51    0.010526455045791    0.808865341302311   -0.587899696703498
   52   -0.364960490304046   -0.700166378713346   -0.613653715572936
   53    0.254911298685283    0.654647556061649   -0.711657787946632
   54   -0.197645138226549   -0.619161875891283    0.759983533228317
   55   -0.509793199921743    0.131668683431038   -0.850161308880313
   56    0.161179195330576    0.986316371797729    0.034659511196100
   57   -0.037636209054565   -0.976009989839406   -0.214448165069518
   58   -0.448901675127429    0.132550480492671    0.883695454434926
   59    0.188543687520399   -0.835365771305416   -0.516348047374557
   60    0.168167006922620    0.912798058621488    0.372182162333890
   61   -0.283683053456715   -0.958786674016466    0.015875733366265
   62   -0.211445083901961    0.082647842692418   -0.973889270190396
   63   -0.004487975944669    0.538907242266106   -0.842353157710625
   64   -0.367613455809113    0.428108532006282    0.825580663491768
   65    0.128354682565567    0.090976353816653    0.987546646244986
   66   -0.120349560025872    0.623283125586851    0.772679835870113
   67   -0.148837829859209   -0.221305573053061   -0.963779613676518
   68   -0.119528447840888    0.287007353667447    0.950441859924928
   69    0.094860065041956   -0.530327252908288    0.842469330529595
   70   -0.275599596484223    0.381381281702478   -0.882379272413347
   71    0.064565513120786    0.243444551855319   -0.967763423925193
   72   -0.112504409741119    0.968691179065813    0.221314611783514
   73    0.091286701870565   -0.416356597573390   -0.904607053763514
   74    0.329213974477144    0.384946879561464   -0.862226222591759
   75    0.481374404529409   -0.726583620047551   -0.490260059297667
   76    0.138415071386813    0.463344903187103    0.875301530161760
   77    0.131194355834094   -0.074813911987582   -0.988529675614441
   78   -0.025746811075383   -0.673251548677738   -0.738965123617127
   79    0.544978981021778    0.559432486386109   -0.624526383286023
   80    0.299940796084865   -0.601151759485405   -0.740710524369392
   81    0.160918586867124    0.732406158713362    0.661578738382232
   82    0.199843783648034   -0.904488084650253    0.376780794180056
   83    0.004512535760299   -0.799558433773537    0.600571351300260
   84    0.441810781908167    0.876719025809717    0.190176188764405
   85    0.397217567845351    0.068639689803821   -0.915153974355496
   86    0.277488908499616   -0.933269142954255   -0.228053968325748
   87    0.383325791109582   -0.278734984739734   -0.880549911221592
   88    0.378601059530249    0.258443091017788    0.888745411480557
   89    0.360275082059618    0.812542398804821   -0.458232163200536
   90    0.040133431275501   -0.995111369672757    0.090236742195539
   91    0.608164830924508    0.258218728559010   -0.750638812377786
   92    0.116970863376319   -0.231199298906656    0.965849212509939
   93    0.392483133072939   -0.394738134925748    0.830745926916643
   94    0.436408857016966    0.529632601081330    0.727349034088154
   95    0.567979700046506   -0.800547909162421   -0.191107575649835
   96    0.346594813855064   -0.934271408937631    0.083719588212480
   97    0.433504713440482    0.751246191921497    0.497697521139432
   98    0.632968966821399   -0.105786015304064   -0.766915644648836
   99    0.307484136432793   -0.684467021064576    0.661028292070139
  100    0.413450911987831   -0.074049766528001    0.907510316995669
  101    0.607364047070623   -0.783576455445182    0.130831390720881
  102    0.576961474168855   -0.454296873821674   -0.678770806503017
  103    0.794281847952766   -0.279062878926517   -0.539666800551954
  104    0.603668105380592   -0.512066702812961    0.611042151096362
  105    0.486548725769745   -0.766672641848219    0.418907385579808
  106    0.633132896161445    0.160669280046228    0.757184335712017
  107    0.733093809390453   -0.564927750817480   -0.378721669553904
  108    0.810653367333414    0.091758310212423   -0.578291907723044
  109    0.756206991783900   -0.569553997654833    0.322116794552135
  110    0.778613612517855    0.406572468377928   -0.477974549907183
  111    0.417221774037605    0.896809277220018   -0.147170348783383
  112    0.799374344345538   -0.599747156974333   -0.036111013601753
  113    0.651062340477219   -0.199081486606484    0.732450947506301
  114    0.635464397402027    0.697767940283943   -0.330612917391899
  115    0.690519047002326    0.428152655123834    0.582982632363444
  116    0.925245796257201   -0.349103203762061    0.148482893396654
  117    0.824838674466416    0.029017586854631    0.564623007641045
  118    0.675281735414066    0.650596768218691    0.347445568398220
  119    0.878539419507553    0.285749383282289    0.382773795243514
  120    0.831613282197311   -0.292866972710846    0.471856212386993
  121    0.667683145676996    0.744427218168609    0.005228176414147
  122    0.842916905957856    0.511281589426306   -0.167577522252076
  123    0.958269003931348   -0.038427200379219    0.283273483360935
  124    0.940458126457547    0.222021586209498   -0.257380899907081
  125    0.934867202187913   -0.076375449430387   -0.346684445854801
  126    0.850797830625341    0.503884785626358    0.149141457071779
  127    0.911054947964176   -0.359630965580297   -0.201604688402268
  128    0.972274334150354    0.225367729853041    0.062385939869278
  129    0.996226556222239   -0.080176001688562   -0.033233378263630
   
 U =    7512.20541301854     


 http://math-lab.ru/  - см. Задача Томсона
