     54
    1   -0.304182738094659    0.001425079132264    0.952612634282531
    2   -0.975009965371744   -0.134649104236996   -0.176706497203597
    3   -0.636557218144309    0.320245471772394    0.701596569146155
    4   -0.876640670604170   -0.401012981368017    0.265875390769823
    5   -0.468745068429582   -0.024263544177037   -0.883000193231528
    6   -0.678131524889262   -0.199047311782567    0.707472828187413
    7   -0.934023335492557    0.078578011149662    0.348462200129543
    8   -0.722212617917620   -0.345991150799759   -0.598914900539998
    9   -0.762988473954488    0.572136478372841    0.300846204442942
   10   -0.337832736247919    0.774303770313412    0.535091313326688
   11   -0.293804468127346   -0.515097352772072   -0.805204105600320
   12   -0.788304883379822   -0.589924323732873   -0.174827638283649
   13   -0.938543967927273    0.333283178278131   -0.089763819794823
   14    0.142248141043892   -0.193661300252393    0.970701172943615
   15   -0.219030530144067    0.913282031689253   -0.343426203802737
   16   -0.110703601827923    0.310366102951507   -0.944149137944329
   17   -0.680975813927715    0.664406082090878   -0.307955352163485
   18   -0.426476310897382   -0.804398615826969   -0.413594998880567
   19   -0.807228063459232    0.172604801340997   -0.564438159693242
   20   -0.215738859547120   -0.503618240716155    0.836555683800710
   21   -0.464720934191244    0.882516140487446    0.072109050080835
   22   -0.545458857760786   -0.652981714186911    0.525442209408249
   23    0.032677486288206   -0.866111520541289   -0.498781531209346
   24   -0.180157620488164    0.467796946213451    0.865279867380152
   25   -0.474408807431719    0.524020166266761   -0.707346554933981
   26   -0.075795787603886   -0.868504054903283    0.489852738277599
   27    0.039538219459516   -0.156305771189252   -0.986917035568291
   28    0.006076146405922    0.983299829067768    0.181891524266943
   29    0.249828006667963    0.280920997074039    0.926644139077802
   30   -0.494647643736550   -0.862761126256537    0.104723194978143
   31    0.275049327277446    0.930468186207456   -0.242026490327054
   32    0.176158265854201    0.758820637680611    0.627024325844884
   33    0.388488730719802   -0.906327048832960   -0.166276235997377
   34    0.721129645114932    0.660814757563137   -0.208076647231699
   35    0.301995790709146   -0.600261560378517    0.740597462543523
   36    0.015897942450518    0.714142053872567   -0.699820250004608
   37   -0.055241176407255   -0.998469384439849    0.002701992866738
   38    0.473483795426389    0.630533027845700   -0.615013167553634
   39    0.588275501245357    0.469262961456287    0.658577412032784
   40    0.222631383354683   -0.555901656962590   -0.800879900441900
   41    0.369707876981381    0.242892916308769   -0.896838400663655
   42    0.400947876674919   -0.856604578378452    0.324760521755566
   43    0.586902402693767   -0.103499793474446    0.803015169509910
   44    0.481839846781403    0.844278137896409    0.234573630069209
   45    0.767848771341207   -0.640631140128755    0.000081529942697
   46    0.833025110243668    0.497333159589463    0.242340450763560
   47    0.725583905554016   -0.478208499175338    0.494817771828631
   48    0.574074314632806   -0.190839979688845   -0.796252964472494
   49    0.877191483661230    0.069871338231313    0.475029574959261
   50    0.603440690492130   -0.622014996513009   -0.498955586371476
   51    0.784157875814590    0.231938323215458   -0.575587560690770
   52    0.890547666397894   -0.241423434361521   -0.385538038608844
   53    0.970792675450269    0.205802365869057   -0.123316533744702
   54    0.968053510977539   -0.222846849744452    0.114942078644131
   
 U =    1239.36525549919     


 http://math-lab.ru/  - см. Задача Томсона
