    248
    1   -0.164414200660206    0.052948516030445    0.984969250926870
    2   -0.979327721342306   -0.084770154458650   -0.183660652082977
    3   -0.960759868513782   -0.020016204888841    0.276658321030162
    4   -0.963619818571019   -0.263702601646385   -0.043563552909333
    5   -0.835013088989937    0.162062584717459   -0.525822080032951
    6   -0.847208883839576   -0.433793948548227    0.306691893186368
    7   -0.950505023342482   -0.245746975143834    0.190127916962142
    8   -0.913324626324076   -0.249990392531610   -0.321469952860106
    9   -0.997886077603728   -0.041042665450701    0.050387257688307
   10   -0.975946897090401    0.188031656313046    0.110325655600997
   11   -0.873841661700450   -0.085996495279387   -0.478545037667572
   12   -0.885293829699906   -0.429993713539760   -0.177088230584533
   13   -0.938667179963375    0.074535438597733   -0.336672531776277
   14   -0.584707314600668   -0.102019096115936    0.804803988732762
   15   -0.924305480099587    0.370994226889087   -0.089569319930661
   16   -0.818661848473606    0.509385318304804   -0.265178006911002
   17   -0.900603685440689    0.298984759311754   -0.315469674406181
   18   -0.781167706812927   -0.621509193401466   -0.059188988419229
   19   -0.740192369283799    0.006579226020875   -0.672362975065554
   20   -0.759667534176460   -0.380675522504512    0.527248882487363
   21   -0.981986652231601    0.149367629959540   -0.115721760958093
   22   -0.887009831016035   -0.455870320343717    0.073456182249155
   23   -0.801407758916153   -0.393483357122795   -0.450462486358592
   24   -0.884079670007596   -0.217089008145134    0.413854442554168
   25   -0.777157083815274    0.387778017014180   -0.495636032382928
   26   -0.604770349083803   -0.318766781467033    0.729822282410042
   27   -0.684288436834025    0.246542581402924   -0.686269692446365
   28   -0.836395973983409    0.419837475372165    0.352389371260642
   29   -0.815666754031997    0.218714098479633    0.535585557584544
   30   -0.697028361994413   -0.590148988346218    0.407278325140586
   31   -0.903389761040708    0.406364354033493    0.136948718204132
   32   -0.921543922871881    0.204159922551169    0.330265838744798
   33   -0.617078305685413   -0.366907015736901   -0.696127579151596
   34   -0.769812853566403    0.601994912151872    0.212109161110997
   35   -0.758833872746925   -0.168559373479928    0.629093706202786
   36   -0.535355302568140    0.838906670417440   -0.098134083484279
   37   -0.764951299343609   -0.570175128223290   -0.299582764504367
   38   -0.818701290325707    0.573743892006413   -0.023369715538615
   39   -0.645410267980410    0.287096270951321    0.707828593086844
   40   -0.601470326158671   -0.146702895454589   -0.785309943408220
   41   -0.607799343194968    0.467468494912911   -0.641913673850015
   42   -0.628285405004185   -0.758976597601186   -0.170915108028677
   43   -0.869871893816679    0.000270110163588    0.493277625063498
   44   -0.721065307331115    0.427352392799135    0.545375792396710
   45   -0.603559475962131   -0.695614564234616   -0.389661823894775
   46   -0.697068299505412    0.691751660366366   -0.188614490973014
   47   -0.596721326835724   -0.518818184384322    0.612169379870938
   48   -0.407213938958168   -0.089877742476494   -0.908899774081555
   49   -0.667056322516438    0.613350235955457    0.422891653552337
   50   -0.763112036895434   -0.227550343448288   -0.604880864585637
   51   -0.679514262131127    0.589617461700653   -0.436590902811852
   52   -0.646969635006103   -0.532710632695535   -0.545572793670279
   53   -0.486479580824251    0.663793148217042   -0.568081221148147
   54   -0.412943375499335   -0.444811069551290    0.794745796488319
   55   -0.562594262190521    0.085753148063487   -0.822273734073700
   56   -0.308521063890816    0.950166187168374   -0.044709841171652
   57   -0.440681546945020   -0.840304668388863   -0.315733809507355
   58   -0.724333798404297    0.055766041374338    0.687190437301509
   59   -0.450757766503500   -0.699812487503896   -0.554147920929407
   60   -0.454756588998922    0.881942037295004    0.123994708008059
   61   -0.757238578952820   -0.627588953897967    0.180891789450958
   62   -0.122610656174195    0.200091153701054   -0.972075180838969
   63   -0.404796489314460    0.528289651819087   -0.746357719876707
   64   -0.540289505430100    0.128517249364852    0.831607219147231
   65   -0.376933928456439   -0.018145216542535    0.926062397840999
   66   -0.548771631173649    0.539516277834047    0.638570186252935
   67   -0.434919684597826   -0.321364615510937   -0.841171594769364
   68   -0.347357725239670    0.223418445356709    0.910728724149356
   69   -0.253862559138133   -0.774738925989857    0.579079785197102
   70   -0.494654110534437    0.316015327172512   -0.809599668924979
   71   -0.354779924938914    0.143793445802286   -0.923826092836007
   72   -0.666175815914190    0.743305390608927    0.060884140650688
   73   -0.257750710710485   -0.493430702883688   -0.830716987053924
   74   -0.276377598789458    0.366215338268300   -0.888539109383717
   75    0.251921049455262   -0.954644995732833    0.158709536460850
   76   -0.460931286448276    0.392162748635875    0.796084623488919
   77    0.043569399616107    0.034060857185920   -0.998469611668203
   78   -0.454000313597869   -0.533663856906233   -0.713503050508546
   79   -0.180861328618380    0.566247731985501   -0.804147179210168
   80   -0.253659818120967   -0.684003535119261   -0.683956037048575
   81   -0.576471155277903    0.767177610703774    0.281281923996917
   82   -0.501179982016373   -0.717019539995397    0.484460116924869
   83   -0.401584370266917   -0.627671522362320    0.666902131929934
   84   -0.359505164378602    0.866155134461683    0.347176208618589
   85   -0.032753822326796    0.408233880188370   -0.912289584610792
   86   -0.277039311379282   -0.831473507390611   -0.481561030875681
   87   -0.190643330449241   -0.030509713352213   -0.981185139485096
   88   -0.139491693148289    0.289347165681165    0.947005958405173
   89   -0.547643317311734    0.758043849518376   -0.354198135527506
   90   -0.619998759905222   -0.782558941643350    0.056595411209976
   91    0.206632440749501    0.440669607907060   -0.873563581599498
   92   -0.403610288260465   -0.240712919392666    0.882698150925765
   93   -0.198822787777970   -0.404351056040484    0.892731607225342
   94   -0.253534067480501    0.471571150476241    0.844595244282909
   95   -0.261306993237062   -0.939858075334129   -0.219966937321572
   96   -0.446970954908933   -0.891444172761832   -0.074459736212058
   97   -0.469966861549949    0.725087624766296    0.503367743757646
   98   -0.014189357376970   -0.199960898769353   -0.979701128457338
   99   -0.344074902558760   -0.858085191914865    0.381185341855651
  100   -0.185639406135410   -0.183653207846607    0.965302807484441
  101   -0.417276329044728   -0.893849473697202    0.164053599747739
  102   -0.231912140014511   -0.267266188793926   -0.935299707923326
  103   -0.050902683132463   -0.434402806518585   -0.899279221676278
  104   -0.087277338170707   -0.879472709950117    0.467878636715585
  105   -0.577806280001909   -0.766470306279399    0.280469556961750
  106    0.011736228798970   -0.552273977227221    0.833580059149213
  107   -0.096039019893817   -0.918855440119304   -0.382728607267599
  108    0.133339780906606    0.241274242190696   -0.961252954681068
  109   -0.173574387802836   -0.950460357877285    0.257870199912000
  110   -0.259342234407862    0.713609035852604   -0.650771656882700
  111   -0.169188600473630    0.951816945406449   -0.255772789613967
  112    0.161917907396920   -0.732827064209221   -0.660868432614766
  113   -0.034351877326017   -0.742450848398512    0.669019197210743
  114   -0.382782335012692    0.886956650881011   -0.258429068527850
  115   -0.349690729065556    0.626110064216979    0.696923655425621
  116   -0.242102965454716   -0.969697011258191    0.032769810420027
  117   -0.200074469568209   -0.604731462408069    0.770889139241693
  118   -0.246666774353723    0.798006278113670    0.549855874317168
  119   -0.128650697991573    0.679548974859236    0.722261856028714
  120    0.078469831348593   -0.941969637764423    0.326398050083154
  121   -0.222065479010414    0.958637180047445    0.178049656170851
  122    0.162738505251498    0.986610856638323   -0.010732961935201
  123    0.184598032286546   -0.671304265400007    0.717825988476101
  124   -0.328849991661348    0.820831297889260   -0.467004992895970
  125    0.159645807153719   -0.357577953386126   -0.920136524386695
  126   -0.081002696948375    0.996543503788949   -0.018428460140081
  127   -0.062717680233729   -0.800240269487601   -0.596390814547400
  128   -0.107220962290261    0.879150109589878   -0.464326124672795
  129    0.096065352534345   -0.957950969415136   -0.270372683973534
  130    0.134903441899430   -0.868484986083603   -0.477006174290282
  131    0.173603594337639   -0.559210888932193   -0.810644788876558
  132   -0.064515658294426   -0.991481871300008   -0.113143398916029
  133    0.021864497847170   -0.340564076531317    0.939967049161971
  134    0.060437531296765    0.113202201634182    0.991732104126879
  135    0.387078294471724    0.289927608530157   -0.875278456127446
  136   -0.034580193214914    0.764158364881438   -0.644101081833393
  137    0.214489005039766   -0.118257464492613   -0.969540942306631
  138    0.180695739929231   -0.981985944449353   -0.055250832349740
  139   -0.118266360414493    0.914744487867794    0.386336110025708
  140    0.039735569284522    0.608843684715410   -0.792294422620655
  141    0.239240256047256   -0.229455134736326    0.943458764880362
  142    0.189317795594848    0.782539483684026   -0.593119489434165
  143    0.308836438651833    0.088958657681879   -0.946945833395074
  144    0.146045044620308   -0.829248376234861    0.539460819201635
  145    0.004506882956511   -0.993756394541072    0.111480564739984
  146    0.314838614964213   -0.910079538247698   -0.269503025196884
  147    0.047554278145973    0.974746201802044   -0.218193567051150
  148    0.427151724210764    0.685092430680111   -0.590076067917170
  149    0.256228301992694    0.625506407780945   -0.736945582172061
  150    0.366498592372516   -0.275230576974839   -0.888778325167227
  151    0.223539570768744   -0.459831294237570    0.859409821412536
  152    0.549449103384931    0.125177659731040   -0.826096989640899
  153    0.304534883313662   -0.876174206389590    0.373600408060145
  154    0.036538144701654   -0.113396819592811    0.992877699058649
  155   -0.043994421605858   -0.633929425102896   -0.772138572314761
  156    0.395999881132945    0.917926326338466   -0.024399867980405
  157    0.466231722088737   -0.075061187645690   -0.881472517681289
  158    0.266863862046524    0.003335410920410    0.963728464956601
  159    0.020855936928123    0.980600150993575    0.194906063954480
  160    0.405076988650861   -0.912778973216407   -0.052413541375801
  161    0.078519370632068    0.333095099889103    0.939618200582243
  162    0.373707347037583   -0.734168184395361    0.566868499558540
  163   -0.028690072702072    0.518573358244333    0.854551667160942
  164    0.381918020814327   -0.654335382759616   -0.652674369227177
  165   -0.002130567268717    0.817857757322281    0.575416500867747
  166    0.284632649771915    0.236894685388805    0.928905357244944
  167    0.114262051626159    0.668985595704853    0.734440233305341
  168    0.422511953118222   -0.331673579868687    0.843490536929321
  169    0.124419105048357    0.909657908426112    0.396285725123675
  170    0.508128392017369   -0.773858077263718    0.378086251375985
  171    0.457413936900045   -0.098788400883004    0.883749592464167
  172    0.389637665755083   -0.566699615472716    0.725971098080361
  173    0.223204465156348    0.480878225471469    0.847900878052193
  174    0.650222868081590    0.032146383900704    0.759063127694831
  175    0.239655348600426    0.782184659753460    0.575110834477644
  176    0.354698898262920   -0.802271051927915   -0.480156069220776
  177    0.586037822198019   -0.598292496419599    0.546448313824287
  178    0.261742066178260    0.945714654573921    0.192652233095971
  179    0.356855635280568    0.851359902367697    0.384500158919302
  180    0.358702973351776    0.833271305340232   -0.420703112188608
  181    0.435356618230398    0.485724689339626   -0.757981623213199
  182    0.561105971564848   -0.670270675715543   -0.485692608498521
  183    0.115995065558465    0.899752571156607   -0.420702335937372
  184    0.565193786162491   -0.293638346479585   -0.770929637230301
  185    0.276556655966339    0.933511142621554   -0.228195886558274
  186    0.579928576307451   -0.497263801606470   -0.645299587783763
  187    0.602879846548953    0.325380960053259   -0.728466280249079
  188    0.513555854326716   -0.806799153061060   -0.292122424861071
  189    0.663922268808670   -0.084434827636468   -0.743019502342939
  190    0.572238803228589    0.711930313617340   -0.407060168319413
  191    0.621945104395309   -0.201953368225394    0.756570633966933
  192    0.499261690123707    0.839510333257298   -0.214383220259982
  193    0.487653410890558    0.856716728112093    0.168019637601427
  194    0.603001090622605    0.530365383586647   -0.595904559976627
  195    0.694837106729165   -0.661027687179244   -0.283273351896543
  196    0.469562802332520    0.695884983441488    0.543373595683734
  197    0.733364472154459    0.541980590747518   -0.410406615729552
  198    0.387817793356107   -0.476021677097207   -0.789303947848966
  199    0.731199527460264   -0.301548988421311   -0.611894973524027
  200    0.436379161755890    0.381891802708283    0.814697415123827
  201    0.569214858355656    0.747164175478959    0.343132831288407
  202    0.818957570849447   -0.085503961574252   -0.567448296942974
  203    0.734912628471742    0.127573210245067   -0.666054430613987
  204    0.568073643443946   -0.435197831027980    0.698494941637276
  205    0.759972270692587    0.341572580631596   -0.552965025963690
  206    0.628412460822132    0.777868743896976    0.004242210698766
  207    0.684418566488635    0.702906343225591   -0.193633412661320
  208    0.818906422144691    0.573276645947395    0.027315910775335
  209    0.352945858438560    0.605163733490852    0.713586768850489
  210    0.714087316825869    0.673413352267032    0.191294957949521
  211    0.859315260618507   -0.293285210972880   -0.419000081017582
  212    0.564983751027762    0.500793764405353    0.655743064475192
  213    0.477128284265824    0.136283045619190    0.868202471679452
  214    0.731412864635226   -0.337660354737530    0.592470004544212
  215    0.677012876849491    0.579679617018204    0.453459045773270
  216    0.468597152595416   -0.867587887122522    0.166457101674113
  217    0.627055561276394    0.272535217173966    0.729743707387933
  218    0.783027348877309   -0.462948179921124    0.415387955552267
  219    0.743942904837962    0.383090012017923    0.547531731531025
  220    0.818044221584128    0.493190419899074    0.295916983717720
  221    0.819907604838627    0.536724002441329   -0.199195543954041
  222    0.874434586961650    0.285617241865219    0.392156785322546
  223    0.733391709767921   -0.497299987020041   -0.463496842441836
  224    0.787810413656762    0.154724835921804    0.596166903880895
  225    0.917500597353964    0.373374074474258    0.137056391188481
  226    0.684010773988081   -0.644701904425288    0.341304432286826
  227    0.598017707817676   -0.797537505807497   -0.079427627226607
  228    0.904296315872727   -0.357184791235019    0.233810175162265
  229    0.768748772505823   -0.636627394974690   -0.061080968709825
  230    0.895447227340045   -0.444606811030571   -0.022339351697218
  231    0.959830696416924    0.154468520007474    0.234231745377317
  232    0.786694976642825   -0.090036277271924    0.610740929118034
  233    0.871400097808980    0.347470644948782   -0.346303364750296
  234    0.870399637344819    0.136213778151399   -0.473128183425727
  235    0.899908572470360    0.035688531274053    0.434615795766629
  236    0.655964379318901   -0.742620411775531    0.135002433604393
  237    0.867066147568649   -0.229479406423502    0.442193959443115
  238    0.813456526648084   -0.557166986386524    0.166893464625175
  239    0.928612329995030   -0.071265006364330   -0.364143432522261
  240    0.969667157804134   -0.241386076548741    0.038449513969064
  241    0.955857626650240    0.155285520572783   -0.249444592394804
  242    0.840552373551715   -0.479638017005554   -0.251831451489997
  243    0.922995814335366    0.370994682007972   -0.102184502940509
  244    0.954951442372549   -0.120010792051788    0.271413250416577
  245    0.941191848443095   -0.272046504460106   -0.200371165179295
  246    0.988364801234589   -0.051130622240274   -0.143250407154163
  247    0.983199975034027    0.182133627382653   -0.012047857466221
  248    0.996450603353281   -0.018675772012051    0.082081731320902
   
 U =    28596.4808175192     


 http://math-lab.ru/  - см. Задача Томсона
