     65
    1   -0.217916155324216   -0.059187370801101    0.974171137114196
    2   -0.968814638377119   -0.077537831150041   -0.235342476418432
    3   -0.801796020592439    0.330896474549785    0.497625023981565
    4   -0.875063138200971   -0.156848155440257    0.457889899754140
    5   -0.435452750249912    0.007445038907594   -0.900180800559228
    6   -0.624775749665679   -0.022043316157996    0.780493020367542
    7   -0.981835991658522    0.137403727079774    0.130836926242227
    8   -0.794631826101820   -0.456181456962030   -0.400573013656796
    9   -0.828836014895583    0.555077971599492    0.070137763416024
   10   -0.538385836292988    0.705514584045240    0.460857747009391
   11   -0.489054453457566   -0.417402172336303   -0.765898928111443
   12   -0.913735872335917   -0.399295602148869    0.075165003233502
   13   -0.869901495809416    0.354171790410690   -0.343269180769010
   14    0.258177346454142    0.025479400175290    0.965761491230938
   15   -0.210132620703373    0.718167500389600   -0.663385048897310
   16   -0.128810513387536    0.336380737855599   -0.932875045673622
   17   -0.594052410626359    0.708163322349958   -0.381584122189697
   18   -0.659738251088526   -0.750880248787651   -0.030402171489047
   19   -0.775644954463165   -0.027307045786618   -0.630578488267909
   20   -0.434824366368506   -0.429983799929470    0.791227971074356
   21   -0.513879376847691    0.857316149648009    0.030610547256485
   22   -0.689196583637673   -0.563745578008681    0.455191160258872
   23   -0.473596348451557   -0.753980315198020   -0.455214436312432
   24   -0.455724822610207    0.395283792632992    0.797537215017941
   25   -0.565753582020949    0.406675371497260   -0.717313060419250
   26   -0.147089780129581   -0.733399415830352    0.663694126417531
   27   -0.046850689307330   -0.155386779436557   -0.986742094818987
   28   -0.159517864302583    0.948829549023740    0.272537222903128
   29   -0.040862798257723    0.354416057654929    0.934194567418847
   30   -0.395044429643864   -0.858228196740517    0.327695378250709
   31   -0.187418867146836    0.944701203744079   -0.269098130580436
   32   -0.116607857784152    0.725398715928763    0.678379915999797
   33    0.247407011303299   -0.955547144818460   -0.160372768222218
   34    0.185180972113259    0.982578572042928   -0.015727597695421
   35    0.067970621163526   -0.407783860082597    0.910545066493022
   36    0.215351299314157    0.584084073258374   -0.782604378501430
   37   -0.230692060969516   -0.970093882333235   -0.075491936425485
   38    0.236610254720948    0.862891300228540   -0.446580554156568
   39    0.336961506264042    0.519268890740774    0.785376828283795
   40   -0.072125971724271   -0.572816785942624   -0.816503995057704
   41    0.305410469550749    0.135080504099054   -0.942590951845569
   42    0.069719784892041   -0.954443427462868    0.290132547928600
   43    0.631969441401105    0.165462267397538    0.757124073849750
   44    0.258399722889180    0.856124379661957    0.447527239125423
   45    0.503591830453716   -0.842277670406570    0.192259185046534
   46    0.573019223712175    0.816733845246188    0.067784919308589
   47    0.301279998630091   -0.713381605267252    0.632706130594426
   48    0.346806196537000   -0.342392656951051   -0.873208297320599
   49    0.638640441099317    0.612177285441821    0.466237448283119
   50   -0.064809965311690   -0.871916360984858   -0.485346811922382
   51    0.601858152270224    0.406593441816961   -0.687348919848798
   52    0.337189789218683   -0.736459942152554   -0.586455283590588
   53    0.632464766247916    0.687727013847440   -0.356398476258600
   54    0.518746175884185   -0.304229149357989    0.798966225623117
   55    0.689869655042167   -0.032811065813891   -0.723189666002051
   56    0.894674584457070    0.237695614737626   -0.378230330170744
   57    0.688653796072655   -0.560759323677066    0.459679159919134
   58    0.862187169964503   -0.161882024608190    0.480028638788723
   59    0.663120752812017   -0.718020954905269   -0.211463414109747
   60    0.874606581501681    0.484782342825557   -0.007029059574973
   61    0.888010641578647   -0.454154548473966    0.071977403005995
   62    0.675043830607301   -0.460904159387250   -0.576093032954361
   63    0.920391709134658   -0.221967581197421   -0.321884287677343
   64    0.880140413728545    0.271206409468806    0.389615112110380
   65    0.998926550119403    0.009861740586887    0.045260286556150
   
 U =    1823.66796043144     


 http://math-lab.ru/  - см. Задача Томсона
