    289
    1    0.023072637326913   -0.008527928050798    0.999697418147082
    2   -0.172539887532482    0.035144615612260    0.984375356865330
    3   -0.961709515765165   -0.196046320150664   -0.191521924703453
    4   -0.974410777317188   -0.090851811503868    0.205595684280043
    5   -0.911498090680401   -0.397419300962668   -0.105967588952133
    6   -0.805026557221928   -0.097843630827390   -0.585114404261186
    7   -0.821323345075373   -0.497550462577709    0.279054654186069
    8   -0.909417766345062   -0.402059425551386    0.106336938931153
    9   -0.875649663048095   -0.368881627594422   -0.311711424922232
   10   -0.975474715014843   -0.217672759321602    0.032674917230654
   11   -0.998662614338884   -0.025504776462967   -0.044972092450754
   12   -0.801252941473863   -0.321673319450128   -0.504499751569234
   13   -0.803909987386853   -0.570298692793838   -0.168784280006488
   14   -0.903378602895342   -0.154694117483317   -0.399971036260024
   15   -0.677285358095413   -0.040941516011492    0.734580380881663
   16   -0.917810834048594    0.238177103357063   -0.317639639118708
   17   -0.826213512181446    0.451448662740781   -0.336994565532384
   18   -0.883415044345729    0.070905868425529   -0.463195657629102
   19   -0.687009231902682   -0.726571775758414   -0.010572130899279
   20   -0.690046786078004   -0.255670586150110   -0.677102639487601
   21   -0.809523062860774   -0.366387472176682    0.458729365670537
   22   -0.963058332624262    0.013876566835021   -0.268935101568852
   23   -0.815409972574648   -0.576797244199781    0.049107185923751
   24   -0.756724137000039   -0.535665496938597   -0.374741318606679
   25   -0.917515234808389   -0.283967606407131    0.278438848593209
   26   -0.816862836998331    0.287312493421072   -0.500186601834959
   27   -0.608097574816829   -0.258279296458362    0.750672461545556
   28   -0.759551011163695    0.113070825187213   -0.640544494888288
   29   -0.952227511739307    0.302055993475141    0.044999363245653
   30   -0.929321195062936    0.044142062815441    0.366624596415999
   31   -0.697450107047668   -0.565609086734135    0.440056484082412
   32   -0.977657480969755    0.173494077591998   -0.118683001918452
   33   -0.986589564362555    0.104381025928253    0.125481603899014
   34   -0.552522084011932   -0.404517791499683   -0.728755585254295
   35   -0.850679387307672    0.525632808828649    0.007397992480932
   36   -0.762874869805259   -0.210926799929392    0.611172494547289
   37   -0.634650740448774    0.758254881331286   -0.149224570983133
   38   -0.660235014665858   -0.715370473011424   -0.228768030442598
   39   -0.907496137073212    0.391658942329995   -0.151835549494011
   40   -0.844538570893047    0.210641869087194    0.492325710542710
   41   -0.520315578777527   -0.207690471659277   -0.828333487469482
   42   -0.710710389997689    0.491129739488890   -0.503668860005170
   43   -0.528716869643486   -0.843997504698949   -0.090148121535288
   44   -0.886201272656773   -0.151633881625391    0.437783588414108
   45   -0.928438668782542    0.238630934585957    0.284704961965777
   46   -0.479192248575190   -0.820913392273343   -0.310605845553052
   47   -0.780193501069573    0.598528805405156   -0.181827858121573
   48   -0.666576816755245   -0.424602521528066    0.612689192067604
   49   -0.469141039642947   -0.003719185896483   -0.883115424267407
   50   -0.883085576199459    0.427076501105250    0.194333546543478
   51   -0.671583367458874   -0.480529352695261   -0.563974575447221
   52   -0.670534055191216    0.647124385162956   -0.362786591478089
   53   -0.599931198689908   -0.674758849232046   -0.429863992701802
   54   -0.521664319953110    0.669419156261020   -0.528908622087638
   55   -0.427535556305605   -0.293485058350037    0.855032086310059
   56   -0.655777778521787   -0.049029297707809   -0.753360228020639
   57   -0.547927122105706    0.835287224539165    0.045509574625764
   58   -0.343216984794918   -0.922683629738207   -0.175661665600132
   59   -0.819917198256795    0.007014061792040    0.572439159160086
   60   -0.390824383595480   -0.772380544648558   -0.500684127405303
   61   -0.623792844432878    0.743414197945990    0.241283686822504
   62   -0.707401645584967   -0.671195434179077    0.221539163492239
   63   -0.492858716818960    0.363864765414564   -0.790375048787202
   64   -0.387613974471302    0.578356222843528   -0.717815774619594
   65   -0.717041225179166    0.175533669615001    0.674566388300701
   66   -0.559160988938135    0.135332178089081    0.817938989181584
   67   -0.819814569274274    0.413027209819865    0.396626519479035
   68   -0.315250679292539   -0.160385019673787   -0.935357500996187
   69   -0.401917554920112    0.305318057693253    0.863274673955780
   70   -0.346000849294809   -0.642034634458928    0.684160025463678
   71   -0.678534834368288    0.316330166944732   -0.662967347634495
   72   -0.592068468156638    0.158115902822992   -0.790224202545786
   73   -0.719555537817939    0.693476963748061    0.036462703496953
   74   -0.357876092064849   -0.352939286626178   -0.864499024108296
   75   -0.567799688219136    0.505389915771125   -0.649757298608571
   76    0.188136236100835   -0.916711386517673    0.352484028708617
   77   -0.721174235824343    0.378533807833784    0.580189518959133
   78   -0.196307604563557    0.256912271580083   -0.946287170525988
   79   -0.504733907079017   -0.615392390806461   -0.605422074574638
   80   -0.171399113804036    0.611805242292647   -0.772215442276588
   81   -0.386136720014946   -0.530017206844833   -0.754970326505950
   82   -0.769450301612428    0.595770714834786    0.230224865498477
   83   -0.536792201021953   -0.616275161970244    0.576245657389760
   84   -0.493399804961223   -0.466883319413083    0.733877781730751
   85   -0.534037542578142    0.724557060590598    0.435684483388394
   86   -0.297642063174899    0.428592858619819   -0.853063516843313
   87   -0.257825309987960   -0.890874876347975   -0.373989390520096
   88   -0.397164436073619    0.205231366130806   -0.894505727804136
   89   -0.204410943674939    0.250800506109595    0.946211008306864
   90   -0.517027700057330    0.795209182759321   -0.316740766287955
   91   -0.562592317445263   -0.813079596641379    0.149637742154379
   92    0.044504967913610    0.642116799869514   -0.765313872314061
   93   -0.504102872867547   -0.082029238993348    0.859739203198771
   94   -0.302200228098764   -0.118452295303021    0.945856265969889
   95   -0.577090189131257    0.345039890897129    0.740212393369733
   96   -0.206806574009428   -0.978008594520842   -0.027022767990176
   97   -0.395005953252910   -0.916440924423200    0.064080644012915
   98   -0.690069960686542    0.581574548757136    0.430783580926675
   99   -0.047393987235205    0.071738797063912   -0.996296820716483
  100   -0.387425793501140   -0.769477507307255    0.507745625562866
  101   -0.375192936163297    0.095240377276876    0.922040959605007
  102   -0.414015587615992   -0.858346763079571    0.303037831832608
  103   -0.258986779222672    0.043097770641368   -0.964918872420688
  104   -0.101939824835210   -0.138086589295498   -0.985160071241879
  105   -0.181039142885629   -0.770251003985657    0.611504881094439
  106   -0.568407059579672   -0.730469593502181    0.378586301374931
  107   -0.069344920299602   -0.443454477615294    0.893610322406578
  108   -0.114459299895119   -0.966995726081104   -0.227636408354194
  109   -0.082018034814383    0.457535505885772   -0.885400645368546
  110   -0.214352992133922   -0.879097491396350    0.425723378949147
  111   -0.276061163314979    0.729541224309555   -0.625747422001957
  112   -0.209558660531108    0.971754828881669   -0.108525206019459
  113   -0.188668223454523   -0.529290012244381   -0.827197911262388
  114   -0.293724292468070   -0.484715408778223    0.823879246314101
  115   -0.437098503836948    0.889885027708591   -0.130573869528256
  116   -0.581766472624719    0.538274860447665    0.609760564434795
  117   -0.243216972528619   -0.945310931224130    0.217330963238516
  118   -0.222876940598788   -0.307273291970973    0.925153497205002
  119   -0.419576892738093    0.672441966878062    0.609735214877253
  120   -0.417305889542443    0.501207461318804    0.758054665094511
  121    0.003269844319704   -0.859485024428135    0.511150467966032
  122   -0.447576598253473    0.861551631843065    0.239591265208899
  123   -0.109458124215724    0.990293679263884    0.085658320396652
  124    0.086518630927548   -0.566031378923888    0.819831082953034
  125   -0.373615879123301    0.802961821801607   -0.464395830726298
  126    0.115601310575493   -0.100894772821715   -0.988158176513499
  127   -0.338505332311383    0.938923704983867    0.061938810257617
  128   -0.278743353268849   -0.689475568643385   -0.668524930913065
  129   -0.297847940648859    0.908746709732533   -0.292345723077197
  130    0.032178847319654   -0.997220160782903   -0.067204707523359
  131   -0.158788751419380   -0.817951661047169   -0.552938706017992
  132    0.065236939317759   -0.306768055550052   -0.949545945092965
  133   -0.060917447323510   -0.990595057564415    0.122517331592478
  134    0.118066915914777   -0.349509184111233    0.929464110973777
  135    0.004608854287490    0.205484238971481    0.978649572623658
  136    0.132094049987734    0.481980416025914   -0.866167443699730
  137   -0.161877371460358    0.868330175004030   -0.468826645772779
  138    0.172516016920253    0.101101941607754   -0.979804379102846
  139    0.146447547397151   -0.978131779567226    0.147686619779893
  140   -0.349651259818417    0.834239977259574    0.426365637510036
  141   -0.057375902937494    0.772643738959672   -0.632241772116115
  142    0.178667139684647   -0.141516654696711    0.973679151281549
  143    0.058175255045621    0.881806300404489   -0.468009923257323
  144    0.012883102666430    0.278315699127137   -0.960403247227465
  145   -0.132084156583669   -0.622502968766226    0.771390840921005
  146   -0.026352019154910   -0.945537686381888    0.324444224356123
  147    0.124769000427713   -0.959509823710026   -0.252534343676706
  148    0.016440505859013    0.995514832982969   -0.093166126236906
  149    0.276069763330889    0.849466642840313   -0.449657545779046
  150    0.170149727682679    0.763728686269572   -0.622709855340723
  151    0.280854938620544   -0.234030890334646   -0.930779268044590
  152    0.278190572685191   -0.474535736268107    0.835120254977432
  153    0.361490824098727    0.423550973492889   -0.830619622297505
  154    0.033533652528199   -0.733650548797428    0.678699024897893
  155   -0.053209494122034   -0.203651745849733    0.977596397368379
  156   -0.149070966259953   -0.340053671451096   -0.928515668985157
  157    0.123058979369116    0.986163668358830    0.111075230387729
  158    0.343188054975096   -0.025387775631084   -0.938923543091191
  159    0.211131745658773    0.096104872698300    0.972721563150896
  160   -0.237588130246150    0.935907429885941    0.260056076741980
  161    0.248499071211277   -0.967447452416041   -0.047891945260613
  162   -0.021010317155504    0.408103509696141    0.912693865404341
  163    0.239077746426704   -0.673091840276110    0.699849416458461
  164   -0.223734530507448    0.451293651751919    0.863873196567082
  165   -0.066600477863581   -0.683010095031441   -0.727366198302812
  166   -0.233998888488368    0.771761257022925    0.591294412576851
  167    0.192106494149158    0.312123226401418    0.930416136170525
  168   -0.231735422228950    0.626205661890186    0.744422704584596
  169    0.473441116223735   -0.370242834858247    0.799233227978512
  170   -0.121461958922813    0.884689077554582    0.450080246834112
  171    0.415253815007117   -0.731368276278951    0.540984947641605
  172    0.331915906350478   -0.262603993410427    0.906019300984497
  173    0.422672682123291   -0.578064718600735    0.697989244111796
  174   -0.027954251943998    0.600078509847610    0.799452526306173
  175    0.530507060753285   -0.157406517139326    0.832937840929908
  176   -0.035107698379768    0.759942910825569    0.649041001632745
  177   -0.020542410106759   -0.910238317455710   -0.413574920446590
  178    0.595768029716952   -0.615984253454798    0.515387091672770
  179   -0.017303325513475    0.959230920333868    0.282093311515206
  180    0.086184240453573    0.861393979728567    0.500572360787950
  181    0.148291113431815    0.948694369432658   -0.279264639873947
  182    0.272064847204490    0.608157254708914   -0.745738206383792
  183    0.058322504707610   -0.801623355434759   -0.594977715100447
  184   -0.072469145763987    0.954535235208802   -0.289155161906396
  185    0.224527177887081   -0.445117352692063   -0.866866822944836
  186    0.231259439513323    0.970116668598850   -0.073435147869754
  187    0.145448845831197   -0.642300795415353   -0.752525296222777
  188    0.486387722540842    0.526580833174653   -0.697237125728845
  189    0.203167486348898   -0.876997460667396   -0.435429014276275
  190    0.218578956758762    0.301676373706430   -0.928016489729353
  191    0.359781602563255    0.897931190438744   -0.253528648665738
  192    0.595157713090558   -0.464393106548636    0.655840178045631
  193    0.426735314473617    0.903561744540862   -0.038381573487508
  194    0.184790332732058    0.928589316525335    0.321829790671693
  195    0.388711700922783    0.705669599735775   -0.592396513810191
  196    0.266845463845233   -0.750355069354979   -0.604781587284623
  197    0.281108730330868    0.795060215332382    0.537454310362652
  198    0.481342205343989    0.773889888265496   -0.411587320255378
  199    0.016681465592766   -0.504125720122284   -0.863469158115602
  200    0.425120627100207   -0.358773830913052   -0.830995662242529
  201    0.161893241504401    0.512443795196325    0.843321964091997
  202    0.372949718119160    0.857837236750995    0.353587023232269
  203    0.494785776111804   -0.151309263922732   -0.855740931829605
  204    0.390208851611498    0.187490413495710   -0.901434632666864
  205    0.745644674838243   -0.417373089981813    0.519435965874914
  206    0.588920000214512    0.607742605553300   -0.532749621062864
  207    0.339319633410357    0.928942973175044    0.148078151565210
  208    0.722704694362503    0.680578667528252    0.120459960368041
  209    0.538016678862247    0.817391297349293    0.205935718814577
  210    0.159565573462852    0.703749140357005    0.692297605955884
  211    0.631570049400871    0.567650270996495    0.528102681812341
  212    0.539490262101281   -0.473164196602414   -0.696466725803525
  213    0.327983225032284    0.589401400861753    0.738263498189925
  214    0.377027030958909   -0.037472832780510    0.925443896046494
  215    0.862305700201890   -0.356698335335709    0.359437306032725
  216    0.443031985829832    0.673893980234293    0.591260993923713
  217    0.216139356499299   -0.815307358718778    0.537175659715775
  218    0.392702046212628    0.189292675721828    0.899974102859902
  219    0.743190295662833   -0.565587495941157    0.357461842533722
  220    0.370311766736438    0.398006315910572    0.839321254295298
  221    0.523268726390593    0.484896177752903    0.700760684386754
  222    0.553770193147021    0.805944924680975   -0.209263832429037
  223    0.558196544677694    0.281305703912252    0.780566280629849
  224    0.349796721632939   -0.571108198474136   -0.742615431546150
  225    0.558938353487223    0.063153220396960    0.826800815042224
  226    0.782562044111608    0.447736302705591    0.432583922904434
  227    0.392494665350813   -0.845397101690903    0.362286734678174
  228    0.338333701301471   -0.910147192659675   -0.239086583181406
  229    0.580299614807716   -0.736338764277689    0.347933300038992
  230    0.537223746402864   -0.816552595998387   -0.211264062890889
  231    0.409287938691633   -0.811296498017460   -0.417470209172056
  232    0.693485997047756    0.367402032025022    0.619752304362448
  233    0.665164213305103   -0.268118095649404    0.696899746106670
  234    0.665691536359039    0.663635285335684   -0.341237434167717
  235    0.537320500517549    0.304402610610375   -0.786527641203511
  236    0.702074293631290   -0.060146983249416    0.709559036746147
  237    0.347237731622404   -0.923045105816919    0.165570801668533
  238    0.539433678676661   -0.826305414866960    0.161958845608710
  239    0.450829254101746   -0.892065935931987   -0.031166481929341
  240    0.624782012089176   -0.273493126214534   -0.731333677115448
  241    0.644477796164570   -0.764301308319710   -0.022178375766444
  242    0.658472972109361    0.401727611821845   -0.636418314398150
  243    0.459027350639364   -0.672956413248100   -0.580020307604190
  244    0.529249335790475    0.740620014049241    0.413977215985424
  245    0.802549956714894   -0.596478821998943   -0.011250861463664
  246    0.631727230219772   -0.565108501701599   -0.530634608655928
  247    0.544040585343324    0.065880143098205   -0.836468557833857
  248    0.829182499308875    0.230831371792880    0.509090621241548
  249    0.713639177455427    0.155298107114019    0.683082441823493
  250    0.810396681204136   -0.208249571949040    0.547621525212772
  251    0.689262149742722    0.647096446311653    0.325858678115024
  252    0.597742711296334   -0.706490530932816   -0.378912629499697
  253    0.720132975272259   -0.663885388382458   -0.201654876007988
  254    0.713319332865636   -0.679246431861334    0.172626226755294
  255    0.839452678185093    0.543386896708134   -0.007062688849105
  256    0.596730513867733    0.802398597626963    0.008317712752601
  257    0.834377700072714    0.008327339310983    0.551130210604869
  258    0.687550667101219    0.173850983179745   -0.705017670570111
  259    0.722029837375890    0.680954304370929   -0.122368906580263
  260    0.727281534994865   -0.382489773182055   -0.569879936711807
  261    0.925225511551810    0.077388751452801    0.371441427310238
  262    0.912846179633736    0.384063667950067   -0.138589145638588
  263    0.763682686077153   -0.527469493019464   -0.372242782226566
  264    0.916066578011581   -0.141655144062855    0.375174419184843
  265    0.676855627248177   -0.061393281995490   -0.733551173939691
  266    0.809570612896536    0.035010057738373   -0.585977575160930
  267    0.789865557568453   -0.182447949238481   -0.585512721284303
  268    0.826927068891143    0.513539006129435    0.229061808075232
  269    0.898638449238361    0.303927745977390    0.316349273391890
  270    0.751518462936717    0.476130612215999   -0.456639507681992
  271    0.800079349977100    0.261940806802823   -0.539685137345571
  272    0.810924306992587    0.528202242546506   -0.251801825445000
  273    0.858655224784895   -0.473641047699980   -0.195896306456418
  274    0.850403026614559   -0.493720022510489    0.181810977933236
  275    0.972572266599976    0.149493658180865    0.178198856349550
  276    0.878021194270730    0.326830085481676   -0.349658229755058
  277    0.937955444157516   -0.270149869492957   -0.217390507585346
  278    0.921433711998302    0.373656095247142    0.106494304437793
  279    0.916354097021991   -0.400309230210364   -0.006905728013519
  280    0.905087252469940    0.102044307584511   -0.412800223723306
  281    0.961178530184366    0.162037868074232   -0.223337328771030
  282    0.854289208347007   -0.330168539110169   -0.401470651833607
  283    0.942834649314046   -0.280479948346433    0.179982839816582
  284    0.975526094004738    0.218667809291890   -0.023091753838671
  285    0.902240755855512   -0.117734361839605   -0.414849657726140
  286    0.972476909032475   -0.055601718682402   -0.226267784446233
  287    0.980625732061864   -0.194729331670132   -0.021299319365564
  288    0.980792698735348   -0.067289020243235    0.183078862412179
  289    0.999673358627936    0.012325136966438   -0.022388993909984
   
 U =    39048.3328326663     


 http://math-lab.ru/  - см. Задача Томсона
