    178
    1   -0.067131024436924    0.047126611849025    0.996630577502858
    2   -0.994341057236560   -0.100408950673163   -0.034697327251463
    3   -0.905524257318690    0.116740089455336    0.407918583692131
    4   -0.930013572085041   -0.363231338330160    0.056015628109501
    5   -0.885657994603788    0.171964834165373   -0.431321240382238
    6   -0.867549526816538   -0.376596558350857    0.324858201002669
    7   -0.963969206069400   -0.124012566895214    0.235338592249532
    8   -0.921466780356304   -0.322125609500388   -0.217103810200999
    9   -0.980821712861721    0.138706900907452    0.136927583852375
   10   -0.921405388198000    0.388443942495498    0.011109191610906
   11   -0.846920276972886   -0.220338885038555   -0.483918195764673
   12   -0.811859052239004   -0.569565629572864   -0.128373957276595
   13   -0.949997154967530   -0.056416779022900   -0.307119769142723
   14   -0.531469966655914    0.015879894064522    0.846928275302733
   15   -0.764583677948575    0.628503304409410   -0.142812449601157
   16   -0.669823716787512    0.625837123137029   -0.399579884043890
   17   -0.874260216984391    0.410445383277298   -0.259236687883404
   18   -0.636401030525153   -0.770346015766444   -0.039506256963788
   19   -0.785940921691097    0.006702808571519   -0.618265266668444
   20   -0.716571790428318   -0.390305088617064    0.578088926517349
   21   -0.975055996214942    0.166404708937681   -0.146885251433398
   22   -0.789942867851791   -0.596472135589574    0.142166300491014
   23   -0.776677404174692   -0.493935763609221   -0.390895985234228
   24   -0.859839157487930   -0.145230657920761    0.489473880049129
   25   -0.764064854709068    0.399458724125547   -0.506594142799145
   26   -0.484336678308768   -0.278476653970528    0.829378523497087
   27   -0.674766878245965    0.240621849346497   -0.697703938385951
   28   -0.795856861530294    0.591617585964505    0.128842880799372
   29   -0.761405555293966    0.338003681281567    0.553186308405764
   30   -0.699479957812601   -0.587805127443262    0.406463923085300
   31   -0.596660057016538    0.802251010948374   -0.019750741589472
   32   -0.882904200234347    0.367473651305343    0.292306840160928
   33   -0.465419773055680   -0.405223512186844   -0.786878859812460
   34   -0.398450425622327    0.898297828193803    0.185197921650550
   35   -0.687920570248624   -0.163110114173140    0.707220177655611
   36   -0.080336496709740    0.988254981243632   -0.129992843432070
   37   -0.624528588087108   -0.714331121233091   -0.315745295926634
   38   -0.518042423461345    0.810013962347695   -0.274789789286435
   39   -0.553224350730094    0.529676683838747    0.642950564473548
   40   -0.628073684637714   -0.155978044392262   -0.762361001319697
   41   -0.556903302078768    0.513829046535726   -0.652562964831710
   42   -0.426568584430933   -0.878915826787035   -0.213415585653562
   43   -0.755265635653631    0.089368135403411    0.649297432595597
   44   -0.713889872380378    0.564154738924823    0.414838137906090
   45   -0.384994589992870   -0.785751939529487   -0.484120909692890
   46   -0.263240177464218    0.898299533389091   -0.351799029676814
   47   -0.504675342119173   -0.510749101755850    0.696015915128733
   48   -0.381293244684829   -0.160451048762253   -0.910423485257717
   49   -0.614075953662670    0.750728823412370    0.243550727428929
   50   -0.685968954608451   -0.373488417862065   -0.624462164615504
   51   -0.429993082269146    0.730900190308042   -0.529991378239634
   52   -0.558512193629275   -0.602487280221463   -0.570151915491616
   53   -0.167459462291543    0.785165508245212   -0.596215106443190
   54   -0.246137150224325   -0.377557960129601    0.892673787014171
   55   -0.527773896794073    0.075326888605932   -0.846038163273826
   56    0.133618441035058    0.986715758778752    0.092401967473817
   57   -0.183104051038553   -0.914491649031154   -0.360801788168450
   58   -0.575277114205677    0.277091085321973    0.769595200287970
   59   -0.112917366077296   -0.789842233999161   -0.602825774025448
   60   -0.139475274257399    0.979920083001512    0.142489574359432
   61   -0.583909588471832   -0.775285859461362    0.240793331738887
   62   -0.121033200554373   -0.120589911244722   -0.985296421220312
   63   -0.304747453327021    0.585887035130026   -0.750909696140117
   64   -0.356259619618178    0.438616918863877    0.825041987971442
   65   -0.328124349905745    0.180583730991474    0.927212989070004
   66   -0.473593194097691    0.745611289352888    0.468799841823641
   67   -0.214108880815676   -0.392338142265139   -0.894554732411493
   68   -0.096076831057744    0.324453881927405    0.941009522287708
   69    0.008680013655207   -0.727921857676093    0.685605153481456
   70   -0.434372338691654    0.340149388193925   -0.834037807950480
   71   -0.277952352185122    0.116227903299009   -0.953537395391221
   72   -0.344169882012095    0.935341422684765   -0.081752769529971
   73   -0.049673009833708   -0.597140899270891   -0.800596863915923
   74   -0.172319963645001    0.379558108054110   -0.908978257572628
   75    0.754526439813783   -0.639846692809887   -0.145897434254984
   76   -0.305834434645836    0.683318307662533    0.662979176896284
   77    0.156077130009234   -0.077436284465853   -0.984704804160213
   78   -0.312863960020635   -0.623961007003592   -0.716092734399163
   79   -0.033577374643797    0.606840241479746   -0.794114274668850
   80    0.169348140250805   -0.736611781573924   -0.654770410632676
   81   -0.241220195197292    0.882060543646764    0.404699907055283
   82   -0.485289114638396   -0.707382456909475    0.513911018436262
   83   -0.257217130422126   -0.604585395311945    0.753867261255525
   84    0.041773002123747    0.933835523376116    0.355255164036252
   85   -0.006378181853632    0.152208048994221   -0.988327895294681
   86    0.109245470330613   -0.887907235063244   -0.446862584173914
   87    0.051010755001010   -0.342033566855929   -0.938302159231256
   88    0.157529679940447    0.454315218668231    0.876802190932651
   89    0.006425947372679    0.919115513674415   -0.393935755832572
   90   -0.411192133974949   -0.908920022787781    0.069176738377780
   91    0.107261499599107    0.396126206180537   -0.911909534702191
   92   -0.291817385752151   -0.102413972712686    0.950975284413841
   93   -0.024967859898109   -0.234511412027290    0.971792675214768
   94   -0.114028980752507    0.568134809915282    0.814997073191721
   95    0.033653654962916   -0.977422763643926   -0.208595715723760
   96   -0.194562099818774   -0.978447729448736   -0.069178248392987
   97   -0.068388151849969    0.805250732852199    0.588977349248289
   98    0.330538527152208   -0.263693472075861   -0.906206397490454
   99   -0.235007117189227   -0.789623013286425    0.566804332868826
  100    0.201177626524239   -0.076115363512482    0.976593064701688
  101   -0.118531436542811   -0.973408730784485    0.196024848893288
  102    0.215668591469597   -0.528422647709823   -0.821131270894527
  103    0.464552691658144   -0.448183985434189   -0.763755138688769
  104    0.235182724167578   -0.806974025180217    0.541739798185028
  105   -0.333767527680128   -0.882244815461633    0.332029099714714
  106    0.225390268593482   -0.358817717209843    0.905786438758980
  107    0.377702801606911   -0.828760731141378   -0.412911908494172
  108    0.283047371255334    0.156926882932974   -0.946180817306283
  109   -0.024435814701091   -0.896965071536983    0.441425589881862
  110    0.106422631914481    0.777366601137675   -0.619980153595301
  111    0.404697119015444    0.913783864856219    0.034918336000305
  112    0.812029104142413   -0.224073264006792   -0.538887656550985
  113    0.251655368146082   -0.606610347465785    0.754117671209673
  114    0.188350193595280    0.965976294468303   -0.177239959089103
  115    0.115867005951797    0.674863668381653    0.728789315255256
  116    0.108587021385206   -0.992870969963720    0.049153797309975
  117   -0.000308041303598   -0.509897726823979    0.860234975626017
  118    0.231041373701894    0.817506958568086    0.527543606094036
  119    0.374187185246758    0.614961169009598    0.694122979743112
  120    0.451411957492169   -0.824802823494788    0.340481346020769
  121    0.329276414493174    0.898529259660355    0.290210634527292
  122    0.644475441180370    0.761491777843382   -0.069149678179245
  123    0.468232983452092   -0.437072062731354    0.767936120512190
  124    0.283359786212738    0.853609044698637   -0.437102768655325
  125    0.616228830867623   -0.228149268766676   -0.753797014566093
  126    0.592271425319627    0.779627106525104    0.203460397918496
  127    0.432737053413687   -0.662956950809765   -0.610922846172786
  128    0.441492888945355    0.868270192138915   -0.226254066159564
  129    0.545402650248162   -0.821383353199638   -0.166929135230494
  130    0.624373963777941   -0.673669666914190   -0.395381250486093
  131    0.727359849577634    0.004207856535701   -0.686243355644175
  132    0.296800467846736   -0.938001734094579   -0.179059289403037
  133    0.440946001459643   -0.182009850048008    0.878885110968580
  134    0.164213371697123    0.202539348637153    0.965407572380443
  135    0.376305078870454    0.385293852162800   -0.842581233532917
  136    0.604545053636070    0.710849455215093   -0.359469512121079
  137    0.470024648423180   -0.032411951164972   -0.882057988624527
  138    0.389239639416910   -0.917737477428712    0.079059633374931
  139    0.497450262077612    0.735493554351912    0.459991813259439
  140    0.257433389514385    0.603931273950695   -0.754317616331095
  141    0.674522585979727   -0.239946687741961    0.698172520259058
  142    0.442878193262014    0.687564020074558   -0.575425602690640
  143    0.571158704791508    0.202933444357614   -0.795358881953324
  144    0.470363465411810   -0.666856180007608    0.577980142904109
  145    0.197766013555924   -0.935091207412214    0.294096986898142
  146    0.817131782734355   -0.450795988552527   -0.359275140178562
  147    0.802309189795722    0.563274521355403   -0.197539306370083
  148    0.728596153256113    0.504487190202256   -0.463292909920092
  149    0.567754344045644    0.471411641357284   -0.674852627771524
  150    0.889537666493870    0.045997437145994   -0.454540400475734
  151    0.667471496095211   -0.475114234807943    0.573365734748148
  152    0.763118036199493    0.262481765422495   -0.590554134392199
  153    0.622575375133319   -0.776482001655480    0.097342710989096
  154    0.411210146098282    0.114235077024193    0.904354224252370
  155    0.665959221122249   -0.467180499607210   -0.581584642669495
  156    0.930018013920233    0.363217418811081   -0.056032137707576
  157    0.888330441835791    0.314935974464098   -0.334192097596841
  158    0.622764718001873    0.004904662645090    0.782393794898954
  159    0.799558757567041    0.594465784662300    0.085534928910273
  160    0.909089327306405   -0.400682233162883   -0.114062890570039
  161    0.413079669191272    0.377321252487499    0.828850927080433
  162    0.666690470519977   -0.656226852090474    0.353397984025488
  163    0.605238102239033    0.516241549213765    0.605955033367547
  164    0.976277098446365    0.099083855190798   -0.192523808111298
  165    0.727691770115156    0.585611676083357    0.357104540074069
  166    0.636860474247280    0.268866318370959    0.722578465764913
  167    0.795853789178911    0.346376202845292    0.496628908091390
  168    0.847731143478026   -0.183513733159152    0.497669185422837
  169    0.895963284237239    0.381916859229520    0.226692094999097
  170    0.808552326602684   -0.576635746369971    0.117193648094655
  171    0.803199714651653    0.064017615727327    0.592260046989573
  172    0.829061697101802   -0.419152257317985    0.370091998810996
  173    0.920891662569241    0.139719821999596    0.363918833190672
  174    0.932410995052475   -0.331693406349164    0.143489443826863
  175    0.958950371267162   -0.100225018985049    0.265271805919925
  176    0.937789353938950   -0.182061288155209   -0.295643053349869
  177    0.992050218877801   -0.122349280743178   -0.029445147751958
  178    0.986713408737152    0.135427493336746    0.089755462601648
   
 U =    14531.3173522619     


 http://math-lab.ru/  - см. Задача Томсона
