    215
    1   -0.146406080795687    0.015919573231703    0.989096469862352
    2   -0.998482364303608   -0.041357758281353   -0.036366248151533
    3   -0.921338300227367    0.089841621647015    0.378238310531839
    4   -0.959642369288383   -0.279855041756222    0.027707014819407
    5   -0.841183250281369    0.091725728430083   -0.532913811220954
    6   -0.898920784271022   -0.331216802831496    0.286769686556395
    7   -0.971690833032606   -0.098217869586405    0.214872462391782
    8   -0.943860836134738   -0.244113733869117   -0.222565062279574
    9   -0.977235619689490    0.156574943781286    0.143160157131746
   10   -0.912188812063062    0.408788440590391    0.028347521702174
   11   -0.865615040018212   -0.152353243669654   -0.476968648484997
   12   -0.865675763089541   -0.474346505003995   -0.160002707445328
   13   -0.957794705722300   -0.011286061178977   -0.287231485936687
   14   -0.603249003986847    0.012911724803162    0.797448384882360
   15   -0.873356932407579    0.430793611244819   -0.227298335071490
   16   -0.727058106685657    0.574058290801854   -0.376621279622276
   17   -0.914727614154208    0.220302149596218   -0.338733456846289
   18   -0.728423791761552   -0.678855977533677   -0.092484276298834
   19   -0.717764517447674   -0.042927654290341   -0.694961375898141
   20   -0.766035470857565   -0.378539806494614    0.519516383078579
   21   -0.974163575643981    0.202465071158524   -0.100066092405505
   22   -0.864121609015849   -0.495212897459856    0.089766536199595
   23   -0.829299672431394   -0.390138896827462   -0.400067112479186
   24   -0.874761866624065   -0.148359013636966    0.461282212721289
   25   -0.790107911438756    0.360374714402776   -0.495842266755270
   26   -0.522434523011101   -0.225490101206645    0.822323770435940
   27   -0.686352989594220    0.222638931386477   -0.692352135770638
   28   -0.789565104584871    0.595891399597051    0.146630097552138
   29   -0.821690973106274    0.278193811218782    0.497425520168832
   30   -0.765570333834066   -0.544354531152051    0.342899705989124
   31   -0.781447091065635    0.615618070652155   -0.101758709463004
   32   -0.894148813525725    0.356481625996657    0.270958944486646
   33   -0.519768101696407   -0.422971637031796   -0.742250708807715
   34   -0.630275862173627    0.775528887263359    0.036156362944116
   35   -0.717234680787829   -0.188425437537348    0.670872765257348
   36   -0.221674231154264    0.955429219528504   -0.194975746474580
   37   -0.711475153690392   -0.622669934751708   -0.325707319594658
   38   -0.619080676398935    0.751318716310523   -0.228602936619250
   39   -0.672955365983259    0.447713332826192    0.588798647250485
   40   -0.549474644793397   -0.190484814832678   -0.813506699448339
   41   -0.620201958259127    0.473693688721873   -0.625270997437599
   42   -0.538016884303818   -0.819923310191117   -0.195610832034562
   43   -0.791742762745118    0.046884102111423    0.609052771613375
   44   -0.754075264709133    0.537102600474721    0.378009645005446
   45   -0.511340768493157   -0.748913479044533   -0.421496404945809
   46   -0.424540263540901    0.839150473041105   -0.339988306015829
   47   -0.584949811141551   -0.435023512230782    0.684535070140208
   48   -0.354318946488305   -0.103087383547832   -0.929425131741487
   49   -0.611067712262495    0.737554386528763    0.287419167667121
   50   -0.720022013447080   -0.288107730508161   -0.631317856371138
   51   -0.539842481670980    0.679109534860017   -0.497373435806064
   52   -0.663653451437371   -0.517178497132122   -0.540453974450577
   53   -0.313148320018365    0.743800035185309   -0.590507948573098
   54   -0.372078848623621   -0.448392448585248    0.812712459888887
   55   -0.536123196974717    0.070343521248030   -0.841203724839611
   56    0.018495095204473    0.989001889704419    0.146741928617781
   57   -0.314450850153970   -0.892307213207180   -0.323895816731061
   58   -0.656022976572529    0.238445339785566    0.716084962936288
   59   -0.274004825401898   -0.784522078201730   -0.556279124604289
   60   -0.217823343080604    0.974666488192286    0.050776254333157
   61   -0.716689533309399   -0.681300162038142    0.148950334177390
   62   -0.145658421859077    0.001267781677289   -0.989334128023057
   63   -0.410016350373412    0.561639874429915   -0.718642639896087
   64   -0.450288690366467    0.250591575029976    0.856997058251688
   65   -0.388697954535544    0.016605182161636    0.921215592608627
   66   -0.550263633811566    0.651936811373509    0.521716711713007
   67   -0.324582353679942   -0.358026670586653   -0.875478839737561
   68   -0.215142185153632    0.244846367159679    0.945390975552458
   69   -0.172258474174557   -0.802830660054824    0.570780123472243
   70   -0.488803830494519    0.328824034788498   -0.808050474561644
   71   -0.324753221468301    0.173150538261106   -0.929814086925903
   72   -0.440990255885974    0.893614163315488   -0.083554301718007
   73   -0.274575623725271   -0.585994422826507   -0.762377047970430
   74   -0.256328494549700    0.431392293624959   -0.864983463358047
   75    0.515400078951170   -0.813635942123573    0.268996862996232
   76   -0.484777917899763    0.472987696665464    0.735712585946353
   77    0.096857509345076   -0.134816174801525   -0.986125358103803
   78   -0.461119168511950   -0.631834880709387   -0.623019900123425
   79   -0.147798458741118    0.637161086870239   -0.756426708262000
   80   -0.070360070926777   -0.724190048429747   -0.686001628405137
   81   -0.432701799493982    0.884893543647833    0.172431346120856
   82   -0.598597977506894   -0.616385474991382    0.511614510685834
   83   -0.399617832401030   -0.648149176957187    0.648234704745760
   84   -0.208624912618288    0.931994090037798    0.296416365893703
   85   -0.092738406589124    0.278752270446958   -0.955874866111656
   86   -0.081570464812692   -0.891471333361643   -0.445673783236861
   87   -0.122174409204390   -0.256198393563983   -0.958872148344498
   88   -0.025511396027806    0.421175591519043    0.906620256657271
   89   -0.200371489049698    0.881625335888419   -0.427303210256650
   90   -0.546603005519390   -0.835932334456204    0.049419495826763
   91    0.019140634846227    0.491262340169707   -0.870801325922662
   92   -0.304745999201016   -0.220045991062010    0.926665871708089
   93   -0.129251599015921   -0.427590546268224    0.894684496844485
   94   -0.268970651788768    0.467119598642819    0.842290964596022
   95   -0.111860562264041   -0.975388201968841   -0.190013341820947
   96   -0.338107363466213   -0.938472909668215   -0.070370509368637
   97   -0.394507465822096    0.816118947280586    0.422272096284203
   98    0.118826692134623   -0.375060925356807   -0.919352772066762
   99   -0.376242253996739   -0.810198159570316    0.449467138438758
  100   -0.063753877889694   -0.210350069077678    0.975545125298180
  101   -0.365587662403949   -0.910321702378279    0.194061998539458
  102   -0.078866059528922   -0.500491262093375   -0.862141891583144
  103    0.134660301238266   -0.617587093439139   -0.774888885768673
  104    0.034793914566209   -0.894107399535450    0.446498982759328
  105   -0.562098006917979   -0.765427007400492    0.313316656053843
  106    0.085707330667811   -0.535679888868804    0.840060301485140
  107    0.114144089976619   -0.946551926928131   -0.301679592203470
  108    0.074986501796919    0.108377988283042   -0.991277577777275
  109   -0.167475319725443   -0.930824414091600    0.324835231177115
  110   -0.038536686732435    0.801717097320762   -0.596460073801473
  111    0.247050030310148    0.937343251516047    0.245670330648778
  112    0.505821583446832   -0.728297582931929   -0.462306344770272
  113    0.038151876272706   -0.728215291773324    0.684285702878823
  114    0.008651580070312    0.993840332448547   -0.110483228414312
  115   -0.341159662573556    0.670934942259326    0.658374048613835
  116   -0.134971589599054   -0.988295643810799    0.071094236234042
  117   -0.178189375317234   -0.625847333567486    0.759317892315545
  118   -0.173368766896375    0.820199309366848    0.545175534648224
  119   -0.113517928691015    0.641301024224812    0.758845620791152
  120    0.289130453325213   -0.899075089753565    0.328736313699257
  121    0.013355960444799    0.918486866791562    0.395225877002020
  122    0.453141870542054    0.798368672505595    0.396572701939130
  123    0.291053831854378   -0.634928709336139    0.715648797262755
  124    0.023178132470009    0.933727537695906   -0.357233340442270
  125    0.325657493051056   -0.457815053071263   -0.827256051293104
  126    0.234156940030335    0.849232090532063    0.473260376374540
  127    0.124932350445795   -0.817444417627325   -0.562295769059320
  128    0.233450281433184    0.972178861147530   -0.019215307352688
  129    0.334225434069952   -0.929642800410438   -0.155105199351249
  130    0.317395378035321   -0.858408468812206   -0.402982722549367
  131    0.501703229654062   -0.526526843702836   -0.686340551195260
  132    0.104155746819239   -0.993467600838229   -0.046623025312172
  133    0.154068039761087   -0.310743447928992    0.937924063393928
  134    0.046595178580072    0.185088762991224    0.981616543843608
  135    0.190933810306891    0.313389417749599   -0.930231881266311
  136    0.245214541008986    0.930234015014378   -0.273010084407118
  137    0.328357328634106   -0.203393684091073   -0.922394966380527
  138    0.323174985597569   -0.941933589536680    0.091208780205391
  139    0.055253507190724    0.772358659946100    0.632778911113028
  140    0.126623677776394    0.674019263423620   -0.727780514138885
  141    0.339803173345944   -0.426372075689752    0.838296282024463
  142    0.201782759485526    0.829877332407789   -0.520180094899966
  143    0.307911542667080    0.054196260897826   -0.949870121225567
  144    0.231786250388908   -0.803565461186189    0.548231414385638
  145    0.078344636937090   -0.975538807123144    0.205392681612439
  146    0.542987634224039   -0.839395497147923    0.024075473984356
  147    0.435502803193107    0.894428204778727    0.101663636110710
  148    0.371538944066335    0.673095919260073   -0.639453435769572
  149    0.290355614479707    0.502846583253152   -0.814149206749440
  150    0.525090411047895   -0.278021757173548   -0.804353133122315
  151    0.516305237805174   -0.537552768267120    0.666682775196194
  152    0.429700446894651    0.261087308659912   -0.864402072646324
  153    0.456406141921943   -0.734780918495975    0.501787241199035
  154    0.129233898068440   -0.053649092941575    0.990161792040363
  155    0.326458369412697   -0.695652659064642   -0.639915862419972
  156    0.603620012041787    0.767719290595066    0.215058066370182
  157    0.517429036120241   -0.013163257551127   -0.855624871792727
  158    0.366195977718041   -0.157969555460647    0.917031147481204
  159    0.529035298719495    0.624876283116092    0.574152665680298
  160    0.728275388362811   -0.684270644564761   -0.037264509817299
  161    0.226059011188610    0.342450579322001    0.911934714868588
  162    0.652278260158167   -0.612488651488497    0.446531883657636
  163    0.131872271720722    0.581558177279564    0.802745159057647
  164    0.661299552748206   -0.554669386698992   -0.504999775241521
  165    0.308892022292838    0.696600028657586    0.647560127430720
  166    0.312504703699019    0.095519939137797    0.945101450317954
  167    0.370089591167762    0.496835318066703    0.784976662857462
  168    0.536562398537037   -0.297107686407314    0.789827712323311
  169    0.579871950846249    0.409965030279185    0.704043460711022
  170    0.707691887781290   -0.674963235058432    0.208798523194032
  171    0.548614879693597   -0.001548204707781    0.836073750838383
  172    0.700670369749722   -0.394699530200842    0.594367995280720
  173    0.470626661244960    0.245052901425397    0.847619974533645
  174    0.695276169072918   -0.149476964825724    0.703027514188297
  175    0.686277614932241    0.177081784235344    0.705453809214283
  176    0.539608688891185   -0.811766882890779   -0.223286790283088
  177    0.814581776817691   -0.459812758740951    0.353594055062538
  178    0.686578334330552    0.615978530576925    0.386239097834719
  179    0.734743767848608    0.419103449645762    0.533389064476066
  180    0.429243771860121    0.800832381520695   -0.417632950121500
  181    0.516234789392902    0.454719136116251   -0.725763149705299
  182    0.713074228225319   -0.643309232248800   -0.278708408097649
  183    0.452339102506711    0.876971577656387   -0.162204156316324
  184    0.690642692370950   -0.343154375992284   -0.636598575015646
  185    0.634483271767627    0.772100334348581   -0.035945118526127
  186    0.864004186870691   -0.481455521992548   -0.147300188094923
  187    0.634324364090814    0.189220752812053   -0.749551938044339
  188    0.860460506280676   -0.498224423703216    0.106677742555793
  189    0.696014025351420   -0.089312177316880   -0.712451971361601
  190    0.586808874668560    0.611685505232552   -0.530562142730345
  191    0.844522391392410   -0.232385165869248    0.482471828318263
  192    0.628544246194290    0.720088299589744   -0.293947225484446
  193    0.780606340936157    0.611249313003595    0.130491447393678
  194    0.707630947608403    0.376507246368031   -0.597913652143180
  195    0.957766941776295   -0.287425362562165   -0.008315419201225
  196    0.850583523951627    0.429675923965060    0.303127480025819
  197    0.765556070631058    0.518156929121464   -0.381362425421474
  198    0.820997105155358   -0.414121617172006   -0.393022950369778
  199    0.932395122067976   -0.243822144832747   -0.266814726042255
  200    0.812642065627610    0.008174822780394    0.582705796646129
  201    0.909615787003611    0.411694989803956    0.055734687620198
  202    0.834699827714898   -0.184577720680168   -0.518851869651862
  203    0.801375356203015    0.097380101209931   -0.590181882438655
  204    0.932168105882324   -0.269760880587817    0.241436719825810
  205    0.857697952807831    0.278250609658230   -0.432354969873227
  206    0.788893978292791    0.601482183635085   -0.125958222371324
  207    0.897058089079308    0.397366293262166   -0.193356700935001
  208    0.990774719359523   -0.056711496713779   -0.123082336744723
  209    0.850868153134440    0.219514088694395    0.477322690479152
  210    0.957968159438685    0.168089960428307   -0.232471010461237
  211    0.920573597579611   -0.006205429268974   -0.390519838275752
  212    0.947904744608222    0.201771292425243    0.246505457753511
  213    0.931705725368114   -0.024470024991315    0.362388823217826
  214    0.990847480380276   -0.050288447255843    0.125269081167922
  215    0.983527994606703    0.180573320616565    0.008121558127823
   
 U =    21372.8515205124     


 http://math-lab.ru/  - см. Задача Томсона
