    105
    1   -0.103111433060353    0.005597958942440    0.994654058066381
    2   -0.954056965866258    0.161361406566189   -0.252463467363201
    3   -0.896739660048246    0.079732072092175    0.435316871688250
    4   -0.836856083092994   -0.506035358141349    0.208806399569094
    5   -0.534152438480584    0.537861258365632   -0.652216558525299
    6   -0.832237298505158   -0.283121181731852    0.476679636057169
    7   -0.972520726669174   -0.181432012731476    0.145896747582214
    8   -0.962278012231283   -0.177522114745418   -0.206172078498826
    9   -0.981792109413204    0.163504043828136    0.096698922154373
   10   -0.850345061261442    0.433487616036260    0.298331633474352
   11   -0.837947723153577   -0.024182862082507   -0.545214455460633
   12   -0.853636056625920   -0.503423046919251   -0.133681407303656
   13   -0.794381980365159    0.350656747596314   -0.495980961969614
   14    0.017001127198702   -0.327080887498725    0.944843402213838
   15   -0.491358930280369    0.861949694922177   -0.124936484092108
   16   -0.028189779219072    0.908703930692601   -0.416488298384717
   17   -0.686065468200467    0.649302219467984   -0.328208472067411
   18   -0.638272580079421   -0.767513341567687    0.059425449382918
   19   -0.615856069657952    0.178503717218976   -0.767370656465614
   20   -0.585547525847828   -0.415725357022180    0.695921347928247
   21   -0.877911944433450    0.469619050578418   -0.093426790348937
   22   -0.617970731910573   -0.654257744024996    0.435957542525913
   23   -0.795346082736040   -0.381850384223426   -0.470759909874299
   24   -0.700022848176779   -0.049304908531480    0.712416337561943
   25   -0.365164206800224    0.815030316228429   -0.449867409022425
   26   -0.312499039824634   -0.735916858914351    0.600641929001228
   27   -0.309490941234111    0.356586060519658   -0.881511054234202
   28   -0.704538757711620    0.702387526031670    0.101375056879283
   29   -0.485385398887204    0.185974675741911    0.854291773652188
   30   -0.370395304354595   -0.885890388295305    0.279294716094060
   31   -0.396806687069223    0.890057977382943    0.224368558390278
   32   -0.709154829531459    0.340531199965116    0.617363693136003
   33   -0.198294681754556   -0.657712019313317   -0.726700845491911
   34   -0.044454707438053    0.969162433168012    0.242379778699578
   35   -0.268830395668900   -0.481038931307934    0.834464957281385
   36    0.345639778996533    0.840261966911037   -0.417723557078152
   37   -0.629892926319392   -0.712422857879895   -0.309335696199187
   38   -0.170419840762954    0.980886506870958   -0.093908138693195
   39   -0.416777079440609    0.550842230615233    0.723097298448688
   40   -0.618188919086793   -0.206526732642135   -0.758412268507351
   41   -0.200022493162417    0.660528185757449   -0.723666717521998
   42   -0.365296414320760   -0.925130971430594   -0.103398333566264
   43   -0.395227748171460   -0.159484427208399    0.904632380889235
   44   -0.595846072234434    0.667722990277160    0.446221320039871
   45   -0.047332731247130   -0.955412238718548   -0.291456800674646
   46    0.183722705402967    0.977024769773306   -0.108021140379243
   47   -0.012761465435194   -0.888595637110253    0.458513836987031
   48   -0.311112893417387   -0.366417356993662   -0.876896281234697
   49   -0.239202769225213    0.810806685149194    0.534204599860732
   50   -0.538103099675524   -0.554859372022469   -0.634488874132892
   51    0.134446674861575    0.722498287120665   -0.678174252479679
   52   -0.328718438403684   -0.827287468106049   -0.455565180153319
   53    0.456310105342656    0.584294337625842   -0.671104473819503
   54    0.034209367732477   -0.666769076902032    0.744478822564186
   55   -0.355190976954625   -0.014654488621696   -0.934678883816927
   56    0.530111862971348    0.837904435079721   -0.129990655090205
   57    0.215398162339649   -0.973512513835915   -0.076661705339621
   58   -0.195687347998872    0.346483319500519    0.917417991507181
   59    0.089491897337553   -0.807513459651091   -0.583020765319084
   60    0.474556208492357    0.723353993847185    0.501552992780110
   61   -0.076811785562965   -0.990452263432016    0.114473854923410
   62   -0.006923783416365   -0.223633811926062   -0.974648644069555
   63    0.080727291567789    0.449064554065537   -0.889845003738320
   64   -0.034457067760612    0.627364208455941    0.777963277044483
   65    0.268550352234342   -0.077602458574749    0.960134660731486
   66    0.133866426913305    0.832595819383665    0.537460678831771
   67    0.104912856441565   -0.529946152800711   -0.841516706717696
   68    0.140329034163307    0.286814138113961    0.947652579983160
   69    0.326191510358245   -0.463944878576538    0.823622637020625
   70   -0.039774594607363    0.142429894163647   -0.989005412964131
   71    0.403618006931746    0.304189043038592   -0.862879789180225
   72    0.306463041395143    0.926824643026389    0.216971162456776
   73    0.385845675671426   -0.314962776782252   -0.867134109470544
   74    0.705889639617253    0.311998156447134   -0.635906413754896
   75    0.369755843764173   -0.849921531261579   -0.375385144485258
   76    0.315477550049220    0.553866131151730    0.770523344343282
   77    0.278069485572887    0.002639179607882   -0.960557336094117
   78    0.416631187125884   -0.622800623830675   -0.662221893982824
   79    0.676343189547229    0.619578588236651   -0.398349423184923
   80    0.662252524367408   -0.639636345698302   -0.390239592085064
   81    0.648648387653635    0.438291547122834    0.622218441477760
   82    0.621491097773742   -0.510325558096309    0.594404441556152
   83    0.341730744710566   -0.744967312470461    0.572925650909524
   84    0.619282583298760    0.762378159846891    0.187799423351837
   85    0.609296547874141   -0.011087233157563   -0.792864925450461
   86    0.536407223152852   -0.842838771183957   -0.043475242823517
   87    0.672575494457496   -0.348357748772787   -0.652908173578192
   88    0.464156604790113    0.211581397903133    0.860111596417041
   89    0.814578314194808    0.575740554104427   -0.070604421979586
   90    0.289718816063089   -0.919524459479253    0.265589487816047
   91    0.888974566853822    0.319148397062160   -0.328433433346415
   92    0.561970147361984   -0.205040346082986    0.801341381654610
   93    0.724587527005736    0.081933714536159    0.684295098718395
   94    0.807294080970252    0.505502580788320    0.304538023318510
   95    0.784421888255168   -0.617837371107130   -0.054399302289897
   96    0.605174697334655   -0.738230154632009    0.297959434315996
   97    0.962579168496307    0.267111576053118    0.045746588018978
   98    0.849416070940868   -0.013893807673762   -0.527540804616763
   99    0.829391375978917   -0.210592746800113    0.517455930922608
  100    0.893229280368053    0.189114154537616    0.407893722980254
  101    0.836534552721096   -0.468624510280511    0.283903170936971
  102    0.866703681920966   -0.341239004859617   -0.363841544229159
  103    0.981562141759564   -0.001546676831109   -0.191137044172910
  104    0.948237584643239   -0.316347856830114   -0.027740161300005
  105    0.975161837942803   -0.076886324519057    0.207720684867840
   
 U =    4919.01355171596     


 http://math-lab.ru/  - см. Задача Томсона
