    237
    1   -0.076478809063115   -0.000199747786515    0.997071186959642
    2   -0.997852483134811    0.048859661405253   -0.043625169215211
    3   -0.913135984564765   -0.043155992856571    0.405364322521730
    4   -0.982641617331645   -0.184668409695186    0.017692663691489
    5   -0.834503017160092    0.213509968116099   -0.507954927002155
    6   -0.827946164223454   -0.459940496136959    0.320873634256475
    7   -0.937340213199738   -0.237406291764609    0.255012896437116
    8   -0.967860000707733   -0.105832978279101   -0.228136800491729
    9   -0.982044878954160    0.002469016707237    0.188631279687143
   10   -0.959130643450213    0.236519934462239    0.155327812695467
   11   -0.891780926522551   -0.016036417436113   -0.452183162453440
   12   -0.927365614069956   -0.337268769563362   -0.161996280568012
   13   -0.950338774350003    0.135378729688570   -0.280229929727076
   14   -0.505836447948974   -0.174847167804538    0.844723597300973
   15   -0.866720821861694    0.481197072072994   -0.131317914923167
   16   -0.749228791735042    0.591349845843038   -0.298264274522886
   17   -0.873851933350203    0.358074448225907   -0.328885220263584
   18   -0.831624943596956   -0.547168218507866   -0.094904656589062
   19   -0.743487548471747    0.060819568276973   -0.665978412099127
   20   -0.690699105506680   -0.457837771320715    0.559749337475582
   21   -0.958013308555423    0.274971890490127   -0.081246292659899
   22   -0.908575071482335   -0.408620213811854    0.086722894008586
   23   -0.881056832726402   -0.263765267190153   -0.392640728058397
   24   -0.833435841448544   -0.285302677846471    0.473272733423964
   25   -0.734940749839735    0.455175450171767   -0.502670273425769
   26   -0.513798880601196   -0.430208345773501    0.742247593138425
   27   -0.673948432130162    0.296599225541081   -0.676625753454395
   28   -0.848468182909117    0.417006036454069    0.325895241069533
   29   -0.796989850605411    0.137889284719559    0.588042280105345
   30   -0.669447932116029   -0.626336868941266    0.399426579974873
   31   -0.882275008207132    0.459862333540816    0.100585506329195
   32   -0.904224020785056    0.192429035428625    0.381247933186943
   33   -0.637147466076925   -0.307209599124426   -0.706870121505757
   34   -0.747662809604746    0.629435311222150    0.211687297967104
   35   -0.669577302419780   -0.260830296319347    0.695437842374293
   36   -0.445420719062709    0.890890337709212   -0.088965101056681
   37   -0.806649675486063   -0.494556032556971   -0.323621123692102
   38   -0.753945508237740    0.656208248890761   -0.030933876185454
   39   -0.631436148995818    0.244826876435554    0.735763678307200
   40   -0.604503721883071   -0.094206268571179   -0.791012281315157
   41   -0.555090483283276    0.521744381883522   -0.647809659808589
   42   -0.671637855923943   -0.684633462769511   -0.283160046874761
   43   -0.795450876819918   -0.092818295376392    0.598867820649803
   44   -0.758444981442472    0.361209055694245    0.542484311486702
   45   -0.612659594285392   -0.613058934586619   -0.498805537512946
   46   -0.615431008149391    0.763418210965893   -0.196054353111221
   47   -0.509323105941777   -0.627389698213701    0.589043411243299
   48   -0.397642416454492   -0.081603725906103   -0.913904448262768
   49   -0.693135292598714    0.569548852175317    0.441789057288515
   50   -0.785473713904024   -0.164872040832033   -0.596530179385502
   51   -0.593200264784980    0.667823537874084   -0.449583327226858
   52   -0.739521213356470   -0.415414181905471   -0.529659732722418
   53   -0.400814141405843    0.708395361919722   -0.580968187820747
   54   -0.328822673873107   -0.583939576111263    0.742219792647662
   55   -0.552469767727063    0.129540350610457   -0.823405400341366
   56   -0.243500869304483    0.969739023501723    0.017707426291987
   57   -0.459194409386160   -0.779909445658274   -0.425301952689497
   58   -0.650980899909221    0.000574986852676    0.759093892310761
   59   -0.378804897118941   -0.678488459286274   -0.629412631374718
   60   -0.414054758803819    0.893601522328840    0.173306018370661
   61   -0.777117015809112   -0.611567252025550    0.148575368045508
   62   -0.103832238486686    0.149278390233440   -0.983328443837641
   63   -0.336501781194540    0.557539316770529   -0.758891600630784
   64   -0.473927069541201    0.093714088753804    0.875563134402731
   65   -0.316378093207381   -0.077597637013565    0.945454128378724
   66   -0.580887493561496    0.470227783156982    0.664421215623879
   67   -0.444349987511872   -0.304971715944559   -0.842345143674510
   68   -0.257037950912757    0.161288574605437    0.952847043072663
   69   -0.219498438497332   -0.894159590079047    0.390255125484475
   70   -0.476145405052324    0.352449363502933   -0.805645703404379
   71   -0.338462113106574    0.144517501785985   -0.929816159070690
   72   -0.601568177495663    0.795543620623997    0.072291600542583
   73   -0.304865388165855   -0.503660809047473   -0.808321028136797
   74   -0.260602130018576    0.364783071625232   -0.893879097241591
   75    0.446557627248310   -0.885169007106093    0.130622028789839
   76   -0.431712016882283    0.329774321177536    0.839567526510719
   77    0.082081742448144   -0.012959140434014   -0.996541342963697
   78   -0.519927927342413   -0.505018788723025   -0.688934665557012
   79   -0.098687082455962    0.558004901903389   -0.823948656900489
   80   -0.156325307847993   -0.669819957412269   -0.725881273197247
   81   -0.572787737558039    0.755722239781601    0.317487171398505
   82   -0.456862645945959   -0.784782436674941    0.418799534175719
   83   -0.282064784744804   -0.760990933483967    0.584236472981675
   84   -0.366324171917420    0.836648603133987    0.407217037883933
   85   -0.031378081045643    0.361531770501124   -0.931831634442733
   86   -0.231685575095205   -0.825988130315839   -0.513872944286959
   87   -0.169182815379774   -0.070742549266439   -0.983042555896467
   88   -0.016540148337939    0.232244944400970    0.972516688439406
   89   -0.442398416576935    0.826871694798600   -0.347227362618661
   90   -0.689917577365489   -0.722290165791408   -0.048069250495035
   91    0.161558338220652    0.468519767619350   -0.868555197268021
   92   -0.338978823298715   -0.343170457305238    0.875972256745573
   93   -0.151172477008923   -0.491718802818040    0.857531049671194
   94   -0.204423231364585    0.383605942537805    0.900587376842549
   95   -0.287291338284430   -0.913315390337125   -0.288649761337311
   96   -0.503518234869220   -0.839624991989541   -0.203713671560718
   97   -0.507923108981316    0.667495778428243    0.544484619749014
   98    0.009080087032130   -0.244568351810135   -0.969589538574114
   99   -0.381783870004283   -0.897931411381196    0.218998303782304
  100   -0.144843804891817   -0.233322025977644    0.961551404958751
  101   -0.522127431745680   -0.852214856162947    0.033358416536581
  102   -0.226244951528951   -0.294658625170921   -0.928433905305082
  103   -0.070560300962434   -0.473690823035151   -0.877860039015544
  104    0.007235603645374   -0.948024616347067    0.318114716478008
  105   -0.607517384478627   -0.761570347375652    0.225683924005182
  106    0.100430214697026   -0.569840779933033    0.815595032783563
  107   -0.060389720168464   -0.927483155324422   -0.368955387936575
  108    0.152539003528184    0.218030291044114   -0.963947428333022
  109   -0.167430122271602   -0.974878514298556    0.146898048030450
  110   -0.164669633569167    0.722681933332366   -0.671278433301108
  111   -0.053521129070878    0.991475119906208   -0.118796360844722
  112    0.223409816951374   -0.748781251392766   -0.624031001835997
  113   -0.040682707897763   -0.839417159417905    0.541962867503744
  114   -0.258448351596005    0.936292582830289   -0.237824828170429
  115   -0.373808126257143    0.542787850783618    0.752096292894616
  116   -0.326452039412212   -0.944339903870487   -0.040635107007201
  117   -0.092512264371898   -0.687070571503634    0.720677119599654
  118   -0.299174213346121    0.726824393076196    0.618240318725776
  119   -0.143075291197448    0.581664042645914    0.800747402456966
  120    0.234560370175468   -0.943386783196077    0.234526778927493
  121   -0.189095705459336    0.948893453484173    0.252673758256997
  122    0.202650710020401    0.978873555950206   -0.027189174125506
  123    0.154302565632867   -0.734531169384267    0.660798516525344
  124   -0.236922402536756    0.845810699040339   -0.477987485782949
  125    0.165104354918849   -0.408930536737415   -0.897505636812650
  126    0.004218437165972    0.993481201304454    0.113917985597255
  127   -0.011887447974313   -0.802794373074164   -0.596137470002615
  128   -0.049508682008127    0.926066107933920   -0.374099524380799
  129    0.093846173791010   -0.977787073165933   -0.187417542440362
  130    0.163080827083622   -0.880344879806710   -0.445418383585402
  131    0.308854164612397   -0.549368452216374   -0.776404152945464
  132   -0.118177348577170   -0.986325191173837   -0.114877027900115
  133    0.035354179777137   -0.374592995998966    0.926515066969126
  134    0.171913292092817    0.064904588657892    0.982971624398670
  135    0.355775228899394    0.317545498010977   -0.878970331236808
  136    0.026522224476724    0.818663101194745   -0.573661309790898
  137    0.251599668371000   -0.179469560171888   -0.951045889453980
  138    0.273845465721439   -0.961658956704138   -0.014856375551131
  139   -0.135023125940576    0.873000790717053    0.468655923752847
  140    0.096619293873429    0.663611757550214   -0.741811396038451
  141    0.262940775929997   -0.365790531920710    0.892781851915962
  142    0.285030950935863    0.733137171441543   -0.617468416082386
  143    0.324327805816529    0.061026552246349   -0.943974170353808
  144    0.190413142818874   -0.864395910369788    0.465362810265093
  145    0.053866185559082   -0.996067108977650    0.070347341571806
  146    0.297260211878188   -0.916101844182083   -0.269060917861219
  147    0.140251197034868    0.958665850959758   -0.247566936269545
  148    0.505153857981274    0.626669520050387   -0.593384270440709
  149    0.347070412450827    0.549564369551948   -0.759948111728809
  150    0.406239756055128   -0.336125431912072   -0.849699331894638
  151    0.334141370501033   -0.556566405936365    0.760646685592443
  152    0.523714345900085    0.156343016505077   -0.837424710101475
  153    0.407631184002284   -0.830441082369479    0.379742579311176
  154    0.109268515524569   -0.159545542217956    0.981124666631838
  155    0.078356393206426   -0.627765510378591   -0.774448668165158
  156    0.433703659932185    0.901025698267588    0.007336649291940
  157    0.477897842406250   -0.102528236427630   -0.872411378283486
  158    0.342382725942453   -0.136944981182365    0.929526837216213
  159    0.058586097413077    0.938597516954159    0.340003485801825
  160    0.470682087582746   -0.871149057002467   -0.139848821634151
  161    0.223562768930035    0.289672003668317    0.930650212829244
  162    0.381247971827453   -0.713588003424179    0.587743264824487
  163    0.044866531884938    0.451751064778961    0.891015134432459
  164    0.432021403887693   -0.666434400262513   -0.607636977750409
  165   -0.073223425259357    0.748937495902711    0.658582536379659
  166    0.401662166973087    0.094407950296853    0.910908690563017
  167    0.112066918039345    0.644567841328435    0.756289166791621
  168    0.475931463186293   -0.331991006061773    0.814414645155307
  169    0.115807123163792    0.825825334968958    0.551906900072769
  170    0.598190185312810   -0.755768691292862    0.266424825151299
  171    0.555945382306581   -0.098263614719379    0.825390207062254
  172    0.546352512534369   -0.509342843478467    0.664882545901644
  173    0.286450616372581    0.502367383817389    0.815826609063617
  174    0.744487735340964   -0.055635802332554    0.665313963047294
  175    0.309730713576447    0.707532051752660    0.635189169311077
  176    0.429041987594325   -0.800389526004135   -0.418687926198006
  177    0.585667441460845   -0.651856271427792    0.481743759080452
  178    0.255136607763646    0.947302595514077    0.193708812167007
  179    0.295567604658497    0.862306361921975    0.411178220806168
  180    0.450290319861175    0.787455477218606   -0.420894879082341
  181    0.536470568300416    0.405555872902651   -0.740083619127999
  182    0.619375255092104   -0.737125836397439   -0.270221750965697
  183    0.219977442278639    0.868940095546009   -0.443343022095804
  184    0.621637715015145   -0.255773362313842   -0.740369190607917
  185    0.367849282126046    0.902444285496029   -0.224234736860536
  186    0.618184537379471   -0.620690866030696   -0.482276607945061
  187    0.691137126665563    0.239975027897631   -0.681719486394514
  188    0.775627803096029   -0.620868287566392   -0.113684126239345
  189    0.664158376669924   -0.015876276515335   -0.747423303452053
  190    0.649087214558017    0.658248464917232   -0.381306630327121
  191    0.669416097012346   -0.278534375316729    0.688694918543529
  192    0.573958402910090    0.796491118577697   -0.190193716393966
  193    0.476950497727357    0.846008508553596    0.238301964264975
  194    0.679785018245687    0.480290225366480   -0.554268552586313
  195    0.775625311094849   -0.536920846623488   -0.331845417702482
  196    0.482587860601338    0.738553910484256    0.470794093111455
  197    0.808661392097450    0.492851897979916   -0.321191157394795
  198    0.540794201113489   -0.473840957130211   -0.694993798093155
  199    0.724798254994301   -0.410815607699667   -0.553080487838406
  200    0.442142902252711    0.321161467445707    0.837475352363083
  201    0.655645053384723    0.698273129131721    0.287305066270573
  202    0.790714736243954   -0.183791291234118   -0.583944318538292
  203    0.810907660932286    0.056647446298302   -0.582425816966599
  204    0.733772556375678   -0.431258070596344    0.524970772572551
  205    0.816531069883817    0.312157680806379   -0.485628041023140
  206    0.633134892442326    0.772528614717648    0.048370935637792
  207    0.749807948480801    0.646119905689806   -0.142538092685455
  208    0.886129068790763    0.458688008681955   -0.066185981411463
  209    0.478499826186808    0.550985801556139    0.683705026179224
  210    0.793356451475220    0.600608530033469    0.099272023015965
  211    0.914967371592605   -0.102563050130656   -0.390276222269327
  212    0.620042806316294    0.360941917478523    0.696611692797603
  213    0.607746016955218    0.130558265095334    0.783325805964775
  214    0.838965591318490   -0.210901158069841    0.501654700076075
  215    0.638276503717075    0.577699714020446    0.508788900452242
  216    0.622260312040105   -0.782796946813249   -0.004587387012982
  217    0.775533307233365    0.168310871584374    0.608456686936866
  218    0.759468776918711   -0.556631943989851    0.336701731233559
  219    0.763459676803214    0.385583649447737    0.518126018622976
  220    0.801269477538307    0.506635989529547    0.318256497936657
  221    0.924350763808903    0.302458979192136   -0.232581665984121
  222    0.889536145975162    0.255269539707461    0.378896961060915
  223    0.869135786391457   -0.326174648054404   -0.371770202921494
  224    0.889469989138899    0.021401759875368    0.456492171998035
  225    0.914637399056474    0.370296809770466    0.162230394565950
  226    0.752055924746174   -0.647125582069790    0.125061453234048
  227    0.879490684854922   -0.466125028391577    0.096039539567679
  228    0.882270358217696   -0.352299778263209    0.312224088190055
  229    0.899152120036332   -0.414756747534434   -0.139650654881481
  230    0.967184611287772   -0.192001976466085   -0.166400627166002
  231    0.975592158276043    0.219485979692247   -0.006770925256287
  232    0.951710975259293   -0.125791083614287    0.280040752131095
  233    0.913069694530046    0.129131109788228   -0.386818936216506
  234    0.982620173101724    0.048143816723470   -0.179275676891306
  235    0.968806513721290    0.114104080014343    0.219986813003146
  236    0.963291111687310   -0.258397621085306    0.072807304315441
  237    0.998623828948720   -0.032321611731886    0.041300867676732
   
 U =    26070.5351725164     


 http://math-lab.ru/  - см. Задача Томсона
