    283
    1   -0.063476419692157    0.029451701865172    0.997548666181410
    2   -0.960105955758355   -0.150605772450099   -0.235615056866161
    3   -0.986128338857718   -0.069796317621767    0.150596724227848
    4   -0.923111113466704   -0.369308520921566   -0.107131174589782
    5   -0.790906389960207   -0.070729329963626   -0.607835869460671
    6   -0.856472658990595   -0.427217873486073    0.289723097069628
    7   -0.939842822357418   -0.317085201246393    0.127092267324877
    8   -0.884117611407240   -0.341073749233434   -0.319381819744651
    9   -0.983325244267357   -0.179436043707893   -0.029566369493077
   10   -0.996798839857376    0.030271264143203   -0.073998131234254
   11   -0.804284254854504   -0.299969459327575   -0.512976764448310
   12   -0.822074768514559   -0.535011341462319   -0.194822841264633
   13   -0.895928803285669   -0.113004657430472   -0.429582968519623
   14   -0.611617471832465   -0.072609625842084    0.787814642148987
   15   -0.900548300345275    0.282727171601274   -0.330269746091857
   16   -0.799770582950696    0.477672738947231   -0.363587361047320
   17   -0.868450810327662    0.109912031704734   -0.483438243551091
   18   -0.744821181887859   -0.666290786005990   -0.036027704543774
   19   -0.686212057171907   -0.250412203992763   -0.682939778226006
   20   -0.816274110240046   -0.318524355858629    0.481911622267679
   21   -0.955247004800459    0.070249984580375   -0.287346653862905
   22   -0.859298516955983   -0.508794502326875    0.052289704141401
   23   -0.758833376083941   -0.503268695973136   -0.413391493616581
   24   -0.926237170938141   -0.205424898501781    0.316046379900234
   25   -0.789810194167505    0.317262787171117   -0.524923023943038
   26   -0.559419474418664   -0.279047904506694    0.780501197072477
   27   -0.736700817266435    0.145423569899386   -0.660396767978679
   28   -0.931363605910848    0.357819070474164    0.067285558552690
   29   -0.944837002933779    0.040240747926535    0.325059563916258
   30   -0.728737614602176   -0.526526987335292    0.437847942408722
   31   -0.964396543764970    0.236831235817966   -0.117687179060066
   32   -0.982513598190742    0.149802403932890    0.110572461066076
   33   -0.506208121729727   -0.400919768834217   -0.763555287096344
   34   -0.834122745884460    0.550555509582667    0.033583860206038
   35   -0.734305409206780   -0.199122200538849    0.648957560447700
   36   -0.610599845852428    0.766455991907408   -0.199281310499061
   37   -0.683557378413235   -0.671957712485762   -0.284994987758957
   38   -0.887138652524456    0.434816739605089   -0.154659025460182
   39   -0.861000979842907    0.158232009759245    0.483363159329612
   40   -0.534758873678183   -0.197597066110842   -0.821576744124874
   41   -0.667688102138929    0.495107964551329   -0.555932281577491
   42   -0.598009821675326   -0.791581224387733   -0.125632075429257
   43   -0.868065597450457   -0.092687617237711    0.487720333935111
   44   -0.921057284196075    0.261784729533246    0.288309269036837
   45   -0.509789128744293   -0.779170988212782   -0.364702091221932
   46   -0.767793754367438    0.614306584933417   -0.181989478986553
   47   -0.664335167623502   -0.411376181217796    0.624042003862974
   48   -0.438433615825760   -0.027628578073741   -0.898338814806292
   49   -0.849975748089644    0.464293228817921    0.248943819632620
   50   -0.652473720900807   -0.455493919989334   -0.605642908310339
   51   -0.659282512556508    0.645888050582961   -0.384935312424465
   52   -0.590519760069109   -0.633613726387212   -0.499820026311104
   53   -0.513589412287783    0.652079672613668   -0.557689892458113
   54   -0.364828982061258   -0.309211937012761    0.878229919700395
   55   -0.643569085222407   -0.021132726064905   -0.765096229526103
   56   -0.524151972393291    0.851397282133925   -0.019681915841427
   57   -0.418460682101222   -0.884570139104844   -0.205976519388541
   58   -0.772568292580295    0.023944547009925    0.634480016996640
   59   -0.381725724931950   -0.742676796440526   -0.550196916525361
   60   -0.588397015961405    0.782851211929102    0.202318885892667
   61   -0.762182254927242   -0.609678385531063    0.217647597023860
   62   -0.415918924659239    0.329031421938490   -0.847791113121291
   63   -0.339825958425441    0.622664725067870   -0.704845343416827
   64   -0.641353618262797    0.137052476379755    0.754905394774335
   65   -0.469394221332135    0.112183747006969    0.875833244337913
   66   -0.807886120509045    0.382219328251452    0.448584887618669
   67   -0.350525189147615   -0.270771664085161   -0.896557191539715
   68   -0.356647385662498    0.299579306309394    0.884903882651267
   69   -0.372295533449535   -0.652188706604658    0.660337736882325
   70   -0.631184586351490    0.325200976610872   -0.704166416952437
   71   -0.544446545254599    0.160953564725338   -0.823208302534989
   72   -0.697512776224339    0.716484034604271    0.011249673817505
   73   -0.304008047286526   -0.478412079269167   -0.823833107852790
   74   -0.497068800658802    0.485950416838713   -0.718870502793028
   75    0.131389142824178   -0.943184529207305    0.305188199332678
   76   -0.734632616155538    0.274400633478132    0.620499163276849
   77   -0.180667078741453    0.295840442654492   -0.937996715958550
   78   -0.453779583562076   -0.584216929215174   -0.672885331360865
   79   -0.092047411809261    0.601244082400172   -0.793746072341773
   80   -0.239608889827036   -0.658107638692054   -0.713780019201312
   81   -0.735161144204155    0.638137155985178    0.228733605321970
   82   -0.564272949552321   -0.604533445190014    0.562259150259217
   83   -0.479263528877493   -0.475444588289225    0.737739055055636
   84   -0.557786897335286    0.722528620905778    0.408443593575748
   85   -0.260804497416667    0.473813734650425   -0.841119229945349
   86   -0.296139081201209   -0.869434976958200   -0.395454757749857
   87   -0.327164018316906    0.142737914399771   -0.934125041368413
   88   -0.147382776677038    0.258685850966947    0.954651741552108
   89   -0.483150849864077    0.791782862667929   -0.373691255799490
   90   -0.638478849178337   -0.758431568928786    0.130867545266681
   91    0.132013136831642    0.590482745192576   -0.796180042034281
   92   -0.425085863783714   -0.102499957584967    0.899330732882143
   93   -0.218594167865595   -0.131916434448079    0.966858130284714
   94   -0.547955923340680    0.325987659824807    0.770374163454233
   95   -0.305681183135569   -0.951241321491425   -0.041218473577835
   96   -0.485724798933507   -0.873095231048617    0.042144243037056
   97   -0.700438159420242    0.567395156811206    0.432953947730207
   98   -0.119623876529054    0.077373691102405   -0.989799696953556
   99   -0.430806929702356   -0.767363561705835    0.474930051151287
  100   -0.274713710688022    0.082567011888020    0.957974459841128
  101   -0.469254808916421   -0.841862433277538    0.266585010352863
  102   -0.240697310043511   -0.097222758994906   -0.965718665073445
  103   -0.151764175903980   -0.334526716806392   -0.930085754462954
  104   -0.220762945694243   -0.796874876186978    0.562364786869154
  105   -0.614546182027469   -0.702463108282519    0.358996617891482
  106   -0.050340703374244   -0.502710892518111    0.862987585152550
  107   -0.186765663497352   -0.957415119768069   -0.220170105549975
  108   -0.016223206050961    0.435482787478095   -0.900050859338369
  109   -0.265382551947252   -0.888971296295023    0.373232012943036
  110   -0.169155113684997    0.737286802259636   -0.654060179744935
  111   -0.170412343760162    0.970568933772035   -0.170163385870122
  112   -0.014896303378469   -0.705625062434160   -0.708428804757715
  113   -0.276046493293574   -0.499935683820723    0.820891372584112
  114   -0.401797970484650    0.894440288806279   -0.196303236536120
  115   -0.635429059012932    0.466657660556482    0.615191465160150
  116   -0.292169947001682   -0.941171669303489    0.169801681291787
  117   -0.149072375980415   -0.332275008373374    0.931327410490010
  118   -0.500384421784194    0.630376329130007    0.593499043055905
  119   -0.430423540042471    0.495860685847495    0.754226594869313
  120   -0.048495997095708   -0.901093487839186    0.430904472522047
  121   -0.415570938779930    0.895040074062918    0.161876683506350
  122   -0.089551206602004    0.994324449042117    0.057441025697796
  123    0.049873224811557   -0.653091113276518    0.755635268635692
  124   -0.333963360605803    0.782140449317459   -0.526046377531831
  125   -0.033320191360816   -0.159936532786763   -0.986564782631038
  126   -0.300593554177167    0.953737717115813   -0.005280353951690
  127   -0.161002592182102   -0.805894509331728   -0.569747492438201
  128   -0.256566944334863    0.897702411733830   -0.358195174509564
  129    0.024100546185577   -0.985349860387066   -0.168833694234138
  130   -0.072400728879370   -0.915201703838774   -0.396439119851133
  131    0.057242858549890   -0.383536121436504   -0.921750128125014
  132   -0.104113207721133   -0.994525591139580    0.008904411630519
  133    0.109692001080268   -0.370209927369870    0.922449063404480
  134    0.063674940174273    0.200521606987521    0.977617812401628
  135    0.202014588256248    0.402379041385249   -0.892906049473038
  136   -0.092803939493369    0.860634672892410   -0.500694905735904
  137    0.090826027544262    0.019550228869613   -0.995674857205742
  138    0.096149059534295   -0.992137692457212    0.080113404348770
  139   -0.386969211086878    0.846905300478009    0.364700207969577
  140    0.047700588504654    0.748010667533311   -0.661970312863561
  141    0.154007700883339   -0.034513989358092    0.987466664048573
  142    0.132706182920548    0.861127206166049   -0.490763694475572
  143    0.040525287292398    0.236720258990949   -0.970732311233703
  144   -0.165058591905184   -0.664636256168550    0.728707285694696
  145   -0.081775625944002   -0.970127305250848    0.228398245632919
  146    0.330112696358893   -0.904750332354014   -0.269169916238726
  147    0.046386774865516    0.992247710618976   -0.115294179770604
  148    0.344060646997060    0.818055810579840   -0.460876297898389
  149    0.259173669399644    0.721481683555167   -0.642100606902319
  150    0.179572000531420   -0.207952105752168   -0.961514336002528
  151    0.210272826714516   -0.532724608528307    0.819749858074919
  152    0.410870819602256    0.355110554145502   -0.839691409944061
  153    0.000984217132361   -0.795041829430935    0.606553806988092
  154    0.008494395893861   -0.188924398031064    0.981954895637777
  155   -0.089251399649956   -0.536707200798979   -0.839034902892036
  156    0.124371643770970    0.986177762104475    0.109476553454685
  157    0.294856132739550   -0.021350992868610   -0.955303091217338
  158    0.273145786199046    0.131678482322383    0.952917707241805
  159   -0.217630315593865    0.948857314854101    0.228706890544163
  160    0.222937585996589   -0.970306561768657   -0.093829680478515
  161   -0.020636523716758    0.428660116445762    0.903230113790275
  162    0.232093726709818   -0.713331676186728    0.661279382538562
  163   -0.227397638024123    0.467889186458283    0.854031629049215
  164    0.069492602416205   -0.833998386675895   -0.547373244899153
  165   -0.336423953501522    0.764399498704652    0.550011208877131
  166    0.182094452810018    0.369145458722782    0.911357910241726
  167   -0.278160304664563    0.641221498557836    0.715165599491587
  168    0.362484526982789   -0.393299570865450    0.844938113269319
  169   -0.172098453819550    0.883112950900924    0.436455768828850
  170    0.403436615643946   -0.740509630262578    0.537479659751082
  171    0.261266258534764   -0.222669549281449    0.939232779439709
  172    0.404327824057982   -0.579010604821550    0.708001221889284
  173   -0.067747370059443    0.618732410034264    0.782675219119157
  174    0.496704919808035   -0.233300651018166    0.835975495378299
  175   -0.117542376750383    0.773722666340450    0.622524718592681
  176    0.135495798523350   -0.928861144648417   -0.344757686709017
  177    0.575004483830570   -0.594550036501515    0.562032114447909
  178   -0.009676534730713    0.958433055909990    0.285153365778213
  179    0.043779240002706    0.870759742535758    0.489755907492544
  180    0.202124831943383    0.934357616625774   -0.293464472407245
  181    0.343458538955061    0.547584455310545   -0.763012120690824
  182    0.287073063082734   -0.828023168561092   -0.481629202580518
  183   -0.014770814416012    0.946022843907585   -0.323763187911309
  184    0.269792179453492   -0.416657606661582   -0.868106340673064
  185    0.253016241567659    0.964371279923644   -0.077271055133269
  186    0.218058767200849   -0.716326765936136   -0.662816972059650
  187    0.547553264741710    0.465050869762989   -0.695638635214709
  188    0.489980328795583   -0.779484574047879   -0.390285890360860
  189    0.253552020100261    0.196458665138345   -0.947161742256906
  190    0.405016561503380    0.877017587328471   -0.258460318858672
  191    0.556269953824692   -0.422033134137160    0.715857368588353
  192    0.444916087988191    0.894665771136646   -0.040284396554423
  193    0.200070504380735    0.922880120712719    0.329035068146415
  194    0.461225751125386    0.652554076150799   -0.601202115929244
  195    0.438431311518599   -0.688817455737081   -0.577328760544610
  196    0.255293905380855    0.812355285989779    0.524312799004425
  197    0.539507743765755    0.732475134988051   -0.415224723542591
  198    0.131820894667615   -0.573530446454704   -0.808508552037947
  199    0.387672883514551   -0.246173287018156   -0.888317763047768
  200    0.144013178853469    0.568511074755117    0.809972445332124
  201    0.402645714305677    0.839031607406793    0.365926755681577
  202    0.485569664022792   -0.060720987675764   -0.872086614411936
  203    0.456669167658114    0.150568159692120   -0.876802429625611
  204    0.717670305485584   -0.424886709432306    0.551743252584040
  205    0.648975261864017    0.556919888312366   -0.518335169065994
  206    0.330608362812763    0.931699213705208    0.150448282208077
  207    0.709205537420207    0.685815680340550    0.163353476521146
  208    0.521421660676697    0.832234745958439    0.188427119589106
  209    0.095683775313250    0.737200883032745    0.668864315984599
  210    0.662846756615693    0.553021845417773    0.504778184685885
  211    0.497202271127438   -0.402561337841342   -0.768592395786679
  212    0.310882297162198    0.666045214737100    0.678038324312841
  213    0.392345270482067   -0.055893359049543    0.918118250087924
  214    0.840006371665861   -0.406897906787061    0.358919752887834
  215    0.470315881847508    0.703708698887141    0.532538297582970
  216    0.184282308151956   -0.848803169107676    0.495553439111216
  217    0.378564852206073    0.295826999004602    0.877026247802268
  218    0.715364606265436   -0.583317465503868    0.384700161867450
  219    0.353330689888951    0.491888353272007    0.795740706196404
  220    0.521424845459651    0.534971600918166    0.664771777942200
  221    0.591271162813551    0.778025951354666   -0.212306455492478
  222    0.551328495800171    0.338720360057552    0.762433870838122
  223    0.363206807363814   -0.567773487755224   -0.738724631839804
  224    0.502250437914770    0.121340583922072    0.856166432598167
  225    0.816910636879207    0.373971292852181    0.439092795973786
  226    0.353701978354594   -0.863698803876695    0.359053320121138
  227    0.511999876833467   -0.838942751071075   -0.184475436163766
  228    0.554383445279682   -0.739566918334159    0.381706390967645
  229    0.670822624282953   -0.708265914012033   -0.219900890855021
  230    0.643465945717625   -0.634797835056598   -0.427765455955923
  231    0.699340709736584    0.363077544170484    0.615708753084006
  232    0.681349557906197   -0.244963409188992    0.689750467995156
  233    0.716784717839380    0.622196616964182   -0.314787290261610
  234    0.607383467603932    0.257454729983669   -0.751533356073075
  235    0.607370428165475   -0.055901693198564    0.792449470747265
  236    0.292072961330194   -0.943245895621301    0.158052414259894
  237    0.497570301582717   -0.846154159686882    0.190910798614093
  238    0.412605528986767   -0.910822193351810   -0.012633667216925
  239    0.601394382226728   -0.209777265783807   -0.770920421176143
  240    0.612584812084706   -0.790392076332584    0.004495961945142
  241    0.723640702267524    0.355092159971536   -0.591822348301003
  242    0.582893639843541   -0.533690377389662   -0.612706769761546
  243    0.602979042976270    0.711846994204677    0.360125159594810
  244    0.766279111321004   -0.642072549109341   -0.023646674889414
  245    0.692227965434482   -0.346967157236079   -0.632798732354886
  246    0.641694182468245    0.035256026216124   -0.766149847485372
  247    0.814848326988418    0.170498027220573    0.554033055618588
  248    0.676544413740366    0.153359106227841    0.720255955042166
  249    0.824073546277755   -0.233283497061428    0.516218558678391
  250    0.772093680358531    0.551975685432424    0.314951093730159
  251    0.762307112716670   -0.459949673179819   -0.455339613962317
  252    0.798680260161630   -0.548049674321941   -0.248498282697819
  253    0.677661429335552   -0.708468689270874    0.197096685699446
  254    0.840156483086638    0.537474150254537    0.072516354952901
  255    0.618199955760130    0.786020070328815    0.001124161223872
  256    0.766833590842524   -0.041997650897349    0.640470484311857
  257    0.766931400556146    0.132566871108028   -0.627887132791886
  258    0.752869547994913    0.651837421200820   -0.091079196440242
  259    0.834508848209965   -0.250667286547218   -0.490673917907130
  260    0.886672080800125   -0.024236178704766    0.461763173901261
  261    0.931159627413063    0.364198494048253   -0.017355264588877
  262    0.887129426366032   -0.360630776083333   -0.288004903112792
  263    0.924456856584417   -0.211290004906451    0.317389436088679
  264    0.754815387915719   -0.113600668365555   -0.646025245878628
  265    0.870321617320029   -0.013437807060004   -0.492300424300922
  266    0.933466427432733   -0.152268709392613   -0.324737846571472
  267    0.891918067773130    0.391164168526242    0.226876075514852
  268    0.913678625343854    0.191256878391151    0.358625397954240
  269    0.804458718926465    0.437613796745428   -0.401671923889687
  270    0.860417033790204    0.223022250339490   -0.458196032083623
  271    0.852923165398406    0.490082830204529   -0.179835740233921
  272    0.882127241924982   -0.467686902263907   -0.055861350723149
  273    0.816707860554444   -0.549906278221793    0.174903846958376
  274    0.964656055470101   -0.001447830554200    0.263508251164079
  275    0.917133521063605    0.302293858173200   -0.259777843266578
  276    0.956300748363655   -0.275147189907420   -0.098908556582141
  277    0.966610939525466    0.213228040914529    0.142116480949421
  278    0.917647632734493   -0.371292845070892    0.141649021655440
  279    0.948007437845114    0.078716668331407   -0.308359504340543
  280    0.980030126385041    0.169707773696208   -0.103635046797872
  281    0.988124514646737   -0.066324325462132   -0.138603850618024
  282    0.978962042363226   -0.179289948911636    0.097408592184078
  283    0.998298590936056    0.024366244296916    0.052973667741136
   
 U =    37416.3156316242     


 http://math-lab.ru/  - см. Задача Томсона
