    229
    1   -0.087052017229633   -0.012425002040520    0.996126279956786
    2   -0.996445274269458    0.044076115583893   -0.071792140385289
    3   -0.924611299562956   -0.080598590936622    0.372287270611733
    4   -0.978650638197993   -0.204133484442221   -0.023925904040149
    5   -0.832068857258933    0.230506056789615   -0.504508052030011
    6   -0.822338617057401   -0.499853089695533    0.271856740983096
    7   -0.938982050869280   -0.271741800597280    0.210876982986454
    8   -0.958499491976292   -0.116235989124688   -0.260322720317294
    9   -0.987570142179004   -0.019890868413927    0.155915257849520
   10   -0.964991946419041    0.226113481307996    0.132903111013883
   11   -0.878757287764197   -0.014802547331306   -0.477039321014334
   12   -0.910143288508541   -0.357261724760838   -0.209769526871207
   13   -0.944875649042116    0.137682319864411   -0.297075052207341
   14   -0.517383102308712   -0.220370874740472    0.826892618791299
   15   -0.853853654927187    0.503474352057988   -0.132089033561734
   16   -0.720741846898441    0.638835056712790   -0.269111427561503
   17   -0.863546638632204    0.381176678054917   -0.330138672400007
   18   -0.805420561548346   -0.572665987601634   -0.152811601913571
   19   -0.731510993940773    0.094693207514797   -0.675222083609787
   20   -0.689334986054299   -0.503783582982983    0.520595215612233
   21   -0.953437771958489    0.284737073114696   -0.099404296672267
   22   -0.898290272168975   -0.438107191174017    0.033714625434697
   23   -0.859581792428470   -0.266488138697706   -0.436008272924827
   24   -0.838860417024812   -0.330954938672407    0.432182865598928
   25   -0.719638929388420    0.509800923829068   -0.471405164769880
   26   -0.513387953239662   -0.473036519322073    0.716009260314452
   27   -0.680162818443315    0.350272341494836   -0.643962597664625
   28   -0.858094952030054    0.401645110827094    0.319928520531120
   29   -0.818857666683209    0.094019276364430    0.566244202960206
   30   -0.656648931074336   -0.666688659929071    0.352616522643099
   31   -0.882544040481351    0.460235399864683    0.096433362081005
   32   -0.919595962884119    0.164439195685129    0.356795481991656
   33   -0.591998014573465   -0.265666775340705   -0.760893892222265
   34   -0.746624268535335    0.624308583948744    0.229762907454597
   35   -0.678407044547514   -0.309982248428654    0.666089248950487
   36   -0.391018586298462    0.920263669567165   -0.014806878264108
   37   -0.776620116244320   -0.500105590384582   -0.383086926833516
   38   -0.739224570715686    0.673424595158769   -0.006807986887325
   39   -0.657631173546670    0.199333290461536    0.726489833991782
   40   -0.578027664745741   -0.037537152038663   -0.815153348153224
   41   -0.536803174613878    0.606988788984767   -0.586009352972517
   42   -0.637759355816983   -0.694719982821211   -0.332606598757155
   43   -0.810152693501940   -0.141591925971679    0.568862320523325
   44   -0.781201267006332    0.325622374860766    0.532629936651834
   45   -0.580331008049186   -0.602103907726529   -0.548349163760700
   46   -0.575735371339837    0.805447063160807   -0.140654934623037
   47   -0.498896164601063   -0.666161435161162    0.554374926606868
   48   -0.375207494357311    0.016718360207527   -0.926790069330741
   49   -0.698483980733642    0.550186494173225    0.457618782708775
   50   -0.758037996645880   -0.146881141179981   -0.635455998482009
   51   -0.548557152386322    0.740609260859413   -0.388050220068334
   52   -0.705128420964654   -0.396411587452329   -0.587921562184462
   53   -0.342662523989734    0.799101687273155   -0.493982679909105
   54   -0.318172160428727   -0.615013064600040    0.721474467115353
   55   -0.548927947170819    0.203796954571105   -0.810644749642143
   56   -0.182782566613955    0.975922805762915    0.119017690003860
   57   -0.421441817165512   -0.777677593032700   -0.466480820655145
   58   -0.671025609979166   -0.048449946449355    0.739849466743839
   59   -0.349444437673852   -0.661771039009965   -0.663285516882795
   60   -0.383027402181687    0.893664399810966    0.233781842084568
   61   -0.759915622905290   -0.643069936671265    0.094811932867547
   62   -0.128360502493206    0.159186435797788   -0.978868356857902
   63   -0.321005349652324    0.656169712889806   -0.682932554049592
   64   -0.495543007101173    0.049196950358708    0.867189015260531
   65   -0.328260615443672   -0.113723852464683    0.937716297037186
   66   -0.606379265606837    0.432632997606313    0.667182790263874
   67   -0.397150606640850   -0.234008141019189   -0.887418495176626
   68   -0.276986579616072    0.131488457346244    0.951834660168085
   69   -0.187490107079022   -0.915689943683957    0.355470655305848
   70   -0.491992359298960    0.438696666637196   -0.751989862347130
   71   -0.335885461838455    0.255071972150034   -0.906707916337483
   72   -0.579666767420754    0.806665494935614    0.115226811238768
   73   -0.274393290198767   -0.488176627612515   -0.828487720214830
   74   -0.279263112572673    0.475112181507829   -0.834434256810622
   75    0.513587522784424   -0.844949512755307    0.149292254771397
   76   -0.458059090207454    0.290910915286034    0.839971850269854
   77    0.082482973522612    0.016609286376537   -0.996454058491876
   78   -0.488197326166137   -0.468821684146970   -0.736117924790473
   79   -0.085404007057772    0.617385423327299   -0.782011121814420
   80   -0.113067639774210   -0.664645466822464   -0.738554068615317
   81   -0.567657838894275    0.744367944784925    0.351683011700236
   82   -0.436504272913348   -0.817846092922560    0.374955714744679
   83   -0.267718783570622   -0.788354784564212    0.553916407572641
   84   -0.355080190936185    0.813315035400734    0.460908571406332
   85   -0.079605322058859    0.388714043104917   -0.917913059822625
   86   -0.186801087317564   -0.817747350153410   -0.544421367227676
   87   -0.164837841146703   -0.072405275535779   -0.983659474717080
   88   -0.028740436146087    0.227297898218843    0.973401074991922
   89   -0.377164532767281    0.887624557564483   -0.264328507790770
   90   -0.654448857626645   -0.749960936047772   -0.096204402984112
   91    0.125395626458766    0.505666287075275   -0.853567538616903
   92   -0.339089594601675   -0.378614471482805    0.861202257786560
   93   -0.139188140702974   -0.512392997403321    0.847396057165532
   94   -0.227548074594916    0.359410410062918    0.905011619199749
   95   -0.232966443165406   -0.916167400924510   -0.326134833837308
   96   -0.458813314650115   -0.852821811495311   -0.249369805986273
   97   -0.502553565303706    0.645270716038612    0.575383017670448
   98    0.044862462860444   -0.222197702292478   -0.973968962812490
   99   -0.339835600785185   -0.924050183870501    0.175051484220687
  100   -0.144784679588147   -0.255599209946265    0.955879929923943
  101   -0.473710725395991   -0.880547594826283   -0.015299734979829
  102   -0.182427487309252   -0.301155497831656   -0.935962380654159
  103   -0.020842712121446   -0.472125535150929   -0.881284891740390
  104    0.050012890600953   -0.955439222093125    0.290920270280055
  105   -0.581957281349767   -0.794558280163768    0.173213342751601
  106    0.115178141191927   -0.576403872014312    0.809007152081167
  107    0.002707765248645   -0.922208971320410   -0.386682403560737
  108    0.114806192304050    0.254866535241390   -0.960136754542130
  109   -0.111442899876315   -0.987886979791150    0.107980531700291
  110   -0.117217112716305    0.789977383407875   -0.601827119852952
  111    0.024088550363710    0.999644182454229   -0.011456449135329
  112    0.277337419924006   -0.733750728842625   -0.620236909118453
  113   -0.019852193442323   -0.853921930145372    0.520022333782244
  114   -0.180173939426843    0.973534865632774   -0.140595935036507
  115   -0.398075634811136    0.513714282883919    0.760021989504759
  116   -0.263472527501561   -0.960828145549008   -0.085973844701708
  117   -0.079272556069546   -0.705807708979891    0.703954075063678
  118   -0.264309899680390    0.712075218768914    0.650453041922432
  119   -0.167428421609731    0.566909533036656    0.806586204313857
  120    0.289231675119835   -0.930366765754456    0.225305835004262
  121   -0.160652861644399    0.914535576664952    0.371234881253863
  122    0.223354520172157    0.967083401272681    0.121911661876652
  123    0.171534679954528   -0.738462635485958    0.652111025488783
  124   -0.150097588094640    0.912633517849691   -0.380224639056269
  125    0.207724267352026   -0.379318551702942   -0.901647417279641
  126    0.032658607517376    0.966404723684712    0.254941807859955
  127    0.047384028205948   -0.799888415155554   -0.598275252012746
  128    0.058291813917211    0.966055666573422   -0.251671439602555
  129    0.192696638221009   -0.960158018562343   -0.202397097332834
  130    0.239953930152354   -0.873039356739100   -0.424528436019330
  131    0.353048465700742   -0.514695354589927   -0.781310100299428
  132   -0.038932407252973   -0.987959578797370   -0.149733557788533
  133    0.048467184778534   -0.382667536851240    0.922613943228612
  134    0.166049721970430    0.083630947575229    0.982564682064856
  135    0.318162433218134    0.353234731545556   -0.879771499037481
  136    0.079273362693303    0.874097649404311   -0.479237971443368
  137    0.281778222646295   -0.136968321672350   -0.949652942974724
  138    0.359586614809107   -0.932989520373278   -0.015100374954548
  139   -0.068212711214922    0.818784500947105    0.570034180587016
  140    0.110975066996747    0.718107404228914   -0.687027139563408
  141    0.276235937406662   -0.340879217695731    0.898607292329752
  142    0.298227670941692    0.782286603491025   -0.546889318128605
  143    0.318104081972719    0.105833234090740   -0.942130096958052
  144    0.217961074609900   -0.863419733825589    0.454971793846000
  145    0.124217418921370   -0.991265061462944    0.044312647848879
  146    0.427237029306372   -0.872577743355277   -0.236804988525325
  147    0.269462934178902    0.956769840827306   -0.109458662457514
  148    0.491265643278178    0.653318973165464   -0.576048945000772
  149    0.317602666779662    0.593218280917929   -0.739743615882709
  150    0.446459290602326   -0.288023782780425   -0.847181445965221
  151    0.348243640006084   -0.531823691313311    0.771939070492741
  152    0.521333768186612    0.194768005022816   -0.830828818931903
  153    0.440131412748100   -0.806515832601741    0.394736052666947
  154    0.106547239647456   -0.154487306540947    0.982232842986443
  155    0.130626022996633   -0.619659175724426   -0.773924639778712
  156    0.449065685228236    0.888803092909783    0.091482634332963
  157    0.505761277995406   -0.048338252061611   -0.861318142771927
  158    0.340318913585282   -0.094004918283715    0.935599333258957
  159    0.128446423513080    0.879747508500364    0.457761769454484
  160    0.594720653846376   -0.800214330322261   -0.077229330150104
  161    0.221474879749481    0.316826236708190    0.922263527075249
  162    0.400254826195926   -0.690375077464474    0.602642785174427
  163    0.026110706679176    0.452647008334955    0.891307419941139
  164    0.485479404326637   -0.618383386947341   -0.617990076556404
  165    0.026348983408126    0.674676435342541    0.737643164861467
  166    0.401258018283529    0.149104732299815    0.903747631570327
  167    0.236444972800405    0.547085144143519    0.802989177943813
  168    0.487586635712360   -0.275326556939659    0.828525533534396
  169    0.220021988764090    0.743013225112059    0.632077267245763
  170    0.638440842129790   -0.706059612197077    0.306387198043127
  171    0.555589610326616   -0.034647575177516    0.830734452416316
  172    0.560001359733164   -0.457959381695439    0.690414137901403
  173    0.434027540991317    0.387702559970989    0.813207734009565
  174    0.682335913140304   -0.226989966429205    0.694905214241090
  175    0.436434780453670    0.597416092159032    0.672769422045761
  176    0.470970196480012   -0.766072931674221   -0.437400660017383
  177    0.607092803317150   -0.606276672718433    0.513679787686834
  178    0.321481588190161    0.890897223523237    0.320860913127978
  179    0.410944649998384    0.764362776293451    0.496864207661080
  180    0.507918994656745    0.779182306495003   -0.367278134541125
  181    0.499165965394651    0.431082077610093   -0.751665870819602
  182    0.651537305560937   -0.701640966307256   -0.288442531298373
  183    0.293675781506348    0.895504356865576   -0.334404668315810
  184    0.662138624354115   -0.192181317298129   -0.724319531298167
  185    0.493501169598498    0.857931415914877   -0.142864555405493
  186    0.670717149369688   -0.561595361800270   -0.484509189949812
  187    0.695117174942546    0.270372419114463   -0.666116257181948
  188    0.790790088187122   -0.600087291298606   -0.120607956814243
  189    0.698835286871556    0.040834371923354   -0.714116094128101
  190    0.690075818939774    0.614364331345245   -0.382559580307838
  191    0.749531434251130   -0.401824156507829    0.526060810473672
  192    0.687076066522371    0.706970403614618   -0.167688184512597
  193    0.552999479082212    0.780073466375267    0.292706274603188
  194    0.652539538220773    0.487217000374183   -0.580354844560639
  195    0.818741552067306   -0.472853399143611   -0.325686864697905
  196    0.615488205816560    0.623754637799233    0.481772166407173
  197    0.839543411176943    0.497115516908206   -0.219187188490729
  198    0.588669153314664   -0.416167805823140   -0.693017305218383
  199    0.770522726163380   -0.336387104721106   -0.541422611499654
  200    0.602360389615731    0.211441459741956    0.769710640516405
  201    0.740753094982548    0.621272783010521    0.255548393389859
  202    0.830531912155158   -0.096319126753601   -0.548579409669485
  203    0.844799106561168    0.147065035525668   -0.514476768065660
  204    0.790566901914275   -0.521667144210159    0.320729425293785
  205    0.811122625037563    0.382718393227699   -0.442274483366813
  206    0.650458276580773    0.756935869712906    0.062865885578253
  207    0.816207470556241    0.577641510188803    0.011646918690445
  208    0.934398829235401    0.353954460189952   -0.040187909066682
  209    0.621680656259761    0.439316446524062    0.648470678940771
  210    0.882646557535128    0.427984101949980    0.194331322615417
  211    0.940788891263333    0.009127963218329   -0.338870096590114
  212    0.766901086258430    0.256847962135653    0.588125707857089
  213    0.734061469523115    0.014719233443306    0.678923488420018
  214    0.898164982349336   -0.303014910893615    0.318561812302656
  215    0.780320246300199    0.450498249724892    0.433764498557461
  216    0.724876152173147   -0.682739648201185    0.091766752066174
  217    0.840160472779747   -0.175336621401614    0.513212869259901
  218    0.869234822108477   -0.484509800851430    0.098392463699979
  219    0.871510979769150    0.058466623790983    0.486878081293767
  220    0.900363599855574    0.246114428364706    0.358849656828353
  221    0.923952158504884    0.258282033527300   -0.282139681631579
  222    0.970986875919347    0.188974744048926    0.146536797098990
  223    0.903503599052693   -0.240841053000659   -0.354509285757601
  224    0.952572843980627   -0.052187674611871    0.299802307411510
  225    0.987279488076894    0.116579207362911   -0.108113370279817
  226    0.917719924626219   -0.376981979666175   -0.125198749798144
  227    0.996525335554513   -0.034587306638281    0.075769214180133
  228    0.960040684643627   -0.263306072205207    0.094825081960748
  229    0.979392748035761   -0.140981102701015   -0.144617335669570
   
 U =    24307.6738599573     


 http://math-lab.ru/  - см. Задача Томсона
