    191
    1   -0.097973446636508    0.016991326948048    0.995043968155532
    2   -0.993085651929516   -0.112849956077725   -0.032338449947133
    3   -0.913380531627974    0.063650165928487    0.402100311887812
    4   -0.931021423203702   -0.363619357172108    0.031306111631677
    5   -0.832961404308818    0.131636441304797   -0.537445016957540
    6   -0.861749661613560   -0.414977861771050    0.291857662138314
    7   -0.959846716352358   -0.161649224028832    0.229267986161330
    8   -0.934227764735264   -0.265167892152743   -0.238546583645676
    9   -0.982536411286705    0.105326520850619    0.153390105617498
   10   -0.933863589746263    0.357591455072641   -0.005210278807739
   11   -0.843121214275340   -0.143940807940460   -0.518100050036982
   12   -0.836797363601373   -0.517458559796473   -0.178904474966814
   13   -0.946421477457825   -0.012659849848577   -0.322685784019624
   14   -0.577924817263405    0.000878187390093    0.816089538211321
   15   -0.840015143443907    0.499113386154451   -0.212744886063919
   16   -0.678319767081415    0.622063207733830   -0.391049433154572
   17   -0.908738351064616    0.271913462430013   -0.316634928985551
   18   -0.666972891587684   -0.733273116040152   -0.132127586748298
   19   -0.690870305331152   -0.004643467429025   -0.722963802290181
   20   -0.724089127137940   -0.448688770764773    0.523806570167092
   21   -0.984818743759017    0.133985326182569   -0.110362920895845
   22   -0.802320284573148   -0.591150883953885    0.082600201954977
   23   -0.814346843202393   -0.392532708742961   -0.427501218165762
   24   -0.860331013550427   -0.199738972101790    0.468972163509749
   25   -0.769011759276143    0.401159166021837   -0.497686887120482
   26   -0.496415994444255   -0.241912012318338    0.833696430816406
   27   -0.656763712728620    0.264792364002377   -0.706078203607045
   28   -0.826018464739974    0.553087816939514    0.108569621265339
   29   -0.804133247131956    0.281649087380818    0.523491654598780
   30   -0.695328269236776   -0.635948523854122    0.334795568978970
   31   -0.718229309567351    0.689525372377339   -0.093281400752231
   32   -0.904678670321969    0.328220687921226    0.271712501525035
   33   -0.460023772259091   -0.439682436731232   -0.771399691331674
   34   -0.541276140444216    0.840380578522348    0.027939631856146
   35   -0.702626185639562   -0.226776330918615    0.674454549238635
   36   -0.098936979729059    0.985103344112725   -0.140651610229029
   37   -0.674713189421018   -0.638853998554856   -0.369631817558756
   38   -0.538650110000154    0.799144369496957   -0.266878878328977
   39   -0.630140598471999    0.471006354497855    0.617313405151704
   40   -0.494765717377565   -0.179854302659897   -0.850211335329391
   41   -0.568903120119742    0.524266220816195   -0.633635675786274
   42   -0.447270371881180   -0.884073697681823   -0.135509820693776
   43   -0.776763511303930    0.029720476582525    0.629090725395390
   44   -0.761533149440592    0.521526400020328    0.384808363195148
   45   -0.465100834047590   -0.801080703713559   -0.376763746008060
   46   -0.272104021022108    0.891365844207751   -0.362527700353232
   47   -0.525147155697960   -0.466416519668424    0.711811839633717
   48   -0.278097500406111   -0.094563376633810   -0.955886786218685
   49   -0.661729069811247    0.716420956162752    0.221033146241892
   50   -0.680445857297633   -0.266925053024336   -0.682454724765273
   51   -0.443792408970311    0.735125918178894   -0.512482372537794
   52   -0.637831374283355   -0.501414628044005   -0.584597732430856
   53   -0.168708053257149    0.801033942582221   -0.574353737340819
   54   -0.287547281066965   -0.403365552261675    0.868684518337716
   55   -0.489747329023500    0.094452137744436   -0.866733146585414
   56    0.029017788836953    0.994145350641399    0.104081649338891
   57   -0.229819513819374   -0.922675399144010   -0.309601516279020
   58   -0.626477068231933    0.241451169147970    0.741099059435782
   59   -0.217808886162573   -0.807222939658549   -0.548589477476217
   60   -0.246387708379327    0.963556350870067    0.104174161179936
   61   -0.615478465022916   -0.779395321161641    0.117171636688993
   62   -0.041098497763374    0.001896027476091   -0.999153300830961
   63   -0.325808499279925    0.612359306191644   -0.720322776203454
   64   -0.417418843722971    0.379398421532275    0.825722923651631
   65   -0.377685544004309    0.136076749576593    0.915880313182262
   66   -0.552680647661423    0.692009777992408    0.464399148215679
   67   -0.253608197567911   -0.362190470158956   -0.896939766903213
   68   -0.156271712395429    0.274399660763496    0.948832955834629
   69   -0.037151944169480   -0.737746840146819    0.674054399064209
   70   -0.440988363433262    0.365750860063552   -0.819606961707394
   71   -0.258306349772260    0.183279783900365   -0.948517975834283
   72   -0.357013805726641    0.925852435603565   -0.123848334698236
   73   -0.239141967599113   -0.613954474250861   -0.752243991587951
   74   -0.194589556101425    0.438311697577091   -0.877506558621267
   75    0.601732770335916   -0.788720393599966    0.125848376323964
   76   -0.414341564914167    0.602799907458866    0.681874870597283
   77    0.194416880110587   -0.109166696712014   -0.974825476204358
   78   -0.443228079739447   -0.669584406003693   -0.595991268868231
   79   -0.052415779757311    0.659691806534728   -0.749706146715752
   80    0.012957118401449   -0.736490254065123   -0.676324048625968
   81   -0.427444293914920    0.863167695295680    0.268761800480499
   82   -0.518959051014711   -0.658096891156405    0.545518088811165
   83   -0.294838622822865   -0.627234819294126    0.720865221769633
   84   -0.132082313000705    0.934094441797895    0.331695397005541
   85    0.008669338150628    0.247943394566656   -0.968735730561640
   86    0.024110978814032   -0.890044690496416   -0.455235224493633
   87   -0.026296474644261   -0.266705547000946   -0.963419247586538
   88    0.081093522988138    0.439045650129795    0.894797607077421
   89    0.004629097000442    0.925350991656114   -0.379083254314942
   90   -0.389264815967042   -0.914326387210215    0.111714639601356
   91    0.070908910417045    0.473692625554823   -0.877830976280996
   92   -0.305290444447729   -0.118702944867980    0.944831919130899
   93   -0.073674951005088   -0.271361159745904    0.959653647195568
   94   -0.178680006224385    0.506335277790195    0.843621978045131
   95    0.010529525772948   -0.978998224154043   -0.203596675292665
   96   -0.189420636316591   -0.981134046867217   -0.038675633354543
   97   -0.310008856893476    0.812884182925524    0.493065729692405
   98    0.199189444206770   -0.405854529077408   -0.891967301275083
   99   -0.270539350853357   -0.804592269446896    0.528620600796202
  100    0.138147881171428   -0.113503138055202    0.983886274210321
  101   -0.205474163511463   -0.935584313425925    0.287162603067680
  102   -0.020291118366285   -0.528084456651487   -0.848949396111776
  103    0.245249167140464   -0.625072296299842   -0.741038103214235
  104    0.220579888091660   -0.801329222780993    0.556071928518856
  105   -0.467027849985003   -0.813692868138539    0.346105336102845
  106    0.160752114932240   -0.399845524060892    0.902375927445587
  107    0.259327160027167   -0.917419659344420   -0.301812181199851
  108    0.251494698867236    0.145277675286419   -0.956893313543914
  109   -0.019109058098392   -0.889109010252741    0.457296415671480
  110    0.119214662328987    0.803268898431544   -0.583563999145218
  111    0.298508099989263    0.948036734192056    0.110087532733099
  112    0.676651990885142   -0.436576418885665   -0.592910713096114
  113    0.201323463400814   -0.625732669956018    0.753609639557519
  114    0.162866440146744    0.976554493898421   -0.140768757615905
  115   -0.176145314865357    0.707702030759566    0.684200748106703
  116    0.002353740694028   -0.990463055252723    0.137758470099614
  117   -0.056337220996038   -0.535865759616081    0.842421512784143
  118   -0.002816684192343    0.841113931433180    0.540850645408860
  119    0.071528394980288    0.658350377117714    0.749305324724513
  120    0.438270422629171   -0.814041687937785    0.381123558636631
  121    0.149279984216027    0.928752142227685    0.339315405809917
  122    0.544442240831301    0.829750755497013    0.122867123962141
  123    0.418254289581300   -0.473260020498264    0.775298847055009
  124    0.278324442206428    0.884990386463360   -0.373266018729154
  125    0.459898012882020   -0.464636510000642   -0.756707824276710
  126    0.399560177342804    0.844382613342460    0.356888872013047
  127    0.267309017882665   -0.797388245408137   -0.541034079373507
  128    0.414221905589347    0.900747556243402   -0.130667719240331
  129    0.453551404434938   -0.884241941096401   -0.111388119389653
  130    0.496516287944303   -0.790904059716222   -0.357690290796952
  131    0.614256158137486   -0.218631083710045   -0.758214891324317
  132    0.198932426765506   -0.979521268828375   -0.031047922539793
  133    0.361117965012324   -0.239963757515804    0.901116646402814
  134    0.104771735103534    0.185716535633415    0.977001664233852
  135    0.310701763163562    0.381471463797084   -0.870599756877731
  136    0.536193430668426    0.770545745816258   -0.344609719120762
  137    0.394194940957774   -0.242635038788838   -0.886418967799785
  138    0.377403569041409   -0.915012711415615    0.142542218386870
  139    0.253836003941125    0.778756208386817    0.573677654264300
  140    0.241086128583010    0.625548265487069   -0.742001917889015
  141    0.609183010020608   -0.297099396084277    0.735274104772220
  142    0.398856703891669    0.725515141610418   -0.560839646471867
  143    0.467673576400803    0.006587292504134   -0.883876707190515
  144    0.451707953748993   -0.663071312504414    0.596905653393877
  145    0.187364106833089   -0.931696378192902    0.311185716788011
  146    0.669184585546386   -0.730984244891419   -0.133618951453877
  147    0.640814946991280    0.761303432547625   -0.098859937809843
  148    0.642100347971073    0.576315392060415   -0.505537053053163
  149    0.492629374132109    0.505906293598490   -0.708078471526740
  150    0.689173967308621    0.047621468835952   -0.723029348290926
  151    0.653796150329358   -0.497625721487951    0.570016872669668
  152    0.525018335094669    0.248558098067030   -0.813986867031479
  153    0.653707524563462   -0.664436659841867    0.362202149893252
  154    0.332895408594621    0.062607462093529    0.940883070645246
  155    0.494152080906882   -0.650242681069471   -0.577059941991285
  156    0.784473170140193    0.618043154103145    0.051229922861863
  157    0.700655384674049    0.326783771401247   -0.634266819781736
  158    0.538075286681362   -0.066996090021459    0.840230033850616
  159    0.629968447930470    0.704844563137266    0.326088786111867
  160    0.834872519600083   -0.530390220979539   -0.147221226410745
  161    0.328831632749966    0.332347544361020    0.883976734456395
  162    0.820414607675932   -0.454620410031651    0.346756621125826
  163    0.315482118851605    0.572677944636240    0.756644569406345
  164    0.791976730365545   -0.175004524179961   -0.584932709870159
  165    0.495709295386613    0.664373454962583    0.559356958308725
  166    0.554707913704697    0.190393932431197    0.809968691349714
  167    0.537725350515927    0.435295101818938    0.722059292402614
  168    0.797027467177606   -0.259704058101818    0.545253169426733
  169    0.698921754080373    0.484312270403518    0.526260397911342
  170    0.785755244572219   -0.608402109174084    0.111514883220933
  171    0.732993758970484   -0.030862627118345    0.679534875895030
  172    0.924859809544979   -0.200912641788870    0.322906244996659
  173    0.742348950658979    0.233766920543110    0.627910075022932
  174    0.967113351016040    0.091734823049204    0.237226660657390
  175    0.879786593519265    0.017123263450913    0.475060357967867
  176    0.697146400990730   -0.607946737921021   -0.379983762069989
  177    0.917964981498998   -0.383950531105986    0.099610654073629
  178    0.798602153468345    0.526081817734986    0.292356839366510
  179    0.870526572909307    0.283486091181812    0.402267475649269
  180    0.757563766801654    0.599110769242530   -0.259159073556982
  181    0.824307598321985    0.389734044034398   -0.410638963408533
  182    0.841451690561689   -0.375334327564740   -0.388694217865920
  183    0.896334074428475    0.425002807387345   -0.126324347341771
  184    0.843344082639943    0.117921134762726   -0.524276038220768
  185    0.919583872884926    0.367961814598869    0.137730184516927
  186    0.917787198726347   -0.102405867358374   -0.383640060713977
  187    0.937901309872262    0.194554702971214   -0.287210028536049
  188    0.943232333550354   -0.294072732358116   -0.154382618932916
  189    0.987355142829914   -0.034606164813636   -0.154700469566878
  190    0.983840705836261    0.178373290849600   -0.015505955342740
  191    0.988630082022232   -0.123813155230904    0.085327976141954
   
 U =    16783.8256059860     


 http://math-lab.ru/  - см. Задача Томсона
