    170
    1   -0.048095030653513    0.003914535092793    0.998835093717399
    2   -0.977043378881209   -0.121408712072121    0.175060447895520
    3   -0.803517948640797    0.106471872502411    0.585681352424607
    4   -0.898991641984808   -0.385116884896544    0.208564169044065
    5   -0.956282483207282    0.125485902846722   -0.264153554770057
    6   -0.802501450238658   -0.368813235703993    0.469007696668617
    7   -0.891763015058786   -0.117003063798462    0.437114410692483
    8   -0.934403348270257   -0.349790205256377   -0.067358704322712
    9   -0.942490870153732    0.135065316784856    0.305725890102011
   10   -0.899713245272216    0.408237600701557    0.154460796499221
   11   -0.922747981308487   -0.194170153415590   -0.332917579159885
   12   -0.805112672095992   -0.591855170257044   -0.038743291941400
   13   -0.992495898110187   -0.082196719909946   -0.090529506076745
   14   -0.325675164236710    0.031259202567421    0.944964840432828
   15   -0.780065673208386    0.625619838080078   -0.009867303715028
   16   -0.757804133495459    0.583020480714730   -0.292950532213822
   17   -0.908239982757679    0.393978642833556   -0.140999867770718
   18   -0.607806222060875   -0.792386929508303    0.051909058636136
   19   -0.860683438884536    0.018518542268563   -0.508803578625521
   20   -0.599522678354231   -0.410792170592668    0.686893260062096
   21   -0.984718454207524    0.171412039327855    0.030781142223947
   22   -0.751583495501174   -0.617773966268457    0.231252191105676
   23   -0.826064075591761   -0.472556050320067   -0.307097577852102
   24   -0.721718476266858   -0.155383601362608    0.674520850265305
   25   -0.849066314613387    0.317714880671147   -0.422070667055838
   26   -0.358562828544236   -0.476769294873231    0.802573197566701
   27   -0.715748865190848    0.213687910889666   -0.664861668858735
   28   -0.743086487247237    0.611631486244182    0.271531577363105
   29   -0.648836061344494    0.306900131107369    0.696293095632324
   30   -0.646577145184323   -0.592980055453355    0.479909000915619
   31   -0.577520153581832    0.802497972938489    0.149891546247391
   32   -0.831767125368380    0.349757721138954    0.431083501957691
   33   -0.586651963641442   -0.376119823265358   -0.717198265546199
   34   -0.335189702487074    0.893778344444721    0.298006936745238
   35   -0.484205616379845   -0.203801478383199    0.850887700272508
   36   -0.099707167385629    0.984532589422418   -0.144062698631962
   37   -0.655418821305884   -0.716229999028432   -0.239668014490330
   38   -0.591250642771587    0.794712247793266   -0.137313949144141
   39   -0.459505474384814    0.532647709042304    0.710732816930787
   40   -0.697818658112783   -0.078912859252758   -0.711914237134101
   41   -0.678805016435519    0.484384532845032   -0.551901598115529
   42   -0.434799493913049   -0.890025307491919   -0.137128961626902
   43   -0.584849756040526    0.059203207889740    0.808978209246022
   44   -0.660188293734647    0.535206011828081    0.526978122618782
   45   -0.456710827769790   -0.782654660692061   -0.422926591614701
   46   -0.338671248382929    0.897326194522736   -0.283032659143948
   47   -0.421384618219175   -0.676178942328220    0.604331896791961
   48   -0.478590311377988   -0.158731791570518   -0.863571382226121
   49   -0.511164337099248    0.741932027860619    0.433875427412656
   50   -0.784487315557634   -0.296294867280538   -0.544783446290713
   51   -0.543920974942051    0.735518076190088   -0.403934564769742
   52   -0.652534141223061   -0.569434795353974   -0.499943205152805
   53   -0.268541122292854    0.795798518435199   -0.542761811197174
   54   -0.096260971156430   -0.501030598469053    0.860059396105736
   55   -0.511810657571293    0.118926433541259   -0.850826864997572
   56    0.147056925049071    0.988916075603706    0.020475746816103
   57   -0.227264874503662   -0.920987291819675   -0.316438122108407
   58   -0.406586921121986    0.293011013477410    0.865350577253800
   59   -0.216636035604075   -0.776693686856594   -0.591452233806637
   60   -0.131836765823888    0.981923188083542    0.135815757115844
   61   -0.515768608602421   -0.791225988505913    0.328548592286079
   62   -0.223087563444489   -0.193172901373925   -0.955466466816696
   63   -0.457785258079174    0.617953628967876   -0.639191653520927
   64   -0.210076464965584    0.526336242840354    0.823916281147705
   65   -0.136297149921779    0.273187669503842    0.952256049681103
   66   -0.296321269695984    0.733675719050991    0.611484786728804
   67   -0.326169853855737   -0.426334135755871   -0.843713476913236
   68    0.148104213294540    0.211623619832870    0.966064483113440
   69    0.109954644664897   -0.694217730748278    0.711316890303702
   70   -0.499384081035610    0.382143792642875   -0.777548494534417
   71   -0.258655165217599    0.075608933395117   -0.963006123914645
   72   -0.370889787020068    0.928667013466788   -0.004282987612015
   73   -0.117512081923005   -0.602941135701278   -0.789083580795707
   74   -0.254137146159142    0.342095972998562   -0.904646149718361
   75    0.749430259274360   -0.597704587547973   -0.284786784293220
   76   -0.018952241397294    0.713115736402226    0.700790096278143
   77    0.023066819607541   -0.072831687113221   -0.997077462981405
   78   -0.425456380606312   -0.614451984774069   -0.664406221079081
   79   -0.226878925316904    0.588690202558345   -0.775867126935316
   80    0.104535254949216   -0.729527626276562   -0.675915544259774
   81   -0.114338476347186    0.875620483525518    0.469271223981550
   82   -0.262215039190878   -0.861175824771368    0.435453180091133
   83   -0.165887041114260   -0.714337126560592    0.679855837076885
   84    0.084543255001628    0.950900667258660    0.297725308028666
   85   -0.000219198992118    0.209620088873472   -0.977782885047841
   86    0.003198322087704   -0.882399636757597   -0.470489799874434
   87   -0.018939871866397   -0.373492712945130   -0.927439741778716
   88    0.321905230851834    0.410309841717219    0.853242554107692
   89   -0.057329383076343    0.910022331472396   -0.410576056361829
   90   -0.351213916797901   -0.924502759648193    0.148133156485479
   91    0.011289567196650    0.487069160283345   -0.873290432086250
   92   -0.224238553305305   -0.243761334316400    0.943555765762592
   93    0.055368192779034   -0.255294040244885    0.965276808093837
   94    0.057809627932818    0.485057873665639    0.872569141164892
   95    0.065628520427603   -0.972805491681863   -0.222131431049484
   96   -0.159112590780834   -0.986341594405129   -0.042584534767436
   97    0.184096678111972    0.831067347700845    0.524819470574044
   98    0.246098016213559   -0.248240884286061   -0.936916340867543
   99    0.019011608745449   -0.865737566677254    0.500137005606121
  100    0.252606360982507   -0.062743766553731    0.965532623037578
  101    0.127502349343049   -0.990749610538506    0.046458154610370
  102    0.193952396226792   -0.518913724749976   -0.832532890800113
  103    0.453863158048687   -0.408662756954834   -0.791835200558896
  104    0.314996160494422   -0.776373565849451    0.545913459372436
  105   -0.076219213530749   -0.966976270151256    0.243202640719872
  106    0.383928540827374   -0.295188131402936    0.874907333731411
  107    0.276085903562966   -0.846538714912995   -0.455135999463100
  108    0.269338431412805    0.050710606614648   -0.961709542294795
  109    0.219052065669603   -0.924418333489223    0.312196952635493
  110   -0.014317631956205    0.739707078571686   -0.672776666752131
  111    0.417759917101890    0.907748599960037   -0.038329243843501
  112    0.958568317463993   -0.096782593437812   -0.267917730584782
  113    0.401761736727675   -0.563915151281081    0.721517296436612
  114    0.185299009729340    0.950654403876067   -0.248838263505366
  115    0.265600954648279    0.647659979784738    0.714137720243900
  116    0.396748975120706   -0.914405065342831    0.080334470907841
  117    0.180335729375209   -0.474759144925773    0.861442266794508
  118    0.448712465552496    0.766883497805843    0.458853815556628
  119    0.523727815055040    0.571209460236627    0.632003898938808
  120    0.491988572294319   -0.801997356144590    0.338743982188444
  121    0.346591882977672    0.907369572523585    0.237811954098944
  122    0.651891445762522    0.754495313729887   -0.075989239378274
  123    0.614602887134055   -0.367560256931344    0.697970449697584
  124    0.195131878798417    0.836301174574842   -0.512370857174117
  125    0.674811856066315   -0.281169603184838   -0.682328816009713
  126    0.592043676940351    0.781652111192038    0.196225028128369
  127    0.386703047718457   -0.651181009147150   -0.653011520734019
  128    0.438967070290481    0.843224385989000   -0.310291066700392
  129    0.526737948338942   -0.741413776192995   -0.415755632855318
  130    0.636960949196060   -0.526805522213055   -0.562811416875213
  131    0.696067782012053    0.006204398984217   -0.717949265810660
  132    0.338353480821156   -0.920830554696697   -0.193876278985287
  133    0.565665631505434   -0.104887047371401    0.817937100654609
  134    0.429719516398061    0.129208315189892    0.893670156440510
  135    0.244811930296938    0.334349068798629   -0.910097697490647
  136    0.657618145181272    0.672793386963034   -0.338950488400818
  137    0.488497738020783   -0.123874362596021   -0.863727446733058
  138    0.586199450602647   -0.795082027536526   -0.155610968770080
  139    0.694119702286427    0.601299825756199    0.395773114856689
  140    0.227941634401660    0.619119569126972   -0.751487571707166
  141    0.782550557912835   -0.146310528936606    0.605151099670654
  142    0.424511035500397    0.707777636318709   -0.564660250297009
  143    0.496469141721382    0.174903487911914   -0.850251234185921
  144    0.590646309451707   -0.609804688522369    0.528464926922511
  145    0.637035694270877   -0.764110195555147    0.101592978465530
  146    0.833156790040530   -0.372026604735535   -0.409201623381811
  147    0.834032689261357    0.530758788825372   -0.150614014381444
  148    0.622822308116774    0.529082267703748   -0.576336990408869
  149    0.451647013664724    0.448432101696152   -0.771312923018997
  150    0.869011446830050    0.133923722426469   -0.476322938613899
  151    0.793355124631375   -0.390462573926752    0.467040281542857
  152    0.696564473761525    0.275773073114597   -0.662379910654196
  153    0.813946082080430   -0.580692044102966   -0.016986034894489
  154    0.703020321282867    0.105713927387872    0.703268791728715
  155    0.845895950712320   -0.129447836737598   -0.517400520034970
  156    0.938738639963175    0.342479409813539    0.038439819118440
  157    0.810538499751123    0.416722816638033   -0.411545179189921
  158    0.924154799490014   -0.155410832420210    0.348977620695124
  159    0.798554690802211    0.588184447576863    0.127865012519012
  160    0.923625728490809   -0.355275600140377   -0.143856739900215
  161    0.562944367609463    0.332549917083362    0.756640067419530
  162    0.740709405148390   -0.604633884408278    0.292860791076708
  163    0.749157966168800    0.368188279658037    0.550635752969495
  164    0.939386042072046    0.247550965506198   -0.237218008248037
  165    0.877060633273614    0.368432586064286    0.308256508589308
  166    0.872006335559965    0.110095282551362    0.476952806368950
  167    0.970312188218548    0.100178457080793    0.220132991919533
  168    0.898121958686644   -0.399799719922011    0.183131458999122
  169    0.996347395788981    0.066584967328542   -0.053463155821303
  170    0.982892218767733   -0.173944069112960    0.060550368341306
   
 U =    13226.8451697391     


 http://math-lab.ru/  - см. Задача Томсона
