    259
    1   -0.193002394435168    0.077421627198318    0.978139032747521
    2   -0.993470152982867   -0.014599138327955   -0.113154409071325
    3   -0.939887537789952   -0.076076849930134    0.332901981387688
    4   -0.972121161978253   -0.228183523927515   -0.053969675208143
    5   -0.834024540973607    0.141096283627642   -0.533380636881610
    6   -0.857841253594856   -0.455211676644335    0.238517741640865
    7   -0.951831208675599   -0.253073916819562    0.173121179573022
    8   -0.941302246129115   -0.174824052124468   -0.288767436237303
    9   -0.992930613906543   -0.033497284295632    0.113871541273460
   10   -0.979317062027823    0.185829266505555    0.080034840733280
   11   -0.865082821243994   -0.092529966822135   -0.493021214176861
   12   -0.896973274595755   -0.387611430136819   -0.212594270591328
   13   -0.941082288643900    0.058188999350865   -0.333133856513120
   14   -0.568436585204240   -0.137522964174671    0.811151824830565
   15   -0.895541551830399    0.406315897741340   -0.181418632416435
   16   -0.785781308962786    0.519241391200194   -0.336059685397130
   17   -0.884566363271675    0.284179491148768   -0.369843704527669
   18   -0.793229631609983   -0.596918067943642   -0.120314470028843
   19   -0.734430524696207   -0.003683420596814   -0.678673881040932
   20   -0.738254763812076   -0.436328846081120    0.514389970534316
   21   -0.968543479008401    0.201920409488060   -0.145436162980454
   22   -0.898600003297463   -0.438554899179186    0.013697973563038
   23   -0.834679947014010   -0.330215163162709   -0.440757679536177
   24   -0.867826304333486   -0.301381932602810    0.395027133507913
   25   -0.754408723483025    0.390511572894534   -0.527606092997560
   26   -0.542856049596981   -0.365242626959106    0.756244096088011
   27   -0.690458351144247    0.238927050494619   -0.682774582037958
   28   -0.893195420560924    0.367736595205904    0.258788982059445
   29   -0.857932829070093    0.089079674660663    0.505980308279025
   30   -0.726779761548928   -0.589460501152496    0.352601043367616
   31   -0.916429451977067    0.398211040034452    0.039812399371217
   32   -0.942133915498705    0.149340415246036    0.300135178946456
   33   -0.587981947295134   -0.359312189281083   -0.724687505266275
   34   -0.806235763168777    0.569754069470425    0.159261403075416
   35   -0.707864489285653   -0.264411258607230    0.654992023714871
   36   -0.540327079431338    0.833599148544685   -0.114713149981929
   37   -0.776798700969189   -0.529193626603390   -0.341376454570219
   38   -0.807055378961167    0.585085724533513   -0.079600943693786
   39   -0.724682838579556    0.214403579582742    0.654878529599485
   40   -0.588238681713015   -0.141724509813856   -0.796171725606076
   41   -0.585078424293710    0.481095889693877   -0.652862912368015
   42   -0.643724831818188   -0.728595517922017   -0.234023315429455
   43   -0.836092577743220   -0.134554163192674    0.531831156110862
   44   -0.827354722235541    0.311999024448058    0.467055427479448
   45   -0.619930043273601   -0.648135126230162   -0.442275479303798
   46   -0.679866477905214    0.695811211182179   -0.231577914780205
   47   -0.573388137073511   -0.536648138372248    0.619059625436007
   48   -0.400250363348694   -0.074105079857781   -0.913404665949605
   49   -0.759444526098376    0.524962786069717    0.384263041445743
   50   -0.744507639746103   -0.234068526351749   -0.625236194834566
   51   -0.636736642174147    0.610046620546345   -0.471603190481973
   52   -0.675516958212688   -0.474084853482535   -0.564730370057712
   53   -0.446163363294944    0.688393851185875   -0.571884742673577
   54   -0.354860930122288   -0.468333225384645    0.809158643452296
   55   -0.567738354860412    0.087830234861730   -0.818510238338242
   56   -0.361097845641892    0.932526840649603    0.001427354494955
   57   -0.460022128984610   -0.801633412022167   -0.381789881445495
   58   -0.724080113745590   -0.016103526562267    0.689527856805243
   59   -0.466191646649389   -0.658191302883721   -0.591142586355070
   60   -0.516224612275315    0.845253783944898    0.138051404947691
   61   -0.772407459441794   -0.625648554935453    0.109318810393513
   62   -0.157078637514396    0.215124593989999   -0.963871210638257
   63   -0.385944793650472    0.552624268068092   -0.738683311437520
   64   -0.571842681081385    0.101861268619989    0.814014883186284
   65   -0.392363899844763   -0.024234836886637    0.919490751872843
   66   -0.675706111132123    0.445174189073655    0.587572287264568
   67   -0.409288279222016   -0.299659803660337   -0.861792960380699
   68   -0.388819377272257    0.208357460166779    0.897444516753244
   69   -0.370136749884035   -0.780220996343786    0.504236039221309
   70   -0.514241006945418    0.320604081690186   -0.795467918636167
   71   -0.372854265143100    0.155538072684339   -0.914760955064349
   72   -0.681814996987587    0.730831474070022    0.031838127951490
   73   -0.235152958532024   -0.462249215265870   -0.855002192441472
   74   -0.316455038511880    0.382390389138388   -0.868120843486111
   75    0.166721654996398   -0.972015541141531    0.165498270488243
   76   -0.561037436907048    0.331143797078169    0.758670402774105
   77    0.032879260182856    0.097490094330709   -0.994693237011903
   78   -0.435156760166517   -0.509519141521885   -0.742313167405901
   79   -0.163946561531443    0.595823605350967   -0.786203380982677
   80   -0.256065508280707   -0.656683895457661   -0.709363599936940
   81   -0.653487996172107    0.706744983469161    0.271044216319293
   82   -0.563532189214766   -0.689616878310400    0.454818681309631
   83   -0.380020032006411   -0.637181957836307    0.670510199685088
   84   -0.457706314611766    0.813559602639375    0.358644256217462
   85   -0.100774715133095    0.422618737997903   -0.900687436951856
   86   -0.284633308349842   -0.800762442014889   -0.527032628246274
   87   -0.191303016416523   -0.008557943433092   -0.981493717511292
   88   -0.179270905219365    0.298266693179444    0.937496091875390
   89   -0.513782555941697    0.776873549965299   -0.363998588698269
   90   -0.639412911990647   -0.768770151506147   -0.011982576219506
   91    0.081824614250888    0.544156580769555   -0.834984040630646
   92   -0.375349547221853   -0.252504992439207    0.891826186088761
   93   -0.166559093308275   -0.384473093334862    0.907985962963001
   94   -0.371064683708065    0.427704831449107    0.824244852977393
   95   -0.280578098397897   -0.913263085708369   -0.295341272059712
   96   -0.469472587281734   -0.868899518486298   -0.156872931270103
   97   -0.585615181468701    0.649190414522279    0.485393309518963
   98    0.000107854824507   -0.141199291815551   -0.989981185860683
   99   -0.428941521666975   -0.851198352573225    0.302440962117646
  100   -0.183884806307932   -0.154372450178880    0.970749980496968
  101   -0.460123385266711   -0.884555695545914    0.076470202091967
  102   -0.209578132387735   -0.237862280763680   -0.948418969556582
  103   -0.029382763843440   -0.382401084272467   -0.923529135401890
  104   -0.197760840804305   -0.892379655971056    0.405646643586946
  105   -0.616106347893479   -0.755218139904217    0.223737634842629
  106    0.025659884124737   -0.507787367517104    0.861100203075551
  107   -0.099051039614405   -0.894959797782210   -0.435012473275113
  108    0.087391270029643    0.319172113075637   -0.943658798590592
  109   -0.255336370514353   -0.948382838645105    0.188077987164924
  110   -0.224848024181968    0.737992437681192   -0.636247222349015
  111   -0.183565300080706    0.973828937109357   -0.134018587721037
  112    0.148042846307238   -0.694788094530538   -0.703813057108118
  113   -0.173813352114003   -0.768291399574300    0.616049709006551
  114   -0.362925129478509    0.898993895300079   -0.245143481671854
  115   -0.489939113967501    0.555381400809118    0.671945804540844
  116   -0.278766033391235   -0.958893687176892   -0.053032021643727
  117   -0.166295480794863   -0.600520039446255    0.782126265567570
  118   -0.376283979171567    0.742422064987034    0.554274159995935
  119   -0.274075521473866    0.639129934550936    0.718606662430669
  120   -0.016543735507863   -0.956421403745506    0.291520845348874
  121   -0.301047564789502    0.926535335958714    0.225616122992536
  122    0.100083494316135    0.992795827456693    0.065876696562984
  123    0.025793155093887   -0.711646757826944    0.702063818484261
  124   -0.296433060364571    0.840104668754424   -0.454259382137468
  125    0.174490317830561   -0.276641367338136   -0.944998773999563
  126   -0.125587647781008    0.989160301798638    0.076089684389287
  127   -0.067374914561953   -0.770673056376328   -0.633658946960696
  128   -0.117431614684673    0.932597794187344   -0.341278727947480
  129    0.086080070490157   -0.943106528679766   -0.321154631020652
  130    0.126527758594417   -0.840806803252420   -0.526340807756266
  131    0.150694963387365   -0.509371840900702   -0.847249287817411
  132   -0.092053152072848   -0.978431431280790   -0.184927422183074
  133    0.021907686192632   -0.269353742508581    0.962792093176043
  134    0.025510042413386    0.207899577583773    0.977817469355378
  135    0.280727265082385    0.437292850784179   -0.854381159256459
  136   -0.044563255531709    0.846229593335218   -0.530951590655991
  137    0.212906095135913   -0.027335320738077   -0.976690214394577
  138    0.102005397354940   -0.993096631808015   -0.057913545928712
  139   -0.224443276767940    0.871998531119523    0.435021582498001
  140    0.022636471730817    0.715364410955889   -0.698384814901723
  141    0.208011874029821   -0.131766063832515    0.969210382055768
  142    0.192300475048961    0.807311590340549   -0.557914440929572
  143    0.268167558921941    0.203714833751458   -0.941587184944370
  144    0.015383185416017   -0.860767749209678    0.508765407164207
  145   -0.075477492247395   -0.994822781685117    0.068049843529071
  146    0.267264148237461   -0.944513891848837   -0.190953877078913
  147    0.037154722989219    0.987898681963218   -0.150584596605801
  148    0.410566642041527    0.715177127906141   -0.565647158715279
  149    0.254840750002906    0.645462832482177   -0.720023557963239
  150    0.345232324469280   -0.399559663883747   -0.849215353805291
  151    0.208947962838339   -0.383980265926086    0.899388628016299
  152    0.461583391174906    0.307221763222855   -0.832199231670947
  153    0.207753186984570   -0.900074033367689    0.383021341122105
  154    0.012737382342378   -0.024572470865104    0.999616903001669
  155   -0.051874060105495   -0.598282234484700   -0.799604558383809
  156    0.316271383520911    0.947371110732422    0.049602323689371
  157    0.375519592230121   -0.159871243877958   -0.912921804555153
  158    0.226488292293228    0.102805069689161    0.968573265736931
  159   -0.065519085238601    0.956606942003897    0.283919721011854
  160    0.341978859777707   -0.939373829061463    0.025045333688016
  161    0.041492183787018    0.432165933319517    0.900839055970963
  162    0.222272556262795   -0.780045572116400    0.584913511686986
  163   -0.161700240911842    0.501689450456309    0.849800404442066
  164    0.348786480525759   -0.743687048922085   -0.570331100561782
  165   -0.123323467368582    0.778931128637522    0.614863903018926
  166    0.234085298655708    0.332466317611828    0.913602879049152
  167   -0.014042451312872    0.644273416450351    0.764666315732894
  168    0.383459184310864   -0.483964039799236    0.786598920765119
  169    0.027287768718844    0.879992692349073    0.474202740492478
  170    0.417310545096404   -0.793948779968778    0.442150702518306
  171    0.384568307894567   -0.237866957054535    0.891922937985522
  172    0.210377013365682   -0.611655512776591    0.762639525554073
  173    0.201013003264904    0.568502714493793    0.797745846828182
  174    0.589237000298315   -0.118066584968695    0.799287206824477
  175    0.132538397088845    0.756503553276093    0.640418571855755
  176    0.317962502507067   -0.864107489178031   -0.390151373374338
  177    0.413003019710858   -0.659038909799382    0.628566799218790
  178    0.161255665839893    0.947146831211797    0.277325603506032
  179    0.259969216536281    0.843865245981572    0.469369207637200
  180    0.338869663400542    0.860450361546942   -0.380516131774383
  181    0.453455813194940    0.526293099907487   -0.719300631495262
  182    0.551612693404343   -0.635353782103575   -0.540415588266927
  183    0.116933228335945    0.923087076247828   -0.366383500959269
  184    0.528253284789405   -0.286409320911803   -0.799323569028240
  185    0.252491551996828    0.952869074729569   -0.168191981361322
  186    0.552494198779655   -0.473036614356250   -0.686284577848871
  187    0.628567469058319    0.378502091751331   -0.679440286840195
  188    0.524971064378259   -0.768314420879593   -0.366194391319710
  189    0.434322530612131    0.071837359537144   -0.897888263191699
  190    0.540595943945578    0.750649924370799   -0.379843015509963
  191    0.542036264148513   -0.334972433665873    0.770707569076551
  192    0.456728438406695    0.872206273520215   -0.175086692762645
  193    0.374152495441161    0.888966519220186    0.264099295456651
  194    0.602042209587954    0.580700833533105   -0.548025291212377
  195    0.703917854788630   -0.617966998207069   -0.350166307397953
  196    0.462321698751968    0.752239040001336    0.469462536908924
  197    0.717829614950160    0.602461172880433   -0.348942945296273
  198    0.357588414791651   -0.587930077003834   -0.725581663330228
  199    0.700938942201489   -0.265512431308153   -0.661957512327106
  200    0.393290310301945    0.455843893720749    0.798454179261469
  201    0.562829325288986    0.784005521799596    0.261836766674369
  202    0.583393081292769   -0.071689103998410   -0.809019891639034
  203    0.620782478256174    0.155813462726898   -0.768343204253917
  204    0.585587649833169   -0.508186209324309    0.631532961147283
  205    0.763201275338499    0.412611592557216   -0.497268023312466
  206    0.518207503400494    0.854145597626480    0.043546314134836
  207    0.641452937478234    0.747706795747088   -0.171676080436873
  208    0.696328521474612    0.716290278620881    0.045330198920826
  209    0.344976842707165    0.675801385877644    0.651370451311426
  210    0.803418487981690    0.464489060787214    0.372516637988461
  211    0.835415936015178   -0.241996229297930   -0.493475469357361
  212    0.529933945011982    0.549528325695269    0.645901411348971
  213    0.417713575145102   -0.006444838307811    0.908555905378796
  214    0.750143680967539   -0.456165287175325    0.478745954218649
  215    0.636929615003199    0.614783162708460    0.465147641488227
  216    0.393472129475819   -0.887966601065578    0.238107116058736
  217    0.426289525508087    0.223054742693301    0.876654904853737
  218    0.602781001445771   -0.652373833269356    0.459416418907161
  219    0.584367630304476    0.331484293884487    0.740697398105485
  220    0.712376659949594    0.406278942352588    0.572238512650034
  221    0.801578713124932    0.584961797667124   -0.123657842189750
  222    0.754064563718368    0.179965341171580    0.631663763185149
  223    0.720100466343336   -0.456893933581252   -0.522209969101280
  224    0.606854069714676    0.104919471339672    0.787857882237995
  225    0.912889565629630    0.342287008219111    0.222423571073202
  226    0.591706731208332   -0.762167708483079    0.262647155683061
  227    0.472855714412550   -0.864853597175140   -0.168628967857297
  228    0.755184691937625   -0.590139475820827    0.285362015939390
  229    0.656056959415255   -0.739268186255818   -0.151894090710742
  230    0.806006970790585   -0.576947329787887   -0.132229125715982
  231    0.859713797866820    0.251400769174523    0.444623255145148
  232    0.711456869060879   -0.286361683104454    0.641736791773446
  233    0.856836795018043    0.427855609188333   -0.287698252322269
  234    0.770984343024907    0.195235664719588   -0.606189886118164
  235    0.753929281329699   -0.054224110812117    0.654713971563399
  236    0.549734334254900   -0.833801098904022    0.050674344670319
  237    0.873360563613799   -0.380467071084818    0.304115329676633
  238    0.725197716543151   -0.684838301037280    0.071307596740964
  239    0.745482054619716   -0.037370877905642   -0.665477215030334
  240    0.860993591282266   -0.499871470362663    0.093907129060234
  241    0.882639179051580    0.217733972691002   -0.416581320679826
  242    0.840806942154675   -0.431366815569336   -0.327057114966294
  243    0.723822433071936    0.639770964707680    0.258407039569024
  244    0.951844462922422   -0.284466297557975    0.114328666385927
  245    0.928971294118304   -0.218781051411337   -0.298575260608632
  246    0.869042953146947   -0.012434962435691   -0.494580344630532
  247    0.952172558825669    0.110075121108436    0.285045410298677
  248    0.876122397962033    0.017340215671799    0.481776774772001
  249    0.845241624731090   -0.223379407450403    0.485456729430187
  250    0.841979177226293    0.528512308783614    0.108378063193378
  251    0.916261334767384   -0.385857948862416   -0.107604877723930
  252    0.981215004391944   -0.172441534820375   -0.086492960551194
  253    0.940625856002366   -0.140448314077874    0.309026325889071
  254    0.976770757580876    0.203778013707042    0.066282790107943
  255    0.918010473093534    0.393649731560162   -0.047923482064614
  256    0.992000399321054   -0.043960936712736    0.118332767187318
  257    0.953701564423077    0.007068202111746   -0.300671525981234
  258    0.950359610440390    0.235845710977927   -0.202961600941918
  259    0.994808994013896    0.049139208133152   -0.089108942610195
   
 U =    31239.7820543320     


 http://math-lab.ru/  - см. Задача Томсона
