     75
    1   -0.315765868226639    0.036647861230124    0.948129131885702
    2   -0.936936408956767   -0.012015844387510   -0.349293265115222
    3   -0.896622594662612    0.094381410541737    0.432620008881509
    4   -0.801905407203484   -0.365613501541589    0.472519296313191
    5   -0.342276896609168    0.214269769402157   -0.914841511939605
    6   -0.668055407640340   -0.068446614266827    0.740956836339275
    7   -0.970452557443974   -0.208752164389185    0.121013914957251
    8   -0.882976361927945   -0.411784580566725   -0.225357945242622
    9   -0.981921954822099    0.188418621269649    0.018102425174310
   10   -0.781876011193572    0.487835322057145    0.388183721546165
   11   -0.732280201264176   -0.327827877664915   -0.596904171087969
   12   -0.771677318698266   -0.624171663391283    0.122163212244986
   13   -0.821689745456258    0.387881178509229   -0.417581313722635
   14    0.283528976511552   -0.228493938941074    0.931344103618799
   15   -0.234322995451679    0.827877093515807   -0.509619712956998
   16   -0.095291620211157    0.545994592878423   -0.832351735545171
   17   -0.583175274455474    0.756059229734272   -0.297121255378007
   18   -0.452245810003006   -0.889894650084784    0.059676118214950
   19   -0.697250964486360    0.098969814172189   -0.709962018988032
   20   -0.463026317616876   -0.422481408482537    0.779176545258369
   21   -0.834118195953426    0.550811106496247   -0.029222596390154
   22   -0.527205484686282   -0.704806021943515    0.474660771866457
   23   -0.617835378946356   -0.721471243547581   -0.312663859849712
   24   -0.584391252862047    0.332560813252139    0.740196034214858
   25   -0.513876158217330    0.527585472218212   -0.676450192933732
   26   -0.120261493712342   -0.691648568276465    0.712151269837520
   27   -0.060006451195972   -0.088283572521105   -0.994286295107086
   28   -0.569034399629010    0.806546018398661    0.160260326482003
   29   -0.179822065946916    0.455635430772794    0.871814417650381
   30   -0.177551673705724   -0.914205102185892    0.364286198340781
   31   -0.243066293158323    0.964889952827421   -0.099529674283454
   32   -0.434299964148202    0.686091377269763    0.583662713540064
   33    0.265544927802014   -0.905423491666832   -0.331201135348997
   34    0.169791776656312    0.962709390032642    0.210621420854746
   35   -0.098844017167570   -0.324001581011093    0.940878757211836
   36    0.163116126564020    0.784160225946165   -0.598736894886903
   37   -0.237341642603033   -0.927766961280009   -0.287953833528488
   38    0.150418640435189    0.963268003248460   -0.222461202296838
   39    0.009669898920496    0.763044522868549    0.646273586939135
   40   -0.436537803909972   -0.228540880470371   -0.870174586914193
   41    0.160629139456901    0.236425068589316   -0.958280473817490
   42    0.045066942395453   -0.998856579100496    0.015953215687729
   43    0.090805446950843    0.142206577306028    0.985663056107391
   44   -0.206310477144350    0.923903863036080    0.322238481388364
   45    0.474868358611474   -0.879010562030536    0.042900743914371
   46    0.511532285702138    0.859225039948796    0.008188492494734
   47    0.228242774790586   -0.882698328192055    0.410790575796044
   48   -0.053778963009496   -0.484369553541456   -0.873209000606197
   49    0.404899146472297    0.766110869160359    0.499130060545710
   50   -0.421121462440965   -0.621291118624030   -0.660798047659407
   51    0.408850448398611    0.499257032981252   -0.763926518627945
   52   -0.038372840924970   -0.797344934448938   -0.602302731678983
   53    0.532018862257738    0.748144659211386   -0.396529316817131
   54    0.282579375070148   -0.608965873845118    0.741154141374800
   55    0.324240290640669   -0.251150448393587   -0.912026143373618
   56    0.822600613148257    0.551985267721305   -0.136530199834145
   57    0.591289681153369   -0.683006501058990    0.428810718700808
   58    0.522341149618654    0.106974100064127    0.846000156814722
   59    0.631694090801582   -0.689419176487621   -0.354490866931003
   60    0.667849945106861    0.419187975186296    0.615026741109666
   61    0.797926342150981   -0.601919376910423    0.031727215467555
   62    0.340356556814234   -0.637536465934130   -0.691161825362034
   63    0.547338481525571    0.086252715186457   -0.832454837071806
   64    0.284361784617304    0.486280080144246    0.826238500134294
   65    0.622814291768781   -0.322162662638716    0.712961132720491
   66    0.730220242284365    0.628305117360233    0.268348797756032
   67    0.654891651673265   -0.369085718907991   -0.659463916121901
   68    0.839221554456458    0.028716378000358    0.543030894305496
   69    0.855248552705965   -0.360513995636892    0.372262772842351
   70    0.835260257796803   -0.018087986503856   -0.549557209478189
   71    0.746158020055912    0.394430601412598   -0.536351293254278
   72    0.936987357661721    0.269144574160918    0.222746245269914
   73    0.898081415102444   -0.337920288112722   -0.281530905460496
   74    0.965326779111136    0.162617012110886   -0.204205575102760
   75    0.987759458175715   -0.135847645242587    0.076659442122042
   
 U =    2454.36968911960     


 http://math-lab.ru/  - см. Задача Томсона
