     14
    1   -0.538902356421049   -0.109246813239789    0.835254083522369
    2   -0.991194264267866    0.122635430031456   -0.049944787350464
    3   -0.529414762744145    0.779831825508129    0.334039418202733
    4   -0.590653788665768   -0.770087662107489    0.241025091234496
    5   -0.619106105844760   -0.365059330268267   -0.695298004520235
    6    0.345532871327198   -0.642094449859745    0.684340377510850
    7   -0.345640829790489    0.641987753713982   -0.684385958990260
    8    0.105645690872775   -0.953372442340726   -0.282701210088129
    9    0.304132702653721    0.949920499042028    0.071793764884482
   10    0.209120504268608    0.368614744265123    0.905754815060235
   11    0.214866566600014   -0.195007719562795   -0.956976670493299
   12    0.853627154454453   -0.475896408679424   -0.211762341751362
   13    0.676678797549671    0.462147244404572   -0.573171640467314
   14    0.905324699103654    0.185524178436046    0.382057545938446
   
 U =    69.3063635418773     


 http://math-lab.ru/  - см. Задача Томсона
