     35
    1   -0.298407461814106    0.026570801045784    0.954068644944088
    2   -0.835604332996729    0.053811371865758   -0.546689797723551
    3   -0.745276084319898    0.406379854302402    0.528600957394099
    4   -0.996863824032986   -0.059705533686497    0.051940019075306
    5   -0.479255548211456   -0.341672274450556   -0.808439346135702
    6   -0.755584883744138   -0.159083954642294    0.635439831008983
    7   -0.851879045469678    0.512379388855632   -0.108487113361906
    8   -0.756957640374119   -0.568989580858749   -0.321350256812457
    9   -0.483907370266758    0.849438473513664    0.210446992652039
   10   -0.194058120476656    0.628501874851776    0.753211019027782
   11   -0.203104176418006   -0.832946439332231   -0.514731894023793
   12   -0.745070225975522   -0.612460229160480    0.264126534186697
   13   -0.521156867913123    0.586076911894739   -0.620410648176601
   14    0.244269353534723   -0.358038185317467    0.901188737600678
   15    0.175471349007887    0.657311559149588   -0.732906078488704
   16    0.101010073596921   -0.360859644980157   -0.927133907079630
   17   -0.174971934621026    0.935607704245072   -0.306631775672779
   18   -0.305594872000558   -0.946732945041115    0.101530808037463
   19   -0.221978455977716    0.204984586140881   -0.953261183792984
   20   -0.307329070838616   -0.610525480043394    0.729936627684388
   21    0.105641624846599    0.957174483184322    0.269549356965652
   22    0.206998870533516   -0.843727211071173    0.495253330020010
   23    0.431209104648146   -0.681475086969351   -0.591312450324412
   24    0.269965312835614    0.233277871219094    0.934184224157664
   25    0.426907583064914    0.132227722500929   -0.894575734593719
   26    0.708617006083264   -0.489859428427607    0.507838241047452
   27    0.808627110134109   -0.208746227812776   -0.550042915716670
   28    0.461059482362588    0.861639018658472   -0.212137585658003
   29    0.782718854608696    0.082959311432075    0.616821649495839
   30    0.270884078065484   -0.959130201905664   -0.081798973361610
   31    0.784807456587544    0.403414432258015   -0.470461530765835
   32    0.479356201021437    0.659062421884272    0.579529426864878
   33    0.778814230155423   -0.624802768097101   -0.055406641168879
   34    0.842812561667182    0.521473922959455    0.133161306576944
   35    0.998163347481709   -0.053333015882226    0.028731884049188
   
 U =    498.569872978539     


 http://math-lab.ru/  - см. Задача Томсона
