    242
    1   -0.081162097492092    0.015985107464202    0.996572722017838
    2   -0.998250804880262    0.037873797040906   -0.045397203147470
    3   -0.914486799533880   -0.044344251290049    0.402178419182091
    4   -0.981678994943712   -0.189887935913280    0.015777283698332
    5   -0.835129548513960    0.197681758267015   -0.513303574551483
    6   -0.831084638138392   -0.452479181715375    0.323358801278955
    7   -0.937578850187220   -0.237892824608676    0.253678741090610
    8   -0.966527243601984   -0.114622115703048   -0.229536180082594
    9   -0.982539582721406   -0.003883125983375    0.186013143939463
   10   -0.961848636828103    0.226080562058778    0.154060959659180
   11   -0.890667681439522   -0.025417837312416   -0.453943845409877
   12   -0.925569651913132   -0.341679614973536   -0.163021042104813
   13   -0.951783738877777    0.121033553134608   -0.281884007037382
   14   -0.512915761761114   -0.153380993672537    0.844625178476844
   15   -0.876578753437801    0.462477568662318   -0.133132218135290
   16   -0.765526127026465    0.567756780698316   -0.302691240063112
   17   -0.881201086885801    0.337889729902131   -0.330628454459001
   18   -0.831036565379634   -0.548162807779479   -0.094317353489901
   19   -0.740904422702155    0.048411382269020   -0.669863399871339
   20   -0.695124156668581   -0.446459340538510    0.563450498324132
   21   -0.962290024086861    0.259378990826907   -0.081978342630989
   22   -0.909403913820378   -0.407144650112893    0.084957374092120
   23   -0.879535766107447   -0.268159751172644   -0.393074018460661
   24   -0.835070313131536   -0.279463211660317    0.473875390218672
   25   -0.746523544139881    0.431175043259887   -0.506745182626008
   26   -0.521109372190983   -0.412742819076758    0.747053135670609
   27   -0.673099660612123    0.277870420849232   -0.685364775941188
   28   -0.853269581642678    0.407776678724284    0.325037230685842
   29   -0.799619095222825    0.139948226983705    0.583972427704552
   30   -0.677528730221788   -0.615271573349788    0.402983511761620
   31   -0.889981941876218    0.445094365740883    0.099111799095549
   32   -0.906425597546791    0.187316142578697    0.378556863418669
   33   -0.635301098398622   -0.311255227343062   -0.706762122517275
   34   -0.759975539642131    0.614628564093675    0.211350200723346
   35   -0.673021953307745   -0.248735307376050    0.696543033293974
   36   -0.480721926511916    0.872095144917876   -0.091413825985682
   37   -0.806542856446129   -0.495104347006194   -0.323048458116254
   38   -0.770008534521316    0.637227378616152   -0.032064383766468
   39   -0.631722239715515    0.246935439529073    0.734812833688550
   40   -0.601291602252985   -0.104538220174241   -0.792161706713244
   41   -0.572775605423936    0.497903000310687   -0.651168724765602
   42   -0.676421483030785   -0.684886238486313   -0.270896322652233
   43   -0.798187027385058   -0.087493664432347    0.596022086837731
   44   -0.760614135255467    0.357769358133420    0.541726151879692
   45   -0.621387618925103   -0.613518118620594   -0.487311958780859
   46   -0.641069844806204    0.740923569868484   -0.200154234762823
   47   -0.520427447054443   -0.611832893327122    0.595664152854070
   48   -0.397118390185138   -0.090638019022440   -0.913280752936605
   49   -0.700230609072691    0.560141257376508    0.442627231315871
   50   -0.783747116754680   -0.171163920956787   -0.597028784181655
   51   -0.614904863651815    0.645082369435546   -0.453608581599561
   52   -0.739395445178773   -0.415785482655135   -0.529543962350739
   53   -0.428240239740067    0.691711249706473   -0.581503090358838
   54   -0.343280842091349   -0.561871302323529    0.752634641162839
   55   -0.548791946976966    0.114713387951245   -0.828050866528124
   56   -0.293895615026700    0.955460254699330    0.026852730921982
   57   -0.471032161798481   -0.782929055147302   -0.406387496310606
   58   -0.656041391423941    0.012038120210770    0.754628899791368
   59   -0.401119898829348   -0.684114277252666   -0.609171964573384
   60   -0.446058602902805    0.876260564231117    0.182206329060662
   61   -0.784074974868667   -0.601874550272337    0.151569982249690
   62   -0.094531608455966    0.186147019016266   -0.977963732616954
   63   -0.365569265372306    0.538740369048531   -0.759024325679095
   64   -0.472662649032819    0.097279871919970    0.875857663509609
   65   -0.310121645935965   -0.069233662610134    0.948172592244447
   66   -0.583646054547077    0.466339290425699    0.664744273549525
   67   -0.442562971785609   -0.315769254469993   -0.839301968266342
   68   -0.258298726653076    0.171350524056148    0.950747477364564
   69   -0.236223271627564   -0.887930219895918    0.394687839358089
   70   -0.472726160569811    0.333121901156731   -0.815818470054859
   71   -0.334055816996213    0.136815836699592   -0.932570714723116
   72   -0.624259173510242    0.777848588845378    0.072471077814277
   73   -0.313990799127148   -0.513030240983440   -0.798880310121590
   74   -0.250615630619499    0.354259045643281   -0.900939695134531
   75    0.442136679401936   -0.874120386315381    0.201068910961587
   76   -0.432890680920242    0.329535990550654    0.839054044328617
   77    0.062998242284872    0.007651270629727   -0.997984308256782
   78   -0.525661188023711   -0.508485219034774   -0.681999338290484
   79   -0.139211597692177    0.549814693287934   -0.823604233908912
   80   -0.189534648623165   -0.689046349624234   -0.699493920660367
   81   -0.589786091391769    0.740688372946773    0.321765598817341
   82   -0.479248665977434   -0.772808944221415    0.416037320309406
   83   -0.315898530830384   -0.751906537080164    0.578657651565518
   84   -0.382875359413860    0.826519525092002    0.412640198957154
   85    0.001456086913395    0.402390813955197   -0.915466827719811
   86   -0.248158921066496   -0.834588874878210   -0.491811508430451
   87   -0.173147968960576   -0.048063382088649   -0.983722365379088
   88   -0.019927703324739    0.250953416737777    0.967794022128591
   89   -0.473049819626023    0.808689643956966   -0.349635421415712
   90   -0.691827461419258   -0.721138324077588   -0.036527813687006
   91    0.218967409218904    0.438955147263191   -0.871419332119222
   92   -0.352746430718753   -0.313734357493049    0.881555845391319
   93   -0.173183827578595   -0.454042723887290    0.873986594147895
   94   -0.207029358011364    0.392421273211061    0.896183234195336
   95   -0.297865250274539   -0.916191149683575   -0.268085937565505
   96   -0.510114168880480   -0.839342855450754   -0.187848624459035
   97   -0.515670903758795    0.659344432606995    0.547127442381341
   98   -0.012049196633980   -0.232847552615536   -0.972438601712946
   99   -0.391752252189386   -0.891560626511433    0.227265972285963
  100   -0.134697815396408   -0.226053214607104    0.964757193646790
  101   -0.521324575475550   -0.852301248559091    0.042464911513540
  102   -0.233281036267001   -0.286398039314406   -0.929277203634662
  103   -0.099474978373228   -0.475567804823820   -0.874036607753187
  104   -0.004544431650023   -0.944410900893496    0.328736061931930
  105   -0.619894743854918   -0.751937841082988    0.224321175301174
  106    0.019299295174754   -0.568813100814074    0.822240350231023
  107   -0.076175865946232   -0.936465736885705   -0.342387442945058
  108    0.157527009944221    0.222923271558991   -0.962024145297544
  109   -0.176426576495914   -0.971377201691648    0.159059721927439
  110   -0.200969422341643    0.712857102087241   -0.671897345795805
  111   -0.113298246674037    0.988594161250729   -0.099222435172480
  112    0.186416112575335   -0.761456186808685   -0.620832915157595
  113   -0.066036580216673   -0.837156434040604    0.542962498721326
  114   -0.298517307068331    0.924587559086735   -0.236696563056385
  115   -0.378009354396142    0.539975559386546    0.752020826343393
  116   -0.324588928309241   -0.945426909108141   -0.028460273246864
  117   -0.144429088468171   -0.684648884351153    0.714420144985410
  118   -0.307562625231578    0.722676147170244    0.618986605567383
  119   -0.148549623591540    0.589194690557616    0.794218248310580
  120    0.224775868396886   -0.938620591691715    0.261662366110834
  121   -0.220124650611977    0.941377567342158    0.255643137787650
  122    0.158368009277508    0.987378910097789    0.001568926888552
  123    0.105438479137404   -0.731936025496690    0.673165939198724
  124   -0.271414188656382    0.835631230347904   -0.477550819351455
  125    0.120613398683405   -0.411546299460866   -0.903372598354691
  126   -0.035202730381729    0.991338309859362    0.126527163798354
  127   -0.029460342473775   -0.821923967595891   -0.568834843968578
  128   -0.094626526000739    0.924885243571507   -0.368284002911755
  129    0.102693960698405   -0.980404653045795   -0.168109091729833
  130    0.141967102454140   -0.901804019373472   -0.408160326909202
  131    0.233616712314419   -0.576143618574918   -0.783250766040354
  132   -0.113795051298756   -0.988477982958321   -0.099809636341205
  133    0.061566125140154   -0.367056652303781    0.928158944488910
  134    0.158151188808686    0.090419001609195    0.983266294360991
  135    0.395893698964527    0.275233260025136   -0.876079238251952
  136   -0.021171812341397    0.814988807748065   -0.579089800987349
  137    0.217343377164594   -0.160136532475529   -0.962869745796078
  138    0.261542183394631   -0.964904856362862    0.023543671602668
  139   -0.150718127699250    0.872936021986639    0.463968476839726
  140    0.051033629693039    0.648198552537410   -0.759759307365669
  141    0.288300338428048   -0.329725803685931    0.898979315249211
  142    0.214800609779191    0.772503964270601   -0.597577043756446
  143    0.321334114553962    0.057115057462321   -0.945241903977440
  144    0.172485236771006   -0.859021498539942    0.482007166069388
  145    0.043964583963093   -0.995139312925213    0.088118461332953
  146    0.316077723277013   -0.921542271887491   -0.225509897726156
  147    0.074518348241895    0.974146832923800   -0.213272041486523
  148    0.447461922143680    0.675034899874110   -0.586605243910616
  149    0.275907408080471    0.609738878451033   -0.743030014381379
  150    0.340889951770775   -0.329059951270543   -0.880632493865373
  151    0.241909816055349   -0.544295936699392    0.803256854429888
  152    0.550771294697173    0.097864319688508   -0.828899002212879
  153    0.395065397912945   -0.814416790149868    0.425027791201791
  154    0.097258673650887   -0.144526503346929    0.984709520736943
  155    0.019810033329825   -0.645351728316497   -0.763628646226935
  156    0.391652360348708    0.919828800005215    0.022878096823186
  157    0.462855688254836   -0.117719661837288   -0.878582206208990
  158    0.319651585346599   -0.099013371716332    0.942347715127898
  159    0.041274703000970    0.938442567409981    0.342960561238672
  160    0.466036223766531   -0.884033614793834   -0.035983413567625
  161    0.220796916205362    0.319284712298981    0.921577991429027
  162    0.329804713680819   -0.702478713857854    0.630676230256483
  163    0.039758904623527    0.467530921191499    0.883082140705476
  164    0.410006811781747   -0.669098754746310   -0.619839713707911
  165   -0.083389789181569    0.756185365924447    0.649022214890957
  166    0.383390127864665    0.143406096469478    0.912385171597666
  167    0.100862759198999    0.658852428095949    0.745479833260992
  168    0.498309424736106   -0.281843029509241    0.819909887692681
  169    0.106999369681205    0.831595183285427    0.544977601396885
  170    0.602881664332407   -0.719457996819708    0.344838932871507
  171    0.521971519598644   -0.049882723807170    0.851503051429330
  172    0.450490979253290   -0.498470999616782    0.740664931093985
  173    0.278542229257271    0.528520654674128    0.801922779389151
  174    0.698005227958551    0.005073942079084    0.716074686645401
  175    0.305875017082815    0.715319869713044    0.628297666650371
  176    0.356074161376688   -0.818893865443978   -0.450137788613785
  177    0.537779270921232   -0.637796586100167    0.551370084903417
  178    0.234088538822012    0.948193853413960    0.214781219710104
  179    0.297314876825514    0.856865134384359    0.421172180342795
  180    0.381949286699327    0.827952104587784   -0.410621547046102
  181    0.459558522463347    0.472119910484363   -0.752269070582821
  182    0.583985340383412   -0.668225941670387   -0.460906946244027
  183    0.149854501556813    0.896256649547181   -0.417453765710194
  184    0.576168838937762   -0.290357906727212   -0.764016855205501
  185    0.301439895836944    0.931124404231587   -0.205283543037878
  186    0.621600027575856   -0.490300415967072   -0.610916449132131
  187    0.612194956781335    0.304142339278648   -0.729873120720041
  188    0.518321997136291   -0.806970530145008   -0.283091629622161
  189    0.677482736427775   -0.082641099070605   -0.730881379285816
  190    0.587376011972226    0.707967810824607   -0.392136455071212
  191    0.685025650132726   -0.221770113186062    0.693943712096073
  192    0.508894797993627    0.839859875895801   -0.188842456654524
  193    0.462370865064985    0.851532251928622    0.247196292578240
  194    0.624713193518996    0.522657790473271   -0.580139862361565
  195    0.727048138846840   -0.629168045996176   -0.274861007959842
  196    0.494647156278672    0.730820811616340    0.470345758026855
  197    0.749776492889780    0.544840541919027   -0.375478354357856
  198    0.442595667683896   -0.484833606588558   -0.754351011711244
  199    0.751787951261201   -0.281979174599761   -0.596072664555693
  200    0.443370510486499    0.371922757215825    0.815534213320275
  201    0.647563057328098    0.709228943656449    0.278668965376205
  202    0.841311186582859   -0.075997099331612   -0.535182144903698
  203    0.747357453022317    0.123265085605675   -0.652887858734271
  204    0.642908704442670   -0.436840319233800    0.629157319947530
  205    0.766057223846288    0.339991141787544   -0.545492761912494
  206    0.595483341427036    0.802045810854160    0.046066336669909
  207    0.688597202355983    0.705463085404889   -0.167796686613673
  208    0.831318066039071    0.536240569230736   -0.146138034023163
  209    0.485676280035290    0.567960651074414    0.664484198338990
  210    0.763094404572750    0.642571106939372    0.069204784780172
  211    0.883423187968241   -0.272449046392144   -0.381228262436091
  212    0.644277157279745    0.391465105156412    0.657009905596871
  213    0.585269738382247    0.194869130306285    0.787073919900569
  214    0.809524481337526   -0.310828781323955    0.498051787283084
  215    0.662711739630217    0.566854554435112    0.489376199127483
  216    0.639921634076105   -0.758072898528518    0.125800567399113
  217    0.773180970874760    0.190903666017568    0.604770184928305
  218    0.733586046011666   -0.529766384247228    0.425674865617632
  219    0.806275620964671    0.367599983566650    0.463454285900814
  220    0.798779503747833    0.526743337159338    0.290676385608825
  221    0.934338568645884    0.338252675608901   -0.112234426911622
  222    0.918710918644150    0.289085354552225    0.269072305797972
  223    0.769053966119583   -0.469240070876227   -0.434015844272778
  224    0.900493524367323    0.113473263393282    0.419803800682409
  225    0.891619243846432    0.443275872462576    0.092312647536830
  226    0.785842808386486   -0.583745399682797    0.204187141750924
  227    0.647225228183125   -0.755656500975249   -0.100412930129265
  228    0.882715763816137   -0.379028870432407    0.277758880486704
  229    0.872181665787922   -0.444165343697573   -0.204978753341469
  230    0.961693350070997   -0.238603909034601   -0.134959531055169
  231    0.979475359119122    0.193617364506096    0.056038710193765
  232    0.834574898035446   -0.072084969542348    0.546157941199433
  233    0.873790683478602    0.349930060758502   -0.337696304456457
  234    0.883293079507743    0.137472259979713   -0.448212799270390
  235    0.976965206736055    0.029840587377816    0.211301973895476
  236    0.801176038930738   -0.597710036257252   -0.029320081865647
  237    0.925159854441681   -0.151820234715595    0.347893460789865
  238    0.911898847629912   -0.408243973689743    0.042158624707733
  239    0.949168248042960   -0.067298661907129   -0.307490694188568
  240    0.973613494561147   -0.196597621654923    0.115871214579197
  241    0.966368475286926    0.138691902355072   -0.216556057852818
  242    0.998682658573482   -0.022804966043078   -0.045966085197422
   
 U =    27204.1003546528     


 http://math-lab.ru/  - см. Задача Томсона
