     81
    1   -0.506615704483659   -0.053965676854643    0.860481396482310
    2   -0.966331174454912    0.163072807987389   -0.199025929395388
    3   -0.799514813222465    0.100044441962747    0.592256002983684
    4   -0.544659517145361   -0.657193722976956    0.521001363590030
    5   -0.509298010546598    0.203606340032055   -0.836157876690777
    6   -0.695237029538305   -0.320364358070993    0.643437759877763
    7   -0.910135742542204   -0.237756361250129    0.339300519941024
    8   -0.979866885605399   -0.196812947412380   -0.033549220927272
    9   -0.960377991891601    0.171318520210470    0.219827380740323
   10   -0.761813133274869    0.492493392332184    0.420821825098301
   11   -0.870053953422912   -0.223404866537970   -0.439427336132281
   12   -0.772231870680176   -0.602858910742816    0.200546931274907
   13   -0.785443299490467    0.467262073627015   -0.405887888258951
   14    0.322913067321338   -0.178104677227488    0.929519163278960
   15   -0.247474501017589    0.852614835456300   -0.460222026532762
   16   -0.097828936288748    0.650257054941619   -0.753389183439253
   17   -0.599374188160107    0.763006429504696   -0.242016055463081
   18   -0.426811684559399   -0.878686469496169    0.213873500574348
   19   -0.795760591231851    0.124574123524102   -0.592660416419501
   20   -0.329276254135739   -0.454154168979417    0.827841252451791
   21   -0.852970222703143    0.521786921858525    0.013424133460130
   22   -0.173811634555945   -0.780503759880108    0.600502619899369
   23   -0.824408437030588   -0.536685017767365   -0.179777419763512
   24   -0.540484633031206    0.384241705417831    0.748488258608456
   25   -0.493548420785806    0.566992438273840   -0.659491873551238
   26    0.087918813810415   -0.518475989588749    0.850560362583478
   27   -0.239813941408516   -0.102121678484937   -0.965432771501741
   28   -0.581866934984820    0.790419199392665    0.191489840991187
   29   -0.126210134724994    0.555286543600287    0.822026676202875
   30   -0.020498360942637   -0.964130653294269    0.264635410663486
   31   -0.292791398858819    0.953816731619664   -0.067132996631150
   32   -0.407624853173911    0.724736788116147    0.555516486727477
   33    0.057406013543821   -0.897749724589604   -0.436749334983235
   34    0.231372123463639    0.962603441788731    0.140931026890519
   35   -0.086701865712646   -0.165788174417156    0.982342642719623
   36    0.225342245721907    0.800138705692098   -0.555876716499605
   37   -0.553495228655132   -0.814706836473733   -0.172904026728601
   38    0.075777108621563    0.972610389182010   -0.219742714701024
   39    0.034042230057188    0.816607638204078    0.576188416925827
   40   -0.592594751975471   -0.215141321717709   -0.776238153932598
   41   -0.151238935818648    0.315214447235993   -0.936892009009656
   42   -0.186236816850518   -0.975518183711673   -0.116962050671422
   43   -0.230229528567299    0.208279801315432    0.950586076344317
   44   -0.162649062290000    0.945575565104927    0.281837068556784
   45    0.243897807646634   -0.965676385011898   -0.089347517343893
   46    0.470777183637221    0.853953182676248   -0.221659209517025
   47    0.231296904284076   -0.780373052889104    0.580964405444208
   48   -0.286080437291710   -0.503813028919108   -0.815064669391539
   49    0.407630219418634    0.792454784569614    0.453710280497857
   50   -0.626721974828525   -0.555357332497779   -0.546624001950139
   51    0.264093293607046    0.477448294052329   -0.838032134693117
   52   -0.311947598817282   -0.795348750085307   -0.519720175988841
   53    0.578523585724362    0.583852676549150   -0.569584508959839
   54    0.501681471110537   -0.510700206355238    0.698212718856571
   55    0.090601970032960   -0.330738568141324   -0.939363232498469
   56    0.781280862153526    0.584303102560240   -0.219522433411987
   57    0.684298046575830   -0.637055331269453    0.354819233348010
   58    0.169371314942778    0.203957712210838    0.964217096562945
   59    0.449235148178440   -0.788560441928458   -0.419952629550869
   60    0.670654774531302    0.509596725264042    0.539011457205256
   61    0.400574857907194   -0.881084802249467    0.251454477903356
   62    0.097237232142109   -0.666000658515182   -0.739586400322968
   63    0.166463686498209    0.090031751510435   -0.981928777863949
   64    0.297740438513334    0.548427701690065    0.781394706465843
   65    0.668533626498262   -0.149449617030563    0.728510536787561
   66    0.640723782081278    0.755681492469594    0.135714837119566
   67    0.482832698777039   -0.518215623146294   -0.705921492036316
   68    0.547819719804210    0.218780786180217    0.807482830896114
   69    0.858448035262458   -0.296404060098342    0.418582851907773
   70    0.455341552686047   -0.168418812010132   -0.874242056960517
   71    0.561372405649068    0.213547961204591   -0.799536297137998
   72    0.881634276888545    0.428975949130597    0.196724774450794
   73    0.767776385019707   -0.510471305592852   -0.387218889999442
   74    0.827350202335920    0.235944182980737   -0.509727363609474
   75    0.648952115723092   -0.758194136180473   -0.063267711828934
   76    0.856707970124149    0.141515825916516    0.496008795225373
   77    0.764770299493470   -0.162842926432038   -0.623384769082240
   78    0.896692268967825   -0.442128242949060    0.021577570764822
   79    0.961663407759679    0.234908055677835   -0.141498040812233
   80    0.951358822892861   -0.151966467195371   -0.267997356240820
   81    0.988548267764449   -0.033325603463091    0.147179232413162
   
 U =    2878.58533621328     


 http://math-lab.ru/  - см. Задача Томсона
