    271
    1    0.001828000834529   -0.000061209804954    0.999998327331755
    2   -0.991425844692210   -0.053703246424816   -0.119124958760846
    3   -0.947182804937836   -0.072604441677240    0.312367298350562
    4   -0.961939432292946   -0.271003491488130   -0.035066168897793
    5   -0.867848847166821    0.048357364998740   -0.494469355695172
    6   -0.831976145085206   -0.464654896792806    0.303169129192976
    7   -0.943848622502877   -0.278931171496433    0.177051346696515
    8   -0.932319932970968   -0.262910539630833   -0.248309465659355
    9   -0.993292677187043   -0.064113613515814    0.096224227762767
   10   -0.988965636687970    0.147764282526582   -0.010615378455963
   11   -0.863246203735370   -0.212799694883071   -0.457736039212715
   12   -0.875185212965521   -0.461958639026399   -0.143683885092838
   13   -0.943697920660150   -0.047663735881475   -0.327356690512856
   14   -0.577201814027931   -0.069735249461013    0.813618498355019
   15   -0.892378439076971    0.354376570802997   -0.279424350292627
   16   -0.770635278276528    0.493727740563247   -0.402931986908423
   17   -0.847432007730526    0.259278764244698   -0.463285564944076
   18   -0.766613184677267   -0.641501539597838   -0.027928476016105
   19   -0.773353014429084   -0.108138033625114   -0.624684945198092
   20   -0.761621700534858   -0.370351571784078    0.531763197815958
   21   -0.956855145980661    0.153674042385404   -0.246601943032199
   22   -0.876946465432995   -0.474000681968089    0.079298488373763
   23   -0.824926922342779   -0.426154713770745   -0.371332375002563
   24   -0.882537539886332   -0.269660165168236    0.385241334766689
   25   -0.706696756878770    0.394813573754364   -0.587113222297315
   26   -0.516513152172530   -0.295941129777474    0.803512919210904
   27   -0.746768896507048    0.158485266533117   -0.645924636085025
   28   -0.929556391317570    0.337176373517731    0.149120784943243
   29   -0.887278846853807    0.081190187393531    0.454031277993909
   30   -0.692827550679808   -0.567150996047593    0.445342264669816
   31   -0.934032009440063    0.350384199665699   -0.069391051051166
   32   -0.966094834975582    0.132894717326057    0.221358903006702
   33   -0.567979093540470   -0.454323348105054   -0.686287144472021
   34   -0.844907814871180    0.532666470774941    0.048961365195182
   35   -0.692594540926938   -0.220085232174672    0.686931796073544
   36   -0.547100796524464    0.816246230454869   -0.185533850578578
   37   -0.749548685484493   -0.610158562709651   -0.256677417083314
   38   -0.822565291152534    0.541034407249163   -0.175123133719374
   39   -0.782983604567364    0.219750730367889    0.581933236274984
   40   -0.623143514275596   -0.238024111442965   -0.745007840890313
   41   -0.529071465857207    0.515575215032841   -0.673992271216477
   42   -0.619562001966982   -0.772963072732878   -0.136641918568249
   43   -0.834827170880932   -0.123827168212788    0.536405096145946
   44   -0.882070516793114    0.290747820302838    0.370698406246208
   45   -0.592255328927885   -0.720715825597977   -0.360280896092410
   46   -0.676191232941913    0.675000807090568   -0.295193710840148
   47   -0.605883417205287   -0.450215965683770    0.655904618827367
   48   -0.478113319234761   -0.113673110009009   -0.870911062067304
   49   -0.823080638147043    0.497298108234675    0.274286081771698
   50   -0.736017505188380   -0.349004570342135   -0.580063825743836
   51   -0.607691558890320    0.615418229775812   -0.501967500654234
   52   -0.678890601568807   -0.550321798261807   -0.486059121362241
   53   -0.400192828254343    0.693665462185661   -0.598893919475347
   54   -0.314379778477723   -0.355369781262219    0.880271363529418
   55   -0.648710508702032   -0.000561283501028   -0.761035058890445
   56   -0.395110041460627    0.916398559157185   -0.064044796132209
   57   -0.438202365464975   -0.867941057454996   -0.233788382270813
   58   -0.743253539549666    0.016257006538665    0.668812294807216
   59   -0.409776962296137   -0.795970295500349   -0.445549245148543
   60   -0.566081925508595    0.822468332827283    0.055651550821084
   61   -0.744986725725146   -0.635457239422232    0.202950425866031
   62   -0.328303432207623    0.234054375532189   -0.915114968566754
   63   -0.298898496087469    0.578174144593847   -0.759193221492278
   64   -0.613665542984628    0.154930882347246    0.774216392908653
   65   -0.422706617585896    0.079823979801811    0.902744286992552
   66   -0.756559391085576    0.435403660296459    0.487895009567292
   67   -0.430775073912968   -0.332132628295319   -0.839119033818755
   68   -0.451083869752157    0.289391593033276    0.844260533443961
   69   -0.319748275767880   -0.686999813299516    0.652527621384641
   70   -0.600067490542993    0.285450904526439   -0.747286282423592
   71   -0.504011910534215    0.123557466644652   -0.854813164659978
   72   -0.711291237260378    0.699989950137523   -0.063865839876021
   73   -0.366975998654827   -0.529684062053380   -0.764698248211622
   74   -0.421428351744361    0.396973612295562   -0.815358875273363
   75    0.133922881898604   -0.947789800547854    0.289411740745656
   76   -0.645347786729618    0.353967463582780    0.676929293861594
   77   -0.125816529509628    0.194839212482393   -0.972732173921164
   78   -0.500796129751504   -0.640436772097629   -0.582274829759183
   79   -0.063995288964686    0.579343987093285   -0.812567011149961
   80   -0.294763203272745   -0.699505621575370   -0.651004254502876
   81   -0.714782284606070    0.679802532373757    0.164179178313065
   82   -0.521620163693027   -0.639673682703942    0.564561763215360
   83   -0.418030367609134   -0.510347218178352    0.751529326543010
   84   -0.544761443721262    0.787746550604276    0.287559283358739
   85   -0.194739524031543    0.416529938982526   -0.888019891506480
   86   -0.228800199333422   -0.922115295007705   -0.312015787257375
   87   -0.312017059990887    0.016080915885867   -0.949940397298123
   88   -0.248291825587960    0.261257782722759    0.932789118886464
   89   -0.482765525241102    0.777172688505794   -0.403658345484593
   90   -0.617830634893949   -0.780392625300679    0.096294636210198
   91    0.157236316632335    0.533277748244714   -0.831198883516420
   92   -0.380650406699855   -0.138188965249571    0.914335320198497
   93   -0.169760898185448   -0.178427248033720    0.969198098742658
   94   -0.477868057476999    0.476232290594021    0.738136115522558
   95   -0.250050088675655   -0.962433371812043   -0.105815679253116
   96   -0.454366306757621   -0.890745877218521   -0.011092407387402
   97   -0.674258945388638    0.632066446224216    0.381925231060861
   98   -0.104400227466949   -0.033989918253328   -0.993954364124421
   99   -0.408378497839540   -0.794680578729561    0.449121119846718
  100   -0.214975313509436    0.042837399229110    0.975679543604767
  101   -0.448090298792044   -0.865383330043811    0.224336301589247
  102   -0.267879461591129   -0.205127974646326   -0.941362368100161
  103   -0.207550299090347   -0.415324619397277   -0.885679588717056
  104   -0.196354974922853   -0.823480317774997    0.532282716289224
  105   -0.591878676275511   -0.732159348314603    0.337079102357125
  106    0.031469767676601   -0.590099635160131    0.806716848904410
  107   -0.021649295669597   -0.972815513401246   -0.230567310959036
  108    0.018646216129387    0.375935428693260   -0.926458240870721
  109   -0.247451264998023   -0.911040527120696    0.329807564186334
  110   -0.163358947584317    0.728454568891818   -0.665332845502745
  111   -0.167331383205806    0.975061276939507   -0.145793396309741
  112   -0.053581865506044   -0.766395603748230   -0.640130269745368
  113   -0.200117118490386   -0.562866230534275    0.801956822660199
  114   -0.338095338437592    0.897587855818987   -0.282891468964767
  115   -0.590129765072023    0.568567527451149    0.573129851869649
  116   -0.268880119330341   -0.956961885237216    0.109212781450410
  117   -0.103825734320528   -0.395438229587805    0.912605513611038
  118   -0.467036320027100    0.736430126511437    0.489436149606761
  119   -0.366768904784763    0.646455786992164    0.669010826479907
  120   -0.027944356150488   -0.904370190980246    0.425832913976465
  121   -0.391192759467956    0.902037587633996    0.182473053997806
  122   -0.008717960658932    0.997710241504182    0.067069152071701
  123    0.206571017184628   -0.679314247962722    0.704173676996058
  124   -0.261783709240375    0.832071286221664   -0.489005791603511
  125   -0.049519824082949   -0.263079977519433   -0.963502315747694
  126   -0.223691635974581    0.972713282425963    0.061570465217698
  127   -0.207000965002826   -0.837164723888494   -0.506266555842473
  128   -0.111545948384435    0.930589925377055   -0.348654402217645
  129    0.183898508938479   -0.973070839481809   -0.138976543921526
  130   -0.006599962376572   -0.898947286716478   -0.438007096063192
  131    0.019647017329303   -0.475673847615250   -0.879402288719427
  132   -0.045033186328959   -0.998848213427330   -0.016560756688380
  133    0.112594955717670   -0.416769390452349    0.902012001654586
  134   -0.036266524878336    0.221932124131544    0.974387433956181
  135    0.229997200809539    0.319279706863444   -0.919326795217549
  136   -0.022328306283266    0.844900873171642   -0.534456697265847
  137    0.103007303101140   -0.084853877762967   -0.991054647805265
  138    0.160265983268051   -0.984152434429392    0.075886760464700
  139   -0.317776995274528    0.864324911040657    0.389820765774288
  140    0.073763878040492    0.713384045960719   -0.696880257479821
  141    0.223568583518319   -0.080079734196070    0.971392981565493
  142    0.203397218477781    0.819095916274312   -0.536387407997473
  143    0.078942574409835    0.146001797806576   -0.986129578190815
  144   -0.077665769818108   -0.725783761524183    0.683524659179440
  145   -0.066092912930660   -0.977397535895490    0.200812807574032
  146    0.388336773774422   -0.892320265743806   -0.230128428225146
  147    0.053720764740127    0.987820265987367   -0.146031508724600
  148    0.412981002735606    0.747720935230833   -0.519961627812112
  149    0.292979709480474    0.659058046511919   -0.692679854738559
  150    0.166464302593609   -0.316640250043094   -0.933824709468897
  151    0.288697878688779   -0.507378045192797    0.811924290865186
  152    0.439100817413303    0.252028755087420   -0.862364179889248
  153    0.094363117804000   -0.810653167316792    0.577872861724412
  154    0.049714139260565   -0.217945674763583    0.974693894106979
  155   -0.135931509551707   -0.605647981088648   -0.784036445399217
  156    0.203416323099731    0.975843870952207    0.079690269303089
  157    0.303982588540693   -0.135169779515101   -0.943039615588836
  158    0.177932135812018    0.150038501912592    0.972537198768869
  159   -0.153135178895888    0.951888039150633    0.265440723903639
  160    0.373154895160593   -0.927754218929105   -0.005247235170365
  161   -0.078245838150724    0.437240932802407    0.895934124528233
  162    0.370861469086877   -0.734655028922301    0.568105412072353
  163   -0.282628427324962    0.469194111511017    0.836646913453463
  164    0.161449736350810   -0.810967027412270   -0.562375731235231
  165   -0.227616044569910    0.784049261687846    0.577457956479164
  166    0.131389855782079    0.379228142067223    0.915927247144557
  167   -0.157034431764576    0.636107755185610    0.755451594103223
  168    0.476614764756200   -0.372359514106661    0.796358435800515
  169   -0.071711805026463    0.886325829866067    0.457475617199512
  170    0.578888330901939   -0.642277106578218    0.502362835718447
  171    0.288770124071298   -0.287807469470443    0.913114820797947
  172    0.454045149328939   -0.571487438225006    0.683553297352797
  173    0.054349301007774    0.595530190207036    0.801492324374936
  174    0.455553355508495   -0.155989758243170    0.876435015051423
  175   -0.005186990368750    0.765713474554976    0.643160920777889
  176    0.196206034118197   -0.915193811924199   -0.352027667650233
  177    0.634383935709996   -0.449455293487492    0.628925242989314
  178    0.073165265584187    0.956823090052920    0.281311958959404
  179    0.147937231610753    0.861442961061435    0.485829805941395
  180    0.318869433445087    0.884865629032264   -0.339610222124933
  181    0.370282912336884    0.462787351998015   -0.805430587736759
  182    0.369591162597558   -0.811177733156160   -0.453203108728768
  183    0.109352546617617    0.929734664304569   -0.351618364905351
  184    0.241521695890914   -0.525348042066914   -0.815890130538688
  185    0.267128438212466    0.954389059071027   -0.133356370015419
  186    0.317144691972678   -0.688070312168833   -0.652670276529765
  187    0.580680789104542    0.360218554152143   -0.730104385967833
  188    0.555202050902614   -0.768907799504905   -0.317066993763235
  189    0.283761745147567    0.092967248912320   -0.954377473864761
  190    0.511252264484250    0.798934820515595   -0.316740074236653
  191    0.640829205314736   -0.240371800588127    0.729081152614512
  192    0.468045969217865    0.876427503511465   -0.113171559093135
  193    0.286222422156591    0.910517590857229    0.298386396798450
  194    0.499440393996740    0.563721400401318   -0.657858248845416
  195    0.520886433232107   -0.668586247469013   -0.530725685613611
  196    0.356252928261254    0.791799537262563    0.496122307396144
  197    0.604610791370328    0.634822705209627   -0.481088270392116
  198    0.097236528946979   -0.660289905185527   -0.744689397365392
  199    0.372893802730444   -0.365168505260777   -0.852995999199784
  200    0.259603689911794    0.530287780526611    0.807094042852716
  201    0.487175630294349    0.817659714357194    0.306745002835606
  202    0.492033749457780   -0.185645640204358   -0.850551871238687
  203    0.481544565968015    0.032372286014892   -0.875823535927670
  204    0.781333658182153   -0.301896160897854    0.546238430199515
  205    0.696580480834619    0.443846147465311   -0.563716445653675
  206    0.406237097945670    0.908764727096342    0.095488695866005
  207    0.649691494462399    0.755617818717789   -0.083322710345897
  208    0.595051511674060    0.795052324637597    0.117496806521581
  209    0.208176579939542    0.716537858235170    0.665759723384068
  210    0.744109031693404    0.508241531614135    0.433580781971277
  211    0.584059069030473   -0.348018107463465   -0.733320121611841
  212    0.413584555926054    0.632845703622025    0.654564076700358
  213    0.385210376842005    0.053777370527250    0.921260527751198
  214    0.874464280295964   -0.340707628210890    0.345297747698087
  215    0.558275102120878    0.682861264794052    0.471199961158521
  216    0.258084493272922   -0.860313412834607    0.439605762051557
  217    0.334152058634652    0.293702355546273    0.895589932980935
  218    0.745261552676684   -0.507923035144869    0.431971536644676
  219    0.451381304426593    0.438318571990823    0.777259125042655
  220    0.605001271630167    0.517447709610557    0.605162233739573
  221    0.682075215068483    0.675584293525834   -0.279927246495377
  222    0.624828966021598    0.327024818894447    0.708973575704648
  223    0.460028929590506   -0.533100067154381   -0.710054717849130
  224    0.523739864079861    0.185748632684658    0.831380779324004
  225    0.843777478797062    0.479155173076960    0.241764113111234
  226    0.475398636996424   -0.798970402507268    0.368296662840321
  227    0.559254849586571   -0.824509533575935   -0.086128057311750
  228    0.661801740025674   -0.689676330998408    0.293879253026757
  229    0.711767284629059   -0.682763892903909   -0.164987269443660
  230    0.694121810453904   -0.606082663312255   -0.388405352028676
  231    0.770799235198777    0.318940819330465    0.551493692422489
  232    0.774220527985055   -0.089733706382671    0.626522494396946
  233    0.783630667140037    0.503011757430803   -0.364557470646311
  234    0.634720107585985    0.138984042770077   -0.760140658616102
  235    0.605005064336447   -0.025771747132710    0.795804428975473
  236    0.343847482286347   -0.913129941784808    0.219003694812241
  237    0.812028098078702   -0.541370953343656    0.218008850293899
  238    0.536474102103808   -0.831442702691163    0.144563376805908
  239    0.655514625617608   -0.096349580799873   -0.749010903713088
  240    0.701934106257346   -0.708870413705653    0.069218834470665
  241    0.759843034047029    0.229469663218892   -0.608261651982445
  242    0.655375998019171   -0.488174433644874   -0.576340197761602
  243    0.685278056676814    0.668593399098653    0.288750500811616
  244    0.832713095548116   -0.553654034370807   -0.007490709419252
  245    0.744942916758846   -0.258328584263365   -0.615082428072294
  246    0.785964429293109   -0.000080475017102   -0.618271711636339
  247    0.880142467111351    0.293490102459806    0.373112311972248
  248    0.718081192554390    0.124232061728543    0.684781567902014
  249    0.892675600522825   -0.127487766683661    0.432292888649844
  250    0.768057909734958    0.634532067336219    0.086348727932669
  251    0.807124575620875   -0.393652199290765   -0.439986210491154
  252    0.828871398149270   -0.504385666546166   -0.242006827822800
  253    0.922479937398398   -0.362909790043466    0.131633010252199
  254    0.897062564652045    0.440794883480626    0.031282995336079
  255    0.807696944791516    0.575919812756557   -0.126261691137505
  256    0.853520890907336    0.097338167947264    0.511886090693445
  257    0.890075674112926    0.076831804564123   -0.449290739009655
  258    0.899313836038827    0.386991429059285   -0.203647386783584
  259    0.919085615000674   -0.281259149951444   -0.275998048665973
  260    0.945153976665313    0.065946430139250    0.319898466307098
  261    0.970308142743519    0.238457003809610   -0.040501425404120
  262    0.924970151029271   -0.370249561884779   -0.085705785271568
  263    0.963454352398368   -0.158497793605486    0.215949439144525
  264    0.868779227516354   -0.159622101700192   -0.468768000704933
  265    0.957388835030064   -0.073839028554548   -0.279203181253182
  266    0.984102500031879   -0.176282417267020   -0.021605064070768
  267    0.949173822513822    0.261326028084699    0.175435919070114
  268    0.992825986689963    0.038162486452663    0.113314539141505
  269    0.852268926962464    0.304160707305763   -0.425586583747077
  270    0.949230529817913    0.173705968167997   -0.262273974851533
  271    0.994847996797633    0.022767627474732   -0.098788149121792
   
 U =    34258.1085836712     


 http://math-lab.ru/  - см. Задача Томсона
