     59
    1   -0.326385165241736   -0.103178828525093    0.939588661731459
    2   -0.987635286528681   -0.040475766523720   -0.151453798657308
    3   -0.707073073905743    0.447920159310716    0.547188449293794
    4   -0.894558887084402   -0.264792742859121    0.360068328053800
    5   -0.498589884926914   -0.136705940473894   -0.855990427801453
    6   -0.716987864854058    0.012228115727829    0.696978389075132
    7   -0.951702260821336    0.200003729557648    0.232940582360799
    8   -0.769890740287233   -0.387663542880000   -0.506937102155389
    9   -0.749017768178256    0.650512155433655    0.125723182374315
   10   -0.366760234787811    0.765782423374403    0.528265283952311
   11   -0.400953369908676   -0.598485550645196   -0.693578719993479
   12   -0.876728291211366   -0.477048798244346   -0.061416182584272
   13   -0.867407782691582    0.423897235271686   -0.260604820475549
   14    0.138959635409447   -0.176351164540737    0.974469335839768
   15   -0.190576968110222    0.729464076094645   -0.656934228757569
   16   -0.211103582876704    0.231393832062933   -0.949680036528014
   17   -0.540918844213747    0.770039926763055   -0.338297672420627
   18   -0.562005477684559   -0.787114503604212   -0.254166483369556
   19   -0.809018082054990    0.078929228887735   -0.582460230174776
   20   -0.565405193432461   -0.455034560370165    0.687939325891704
   21   -0.373282305651957    0.923765001192542    0.085548482504958
   22   -0.652454157117995   -0.711821080871647    0.260027540245580
   23   -0.120440171028796   -0.918430261534654   -0.376802361855578
   24   -0.353655172648311    0.379112245501790    0.855103458167305
   25   -0.557210377735449    0.436287421917642   -0.706519554167027
   26   -0.276594681303643   -0.813722355947985    0.511225302293418
   27   -0.058243360541967   -0.241780401513788   -0.968581410309226
   28    0.053527851019289    0.952373615505399    0.300198710281092
   29    0.079905955892778    0.274806157030225    0.958173582536662
   30   -0.245041964311478   -0.966317724375211    0.078641536637365
   31   -0.054241220320014    0.969162190100678   -0.240379989386497
   32    0.057998042121653    0.700926540107103    0.710871445820931
   33    0.634758825599901   -0.769089766843144   -0.074713879970136
   34    0.386450963907696    0.921988392551985   -0.024352751265938
   35   -0.081462475457388   -0.552252359896090    0.829687408655545
   36    0.158922429034263    0.489718507751532   -0.857274427890779
   37    0.221185137135547   -0.974755077726017    0.030490548661459
   38    0.288462797302231    0.803311985201038   -0.521036533272802
   39    0.466011475260982    0.460714138133150    0.755364672095083
   40    0.044290209577390   -0.651845096027954   -0.757057691407926
   41    0.309969396927324    0.060242162135065   -0.948836052682340
   42    0.181009614743510   -0.855192324470505    0.485676443259440
   43    0.549505539358076   -0.007471258632146    0.835456667044582
   44    0.502598709882156    0.761652083453852    0.408999560629591
   45    0.606785354115831   -0.697147923772493    0.381832825213113
   46    0.823067297450114    0.550484719606850    0.139738317391947
   47    0.422410480068278   -0.497866576307275    0.757428715143913
   48    0.420644797257193   -0.391752280566962   -0.818283633718187
   49    0.812446167774120    0.267053713501565    0.518279402035399
   50    0.341963180094782   -0.828473813402538   -0.443500083388629
   51    0.599504860593191    0.414078494433716   -0.684932786901493
   52    0.709519091063443   -0.520767007512475   -0.474746651702786
   53    0.676366941474433    0.680096190220527   -0.282837289847086
   54    0.812746649146646   -0.245825466983764    0.528216550368420
   55    0.724949919291937   -0.035065969106768   -0.687908418562542
   56    0.910364805333710    0.282965494629790   -0.301937824822652
   57    0.901354273820680   -0.421147381473136    0.100972056250803
   58    0.987668388729890    0.067135590931803    0.141435378650250
   59    0.941729744047836   -0.177906802902156   -0.285471992771148
   
 U =    1490.77438637949     


 http://math-lab.ru/  - см. Задача Томсона
