    281
    1   -0.065555151228516    0.012944505843153    0.997764983308135
    2   -0.979737380318596   -0.059264925529949   -0.191317365151164
    3   -0.970387585062137   -0.080036645561925    0.227908029969258
    4   -0.958504532079003   -0.275239969765713   -0.074242986385119
    5   -0.812444639690500   -0.018311273099665   -0.582750722621297
    6   -0.859481227755481   -0.423522514603415    0.286217921800734
    7   -0.949050173819888   -0.279297817844101    0.145933191974834
    8   -0.922526762408528   -0.259429876590935   -0.285728038127257
    9   -0.997158173347828   -0.073286977983862    0.017452684137883
   10   -0.988464002547602    0.140099102823143   -0.057542654229064
   11   -0.843798848265049   -0.236438562798279   -0.481767900226302
   12   -0.870886083006282   -0.456186828162684   -0.182896167911862
   13   -0.918551986338764   -0.040280757132624   -0.393242557460320
   14   -0.611937124305476   -0.079919659179854    0.786858185426905
   15   -0.867165650912273    0.353378591316268   -0.350923503170170
   16   -0.740624164665250    0.519299504055472   -0.426384652399265
   17   -0.861301423232075    0.170293778515521   -0.478706473047219
   18   -0.781493936949686   -0.621431461925214   -0.055589249323694
   19   -0.726133544224882   -0.200125533489264   -0.657784042674379
   20   -0.795063809200328   -0.343730258875367    0.499722971688653
   21   -0.949273803425391    0.155989974546341   -0.273031818606044
   22   -0.885491523036866   -0.462220927598885    0.047503439027894
   23   -0.805604823749154   -0.437152002720585   -0.399873723154543
   24   -0.901882968145829   -0.215014086380183    0.374667925537488
   25   -0.752852074927223    0.342952111177744   -0.561780742564662
   26   -0.544344101672156   -0.295984711230749    0.784909262075804
   27   -0.720490489119317    0.152555252760586   -0.676476422311792
   28   -0.941622249626960    0.323426224716513    0.093504097092519
   29   -0.919956826051060    0.047501187945343    0.389131180125471
   30   -0.727910871403397   -0.540239797983445    0.422240125956255
   31   -0.930498987001481    0.341803314802505   -0.131689518106937
   32   -0.978660128139826    0.124652165449034    0.163359086794111
   33   -0.521076224045746   -0.464478335537819   -0.716058268962970
   34   -0.860496565896527    0.508974327677179    0.022153867514469
   35   -0.719537366249334   -0.214697819501891    0.660432301505692
   36   -0.580680020648986    0.801352099186994   -0.143685513353612
   37   -0.738329929425428   -0.610730844888213   -0.286141137232610
   38   -0.827263743561931    0.522797065676662   -0.205713214713522
   39   -0.830379080634959    0.182207940123013    0.526565142218860
   40   -0.565358004953080   -0.264091868139552   -0.781425499595473
   41   -0.608024717320538    0.503818024646498   -0.613574234439959
   42   -0.636280350008744   -0.756196738489969   -0.152688601047635
   43   -0.838203740964330   -0.084995441225313    0.538693107069616
   44   -0.908685997723190    0.263436603165368    0.323868667293554
   45   -0.569614146559086   -0.728168467526735   -0.381196021673273
   46   -0.683013364124075    0.674707947325678   -0.279753338216872
   47   -0.645300337741729   -0.432992365891860    0.629368799027867
   48   -0.457018109071562   -0.095548979779600   -0.884310375628225
   49   -0.850198297305969    0.461277861436461    0.253743157162191
   50   -0.695282421031884   -0.399103782569083   -0.597744532173312
   51   -0.571473685180873    0.674849788727696   -0.466899978367934
   52   -0.643549030103739   -0.576275243449800   -0.503737520579330
   53   -0.432108520732514    0.649179682053534   -0.625977608800211
   54   -0.331679188043678   -0.360046910079102    0.871983450967492
   55   -0.641671011431220   -0.035384923031967   -0.766163311775536
   56   -0.461147700403752    0.887272986597951    0.009457571881001
   57   -0.459262049997598   -0.853390810908147   -0.246581615879081
   58   -0.739011670391949    0.051935740559851    0.671687747303016
   59   -0.386606553968044   -0.785135210610696   -0.483836825270930
   60   -0.618869138992804    0.778797203819972    0.102351864294198
   61   -0.777410507763238   -0.600236071887403    0.188014787781399
   62   -0.382910410228679    0.278746521048204   -0.880726969464447
   63   -0.277115805859004    0.587670879803342   -0.760164302749268
   64   -0.598197682060116    0.179094034106949    0.781079291829711
   65   -0.468637337110170    0.045418534761392    0.882222309265877
   66   -0.790161207138205    0.400686406247684    0.463784077542783
   67   -0.377620421878444   -0.314989393422492   -0.870737904889684
   68   -0.390127089403794    0.245267104271671    0.887493606554725
   69   -0.369632974009085   -0.664889998629928    0.649070685092998
   70   -0.595770051929690    0.311879252379722   -0.740127946478688
   71   -0.527147163723679    0.126184326593573   -0.840353130237644
   72   -0.739304322978367    0.671307572327352   -0.052680749439012
   73   -0.322001612934838   -0.509454005975932   -0.797979684617621
   74   -0.445580341849696    0.457831676504343   -0.769316784521390
   75    0.073660355120241   -0.938830630125661    0.336409274576986
   76   -0.699060967023203    0.307891213351719    0.645381100688105
   77   -0.164939774054066    0.227355926938296   -0.959741711827209
   78   -0.463407273678434   -0.638745864708183   -0.614212845046501
   79   -0.064498789775465    0.591924093035246   -0.803408846230798
   80   -0.258711197847959   -0.676461498869219   -0.689542135518697
   81   -0.750228972302480    0.634849657780207    0.184722497639892
   82   -0.564035617903992   -0.617477223066715    0.548256965965304
   83   -0.460873672118440   -0.493691051163678    0.737471765119836
   84   -0.579013871773466    0.749876877955370    0.320043128658948
   85   -0.216880009317984    0.421798337303143   -0.880368800109667
   86   -0.269774189635224   -0.900634235889094   -0.340704945298898
   87   -0.325462039924931    0.067941426827263   -0.943111034337197
   88   -0.181204749508853    0.236122296234386    0.954678532269598
   89   -0.472877429130764    0.814408702623974   -0.336341198946865
   90   -0.658440064378938   -0.748307325509721    0.080578087648872
   91    0.145416847272405    0.571438090246417   -0.807658621909580
   92   -0.408603095670563   -0.160205504882292    0.898541989232469
   93   -0.198322474570491   -0.180815795899858    0.963313990365207
   94   -0.515758396141541    0.389054925176978    0.763301737195089
   95   -0.298216091155496   -0.946876450727562   -0.120383346163463
   96   -0.493949390687712   -0.869249341591407   -0.020483690637759
   97   -0.701663500576346    0.589290508355758    0.400505965899087
   98   -0.113387768579210    0.014073676497165   -0.993451128927075
   99   -0.459617524236909   -0.770944948582793    0.440903184008699
  100   -0.272097230567985    0.034746711184485    0.961642222023916
  101   -0.503031638028816   -0.839261453121641    0.206396183216159
  102   -0.249143467285354   -0.156445690511517   -0.955746974167016
  103   -0.166708578607260   -0.375778475793513   -0.911591348658516
  104   -0.258623600460212   -0.802895967542142    0.537095800197287
  105   -0.632643587546606   -0.704895191394463    0.320756699517132
  106   -0.020534731193037   -0.562786293681313    0.826347331610189
  107   -0.084806612547291   -0.973682086728340   -0.211544398301157
  108   -0.000287985662416    0.404634990311303   -0.914478234667195
  109   -0.324680255967589   -0.891136296689091    0.316952413002447
  110   -0.184075141051932    0.738861221317936   -0.648228692730644
  111   -0.152055152011564    0.978301235304859   -0.140733520341555
  112   -0.020061874302274   -0.728192189235569   -0.685079306895040
  113   -0.243432062880278   -0.546849348154544    0.801059686405952
  114   -0.361550870772010    0.915287860746788   -0.177564354006006
  115   -0.622051450379146    0.508331846856306    0.595525588495455
  116   -0.320085059237146   -0.942144660949428    0.099543923459149
  117   -0.113753416172496   -0.382746242652548    0.916823578473222
  118   -0.512622952611793    0.683077485789269    0.520214241311576
  119   -0.424070776823028    0.575706957495234    0.699089032481768
  120   -0.127489222970776   -0.904384355501522    0.407228971894688
  121   -0.425980979029934    0.877414655022902    0.220643895577789
  122   -0.062638568358722    0.994308220559733    0.086183364295599
  123    0.101276948481403   -0.712397327791096    0.694430001556961
  124   -0.335734476307873    0.797076871585382   -0.501947031271169
  125   -0.033615329923991   -0.210758882920296   -0.976959928996215
  126   -0.267499312366021    0.962233411644301    0.050507221256726
  127   -0.179007640866069   -0.812216679761876   -0.555211968196074
  128   -0.231852388486980    0.908235232674839   -0.348357908021281
  129    0.114205726615454   -0.987818661967627   -0.105694574490474
  130   -0.062915232655881   -0.908837168059721   -0.412379285916549
  131    0.051687610039401   -0.425310627860663   -0.903570285477108
  132   -0.108173590779386   -0.994123729950043   -0.004060025629024
  133    0.112731039233585   -0.389487859005214    0.914106624240767
  134    0.032553820032858    0.207874120712835    0.977613726754660
  135    0.211340126904842    0.375109538099933   -0.902567551591735
  136   -0.085337216307385    0.858792061206867   -0.505167056646579
  137    0.095015870856139   -0.023174571674971   -0.995205970396647
  138    0.087284729255680   -0.989868170196064    0.111992775085983
  139   -0.371813690565768    0.827656505023865    0.420403721676610
  140    0.039654866292399    0.740580713607692   -0.670796316486349
  141    0.149592614442573   -0.013757759716485    0.988651998304671
  142    0.134052289389798    0.855293334880076   -0.500503041967851
  143    0.050294238120815    0.197444223066797   -0.979023119435591
  144   -0.134401195007959   -0.707139042174808    0.694183472730752
  145   -0.122999232316369   -0.970935121086694    0.205319700686393
  146    0.321136651046859   -0.923700667438485   -0.208921823484542
  147    0.060413222501859    0.992124899431222   -0.109719763377109
  148    0.343905179138209    0.808637034027663   -0.477321039721550
  149    0.252945973074372    0.710720186586091   -0.656426043880413
  150    0.178563405467034   -0.250768463349225   -0.951435908518006
  151    0.201941101121176   -0.559822474861843    0.803628389442240
  152    0.416747034622553    0.331489753338546   -0.846425692287787
  153   -0.003159618471464   -0.830090224416642    0.557620153992881
  154    0.020983609450487   -0.200258087589480    0.979518446222139
  155   -0.097858204686717   -0.568642758793659   -0.816743034648615
  156    0.147748710215165    0.982850181225882    0.110344188310970
  157    0.295087990308987   -0.057033297314871   -0.953766366031428
  158    0.249919754681133    0.171434014581257    0.952969304261515
  159   -0.217619097620877    0.938585787434638    0.267766032155641
  160    0.299854246071081   -0.953896383901134    0.013004610470281
  161   -0.089656933862112    0.424150823546506    0.901142448836623
  162    0.305275551276257   -0.724107701104163    0.618445531146131
  163   -0.302787285567188    0.434772848315281    0.848111095356423
  164    0.091219498751947   -0.839616709119433   -0.535465017358647
  165   -0.299971333940191    0.737862209203773    0.604629274054002
  166    0.124299611630708    0.390577774414280    0.912139577412384
  167   -0.209159360162180    0.608223802555155    0.765712849612631
  168    0.339177321657978   -0.387700433044610    0.857115580706559
  169   -0.156524356868307    0.869535934126318    0.468409420240492
  170    0.490243918486244   -0.710123861717903    0.505356311334989
  171    0.250471037292425   -0.207781867121814    0.945563829243182
  172    0.399558603774060   -0.564122532637931    0.722577809180638
  173    0.000691171477648    0.595991282027146    0.802990606439221
  174    0.471641598101152   -0.204314881751242    0.857793467004481
  175   -0.081292619657335    0.757067313479629    0.648259664679197
  176    0.132797582358458   -0.938299887542426   -0.319308820983104
  177    0.576567549176055   -0.547393235165218    0.606572755184795
  178   -0.002456912144145    0.953823293665796    0.300358266147694
  179    0.061639720413640    0.865728839205133    0.496703253297038
  180    0.206477241248500    0.930009588931995   -0.304054786742375
  181    0.350578480473015    0.529134003903755   -0.772730182497107
  182    0.298879263767403   -0.850146409286084   -0.433500021300845
  183   -0.007673078909013    0.947550731768680   -0.319513277634428
  184    0.268283978920805   -0.456690059738475   -0.848208639422218
  185    0.266426211342913    0.959733754369275   -0.089040410116515
  186    0.239216408428176   -0.735352542915437   -0.634060050442011
  187    0.550369132238913    0.450251771191029   -0.703112480914631
  188    0.487695311127552   -0.816761193381980   -0.308308995148444
  189    0.259640746800254    0.164268132271259   -0.951631579615304
  190    0.409729234507088    0.869401081988114   -0.276158854698037
  191    0.541378159745879   -0.382248765071818    0.748862851095737
  192    0.458177265490799    0.886987942001801   -0.057671345838152
  193    0.212832116868218    0.923176679928311    0.320073909692643
  194    0.458680931320541    0.642425253087697   -0.613923120136495
  195    0.448631069609444   -0.725246087476280   -0.522253076564834
  196    0.276399369285955    0.816326494765349    0.507163132140385
  197    0.541343996424242    0.722462795416161   -0.430109505562126
  198    0.132154858723102   -0.608483276717751   -0.782485268404911
  199    0.383581804588347   -0.280166963649017   -0.879983790571416
  200    0.208636318454542    0.557185092645701    0.803750993252971
  201    0.422652647844236    0.837096274169097    0.347324872478882
  202    0.484045613503843   -0.089859369349315   -0.870416646088431
  203    0.460102725796897    0.123379677675741   -0.879251350212723
  204    0.717494578292556   -0.395954779408676    0.573080572680853
  205    0.650663835344969    0.546122279051251   -0.527623947237086
  206    0.353034124506784    0.925408297435445    0.137791109914097
  207    0.731284323520929    0.667761728608293    0.138987452594118
  208    0.543671149464972    0.821287245106914    0.172942019949264
  209    0.133512803996523    0.730672589672710    0.669546038648548
  210    0.704918936795737    0.536553830500367    0.463895763638935
  211    0.494010363422368   -0.430900529680166   -0.755167858394842
  212    0.349452681026023    0.673578161604840    0.651287405016225
  213    0.374141066069720   -0.019790635123095    0.927160608223644
  214    0.818127533473161   -0.435176809277036    0.375883603846429
  215    0.503407509302091    0.702959629973407    0.502422768399200
  216    0.203076343893013   -0.850726083204069    0.484793904569055
  217    0.338278648446815    0.342963563656553    0.876323884194077
  218    0.682925586038568   -0.596151938780976    0.422155788568107
  219    0.411676995731412    0.501460946235103    0.760959243709250
  220    0.569917151067496    0.533681273413556    0.624802960401753
  221    0.597658041257248    0.768351342405300   -0.229000175424655
  222    0.554789447268515    0.336140016017078    0.761064096401567
  223    0.375844459308237   -0.598508837170575   -0.707480115788441
  224    0.476259029492148    0.160197661911215    0.864588946231316
  225    0.837960514330308    0.349118048972378    0.419450550488382
  226    0.389819640883150   -0.840202015692122    0.376963155240174
  227    0.491759042239938   -0.867308238489153   -0.077132767512266
  228    0.585174161456214   -0.754976072387619    0.295943121032034
  229    0.649612536336953   -0.742374072159463   -0.163964293732652
  230    0.631588871443329   -0.672481831131013   -0.385828568495934
  231    0.713300695796184    0.353229006526973    0.605335763295584
  232    0.670045174595579   -0.215485750801725    0.710355794797648
  233    0.722313862191567    0.609594312057183   -0.326584536059855
  234    0.609852834383287    0.237661603301153   -0.756040000734748
  235    0.587703725679141   -0.027487279073636    0.808609164128125
  236    0.263307721197493   -0.935398354501645    0.236006276089004
  237    0.750721579010809   -0.624448081305954    0.215596160821176
  238    0.460507757883168   -0.874556892324625    0.151930401884914
  239    0.597356164853462   -0.236484320916933   -0.766316369570702
  240    0.634897699461003   -0.769372125009152    0.070508470966457
  241    0.723815051762303    0.343532955896911   -0.598395253202317
  242    0.578374720929380   -0.567551278055821   -0.585976304100316
  243    0.634446227275066    0.697226836456897    0.333695554691312
  244    0.777682634603688   -0.628632956064770   -0.005506939725126
  245    0.681753713021839   -0.379167063119546   -0.625655027172510
  246    0.641637171119801    0.011459420807696   -0.766922696438259
  247    0.820639076412491    0.162748182085788    0.547781466912331
  248    0.673199977652963    0.156050881778684    0.722806967581349
  249    0.821908289879307   -0.223768041405636    0.523826905258941
  250    0.808420798959717    0.520008423266518    0.275766298777068
  251    0.748428118611523   -0.495209162293786   -0.441161236796597
  252    0.780651651150081   -0.580827177952211   -0.230700647829005
  253    0.873578155032872   -0.458145281976852    0.164207513992857
  254    0.859064465360571    0.509373001610985    0.050471671109362
  255    0.630997134079822    0.775609802956566   -0.016493948609380
  256    0.762891005194198   -0.032930473652027    0.645687926245209
  257    0.766302598687810    0.114786889628528   -0.632142624107659
  258    0.763470550724399    0.636852954899991   -0.107382642972378
  259    0.822841609607521   -0.284909083817408   -0.491689433948738
  260    0.889410708550958   -0.033153766678480    0.455905055104582
  261    0.944371900005509    0.328030879781840   -0.023610514385281
  262    0.875384962077849   -0.390749695388244   -0.284632822636390
  263    0.911996380252599   -0.251567835807336    0.324000349372295
  264    0.750300970455789   -0.140669900565711   -0.645956989905624
  265    0.864593864010947   -0.035725460422305   -0.501199702506132
  266    0.923451654984297   -0.179745349457298   -0.339011283374515
  267    0.917997407382520    0.340787478927381    0.202841451003714
  268    0.926013881929328    0.157903154304082    0.342877360487678
  269    0.809879223857384    0.423916328540751   -0.405451093426434
  270    0.857936803789078    0.214705074753518   -0.466739939987213
  271    0.862954111761420    0.468844018648989   -0.188402460629170
  272    0.887001827868215   -0.458186607951904   -0.057382834122878
  273    0.956237534000684   -0.270386474421716    0.111807571380856
  274    0.965627080532716   -0.053411497598976    0.254384656113727
  275    0.925311884328104    0.277770152307918   -0.258150458469494
  276    0.956759114084912   -0.269493702010757   -0.109476674191316
  277    0.981614347401240    0.142741528023003    0.126720673742275
  278    0.996678687851499   -0.067862604607242    0.045013998695252
  279    0.942174405093353    0.067812210044850   -0.328190332818960
  280    0.986498140635068    0.132653941965649   -0.096043480801810
  281    0.983476777278320   -0.068778872131751   -0.167460130486438
   
 U =    36880.3362731543     


 http://math-lab.ru/  - см. Задача Томсона
