    195
    1   -0.098318829691123    0.027665230184145    0.994770346746939
    2   -0.991206726514654   -0.131435802481864   -0.015292322846867
    3   -0.915090900654846    0.054367631605444    0.399565769520261
    4   -0.924281956493560   -0.378898524283762    0.046246872283695
    5   -0.838185907052555    0.126685959813214   -0.530466825357336
    6   -0.853806909247735   -0.425762526607762    0.299566407758621
    7   -0.954945715690246   -0.174552996197312    0.240020689948566
    8   -0.937271398636441   -0.268177054313935   -0.222718191528197
    9   -0.983569844530766    0.092072147299340    0.155283871092309
   10   -0.942732547294437    0.333447883985473   -0.008237289442138
   11   -0.839558455621252   -0.144797239197128   -0.523617569525458
   12   -0.839696072319199   -0.517001168206011   -0.166193556449492
   13   -0.945271167010933   -0.028403450795442   -0.325047173192905
   14   -0.586013864099558    0.012384213547402    0.810206382558121
   15   -0.848038843540367    0.490096519075561   -0.201582543482154
   16   -0.691633381553598    0.617639243672056   -0.374386204602875
   17   -0.918371330959726    0.255856252793396   -0.301880235155902
   18   -0.669867285539199   -0.732363018697371   -0.122156574153093
   19   -0.690697209657475   -0.002538677385481   -0.723139626689418
   20   -0.720742961050909   -0.448077945764993    0.528919406539968
   21   -0.988656921313465    0.103378415016634   -0.108951343487035
   22   -0.791062713679185   -0.604864801831649    0.091424036946980
   23   -0.825765613583190   -0.380519881445199   -0.416312107977308
   24   -0.855741988990548   -0.206812365691559    0.474272383420711
   25   -0.788031632676707    0.390245267313640   -0.476145752097181
   26   -0.497440652881224   -0.224815990613509    0.837860708725244
   27   -0.668049317354332    0.256689728291361   -0.698441474264035
   28   -0.835565684937489    0.541644891878114    0.091928217959938
   29   -0.816092534485163    0.278586369401266    0.506342384105266
   30   -0.688763204860381   -0.641540517944663    0.337684781217262
   31   -0.716707897253003    0.690802173304436   -0.095509933373690
   32   -0.910580914279535    0.320126556110559    0.261460105221885
   33   -0.474997787697689   -0.443758703328586   -0.759904806474096
   34   -0.529675782953362    0.848102817256241    0.012852093789307
   35   -0.699898324310701   -0.224174501064195    0.678150520680838
   36   -0.083862977113083    0.981421400764270   -0.172566031395604
   37   -0.692386776530466   -0.625227092574246   -0.360127247506914
   38   -0.536193953506949    0.801715181481107   -0.264100003796485
   39   -0.653038376829114    0.472052813544745    0.592205217481986
   40   -0.490002396251180   -0.182973928394161   -0.852301703152182
   41   -0.604156013605229    0.502898018431136   -0.618133556994502
   42   -0.450629572196834   -0.886757981852129   -0.102923613827135
   43   -0.781781820538377    0.026877548639152    0.622972537480466
   44   -0.773827548341813    0.521993609758535    0.358766772149475
   45   -0.494337752266351   -0.796273257363868   -0.348681927107481
   46   -0.283094271395515    0.883713700270327   -0.372703272668176
   47   -0.523897714385458   -0.452497745784885    0.721648789177458
   48   -0.267385408641572   -0.102476125700610   -0.958125089383934
   49   -0.669500329410625    0.717632106865089    0.191764094958985
   50   -0.678032339880644   -0.259860880309953   -0.687564156250538
   51   -0.473673777989021    0.718986084425840   -0.508617894344670
   52   -0.657217214777253   -0.486920031467959   -0.575303759379054
   53   -0.222113813322096    0.775095730766181   -0.591516747082919
   54   -0.288149284412648   -0.375687257399712    0.880811599900888
   55   -0.488740812455017    0.081029681871558   -0.868657935493946
   56    0.000001516780237    0.990484169537819    0.137626704867462
   57   -0.265650876684394   -0.915229517386729   -0.302959637940219
   58   -0.646572301908174    0.244974978587405    0.722448280689535
   59   -0.253409820078924   -0.803765599670566   -0.538279039043676
   60   -0.248765556631374    0.964383676204747    0.089887835126346
   61   -0.598156568650483   -0.791618813855309    0.124693115008781
   62   -0.025475775520259    0.011245224339357   -0.999612189697184
   63   -0.383915697009773    0.572962476154544   -0.724101331657631
   64   -0.446880330952245    0.382441297517252    0.808725307976283
   65   -0.392321187485899    0.152114127618002    0.907163368985250
   66   -0.575109943759627    0.691401468522216    0.437278586160039
   67   -0.270147178955906   -0.366403522732250   -0.890375741039458
   68   -0.170305788431691    0.272995853442792    0.946820575626503
   69   -0.043327201502452   -0.692569184061443    0.720049080895485
   70   -0.454790422611116    0.337473557273965   -0.824182788974666
   71   -0.252153271099397    0.159048889638862   -0.954527201591720
   72   -0.336755658261445    0.931725692863486   -0.135951682177740
   73   -0.270539095778208   -0.616738517304032   -0.739217288034536
   74   -0.205803711630119    0.401668320185776   -0.892360573332554
   75    0.525058844596250   -0.836431192292734    0.157149833824305
   76   -0.444918441306072    0.601644102313005    0.663379193778154
   77    0.190704879919812   -0.144289122509927   -0.970985220227417
   78   -0.474654768791548   -0.667728726576620   -0.573446770125884
   79   -0.135515553977914    0.617769368942800   -0.774594436738397
   80   -0.023782821723294   -0.731502723757948   -0.681423614593434
   81   -0.436097841792971    0.862749584914434    0.255894169752819
   82   -0.525815167001351   -0.644045187567410    0.555629558719298
   83   -0.295076796246015   -0.596621611654067    0.746305793106613
   84   -0.163189466962063    0.926495345478439    0.339080481124211
   85    0.016013571317833    0.268961788255057   -0.963017716343937
   86   -0.007285657875962   -0.881572266464823   -0.471992858197441
   87   -0.041082315244392   -0.265238865047133   -0.963307109826700
   88    0.039813423607001    0.444296780019395    0.894994560075695
   89   -0.024436110319190    0.899347448486781   -0.436551306735859
   90   -0.359897798725476   -0.922532442254409    0.139310686814300
   91    0.073346217877036    0.510203655727135   -0.856920394205787
   92   -0.312226584745017   -0.092874947909603    0.945456928595508
   93   -0.074969191550386   -0.245046649970121    0.966608379674366
   94   -0.216819791972317    0.500179320152889    0.838337536735935
   95   -0.022660945117115   -0.971666229248583   -0.235268400989678
   96   -0.187829636688600   -0.981422386812192   -0.039116828159860
   97   -0.338612752927928    0.803360985269657    0.489849498214642
   98    0.172903962773113   -0.425766616882093   -0.888159336834406
   99   -0.292009998329361   -0.774387339635917    0.561297077390657
  100    0.142473576187655   -0.106563607652594    0.984045465216097
  101   -0.202818722972022   -0.919432274525414    0.336910756986212
  102   -0.052999648080621   -0.526303161071823   -0.848643635426047
  103    0.211932673147766   -0.641341221937549   -0.737404894949914
  104    0.205178860801628   -0.779552784462058    0.591776217262572
  105   -0.465969510602816   -0.809264773232751    0.357719082511844
  106    0.186542615821391   -0.365016661572424    0.912120983892507
  107    0.229038367881622   -0.925674162913545   -0.301112553960193
  108    0.238917479269403    0.114363311201183   -0.964281842176164
  109   -0.044249633506227   -0.850555227188556    0.524020777676600
  110    0.050886938260367    0.752268271818787   -0.656888854167325
  111    0.292258627380147    0.942356231913161    0.162940562464667
  112    0.649442040705162   -0.492579658013138   -0.579301576276446
  113    0.207332412885756   -0.594248199285434    0.777098673408332
  114    0.146823235775856    0.987359945489463   -0.059693177829232
  115   -0.206037010128378    0.699792555903559    0.683987667402946
  116   -0.026086329016224   -0.986325541411251    0.162731158043751
  117   -0.043762093653269   -0.490512647896726    0.870334545684833
  118   -0.034643976618347    0.836443376801747    0.546957285616124
  119    0.039984197759572    0.659324846677179    0.750794253097103
  120    0.389044685054104   -0.830806000821481    0.398002037721129
  121    0.130334869541366    0.922026293740077    0.364527550993847
  122    0.539998638675774    0.827821105770454    0.152031862020086
  123    0.429608439686909   -0.452212575213309    0.781626749394317
  124    0.187430794891378    0.935239332490769   -0.300328300512302
  125    0.433981780699940   -0.510300358307203   -0.742464381860874
  126    0.400511828860696    0.832654063324284    0.382462397853985
  127    0.237143203504567   -0.808567451105987   -0.538499561785856
  128    0.399925265882070    0.912937327300233   -0.081272493077687
  129    0.397520107500130   -0.913873045410418   -0.082545872128005
  130    0.463981945309280   -0.822076402571462   -0.330016882541151
  131    0.604296258334076   -0.277453038281201   -0.746890784326574
  132    0.136645847463215   -0.989826236693657   -0.039647616875825
  133    0.394578028472614   -0.206965036146099    0.895250609192593
  134    0.101092798531739    0.188208334863305    0.976912416121836
  135    0.277975580282773    0.363524765380086   -0.889145275937408
  136    0.436782749656331    0.837628901722596   -0.328022335522525
  137    0.385644388982832   -0.292611357395420   -0.875018284819962
  138    0.287546631466217   -0.943698768652877    0.163552954040811
  139    0.228136171653519    0.780623819499541    0.581876567334709
  140    0.276265143909140    0.620376400110642   -0.734037255489545
  141    0.617941334448434   -0.270216142490695    0.738330375589097
  142    0.255233140152995    0.812644887618428   -0.523893434579281
  143    0.450151328230957   -0.046830991200336   -0.891723410007329
  144    0.438732684987440   -0.659488643857764    0.610400163619211
  145    0.131464141620669   -0.923376616438588    0.360683800138521
  146    0.621079989247624   -0.777150286961649   -0.101474521095686
  147    0.621237189148121    0.777264969901816   -0.099616872982798
  148    0.477753214445164    0.672729854205838   -0.564965847947914
  149    0.483508873271769    0.451696126287585   -0.749793157453610
  150    0.667074424621974   -0.021370869128652   -0.744684495587191
  151    0.639681861129412   -0.494585488817578    0.588381093164191
  152    0.488755149420021    0.200710078595726   -0.849019356826162
  153    0.609723923661272   -0.690371275825196    0.389389571548334
  154    0.330973970748573    0.056982289198082    0.941917857036731
  155    0.465155526199505   -0.688996676007925   -0.555800249096824
  156    0.745446460401554    0.653869007997092    0.129479322888614
  157    0.686394918370602    0.236843534971395   -0.687580654161582
  158    0.576433614131814   -0.025472826155633    0.816746854065921
  159    0.635371801620273    0.679098502062242    0.367597467622707
  160    0.797934362310457   -0.589000405722257   -0.127981543603837
  161    0.285974331519422    0.355266356591956    0.889946345341053
  162    0.787109426673141   -0.498206197328456    0.363661017137937
  163    0.284669717036792    0.582909787847196    0.761038324550170
  164    0.783446646567462   -0.246430196222270   -0.570511621592454
  165    0.476835196523442    0.663692388615861    0.576316413656442
  166    0.498075875356152    0.219493228903800    0.838894000964119
  167    0.515083832921587    0.452312288390420    0.728081203461419
  168    0.792914858910789   -0.271648689854237    0.545429203305946
  169    0.694649747754717    0.473579559336673    0.541464799338600
  170    0.721991584373911   -0.677816549606554    0.138898801912456
  171    0.766494430455590   -0.024430569943109    0.641786128965729
  172    0.909260234964861   -0.264261771786543    0.321576648847337
  173    0.695997995292055    0.228093461648397    0.680852526838737
  174    0.983216120220199   -0.016329024816664    0.181712475872394
  175    0.903417891544534   -0.014030403584718    0.428531516941845
  176    0.664901317495325   -0.657133052840251   -0.355080820177368
  177    0.871329438586725   -0.478241152941355    0.109865413508832
  178    0.822287753386545    0.472922194445026    0.316524009566113
  179    0.843063374027300    0.240252416204227    0.481168290602919
  180    0.638921497168252    0.684348479663967   -0.351349510940169
  181    0.663727561931978    0.480410685756348   -0.573298610274740
  182    0.814690793207736   -0.439457587028133   -0.378359538885913
  183    0.800783753912264    0.587289545387960   -0.117628097613560
  184    0.835494576229653    0.012402170052532   -0.549358716385588
  185    0.903041635665591    0.424605241187063    0.065009179435599
  186    0.917559000544630   -0.174040550223950   -0.357484779252605
  187    0.838290180558353    0.263479940341805   -0.477334153625029
  188    0.920617959342985   -0.357159523938072   -0.157796221106489
  189    0.947036543074467    0.094924202158246   -0.306775458480929
  190    0.798181072052654    0.486250406813667   -0.355622718748985
  191    0.966315628552192   -0.247094749724422    0.071960340983126
  192    0.922685616987967    0.333789915817054   -0.192965137531054
  193    0.940415621618277    0.232910924060836    0.247731629126031
  194    0.986242537727972    0.164741681780981   -0.013632133357011
  195    0.990151502374688   -0.076640333286618   -0.117159129643678
   
 U =    17509.7674401464     


 http://math-lab.ru/  - см. Задача Томсона
