    234
    1   -0.058809307013186   -0.008518809589191    0.998232886300492
    2   -0.996445673112546    0.060664084436506   -0.058445610568847
    3   -0.918378945290601   -0.046431385609891    0.392968496545548
    4   -0.984059142945210   -0.177835800466496    0.001425222221125
    5   -0.826358887198168    0.228483114968063   -0.514710069576161
    6   -0.832054691640589   -0.462329668548859    0.306490240788162
    7   -0.941743062817546   -0.236849081680593    0.238793877940972
    8   -0.965338645904488   -0.098558425857878   -0.241676509855027
    9   -0.984731828357257    0.007991804624491    0.173894672946060
   10   -0.959049622227740    0.247849979431299    0.137091975697829
   11   -0.885595083285325   -0.006555373983807   -0.464411859810654
   12   -0.925531942584576   -0.334843421155857   -0.176834687107093
   13   -0.944717144334342    0.146635609758560   -0.293270378919355
   14   -0.503765955327391   -0.180555386840019    0.844760092887994
   15   -0.854117592537448    0.500742327669256   -0.140500033446295
   16   -0.730035807864119    0.614791615570214   -0.298461033739331
   17   -0.863371719125417    0.375404498539854   -0.337136080968001
   18   -0.828174738513153   -0.549562548510431   -0.110034575308818
   19   -0.735572078343708    0.074759110134017   -0.673308839250673
   20   -0.695591484029738   -0.460785478064069    0.551207066854712
   21   -0.951737009587427    0.291083655418761   -0.097298356253502
   22   -0.910958503304078   -0.406638050974931    0.069282759452148
   23   -0.876790055245718   -0.257093314431645   -0.406376951483180
   24   -0.839133460159338   -0.290421012153777    0.459902893816283
   25   -0.720935357555926    0.477049030806614   -0.502669307231086
   26   -0.513899721208596   -0.429127322143308    0.742803350781242
   27   -0.664729446247182    0.315536897944630   -0.677178875429081
   28   -0.849103551573956    0.426318097072406    0.311891068825410
   29   -0.808682944946987    0.127662059306142    0.574224949967853
   30   -0.673432337626647   -0.629744570218895    0.387182983766756
   31   -0.875269056929669    0.475315115562429    0.089328712625458
   32   -0.912141272939101    0.192852911510978    0.361671194212058
   33   -0.626524536801547   -0.298087893228944   -0.720146243964333
   34   -0.736980832649326    0.641926541479981    0.211635459342372
   35   -0.672150661689660   -0.266333184261659    0.690854632286126
   36   -0.419622041898162    0.905029098968622   -0.069567750957334
   37   -0.802699787426210   -0.490934424758371   -0.338609571413870
   38   -0.738461904039826    0.673603143383163   -0.030542126746452
   39   -0.646701463074540    0.230320531783886    0.727137999485680
   40   -0.595002195353267   -0.082032704026529   -0.799526749392970
   41   -0.539157886958927    0.542001097320272   -0.644626700838250
   42   -0.667666342026770   -0.684310607383982   -0.293156354777374
   43   -0.800543428358274   -0.102515848226763    0.590441123377030
   44   -0.775580317779655    0.352205861734369    0.523857043126042
   45   -0.607964729683632   -0.609549591488414   -0.508751592603910
   46   -0.592164647431063    0.783817303167532   -0.187006592365141
   47   -0.515552699490566   -0.623757411836212    0.587479450897969
   48   -0.388358350753040   -0.075361596970655   -0.918421701127761
   49   -0.690314416891700    0.574538615517510    0.439740133613815
   50   -0.777533538005814   -0.155710430065822   -0.609258450285984
   51   -0.570527948124774    0.690494318709398   -0.444652061997444
   52   -0.732921632292508   -0.408236410932204   -0.544214032993341
   53   -0.377776864050937    0.725925655109381   -0.574731749811907
   54   -0.326622125990250   -0.572713253358416    0.751875997915367
   55   -0.544548449703342    0.145161581483825   -0.826072092003356
   56   -0.217772972168172    0.974648816018483    0.051328530339479
   57   -0.451760266131673   -0.778224646833768   -0.436209881828803
   58   -0.656421892346652   -0.007919260992899    0.754352427286720
   59   -0.370092775433402   -0.676472540752777   -0.636723047470000
   60   -0.392701994229542    0.898793673764918    0.194820624494184
   61   -0.779884209312302   -0.611421615787513    0.133956066727535
   62   -0.095983064287512    0.156905684458905   -0.982938379327240
   63   -0.319553856215242    0.572157510042101   -0.755328482635464
   64   -0.472812970075915    0.070010201484372    0.878377178105231
   65   -0.294202166977149   -0.104537868323345    0.950008904712141
   66   -0.607168261460114    0.457408821641158    0.649710606470566
   67   -0.430800037835404   -0.302235324951729   -0.850332367814102
   68   -0.259215558824765    0.134175661000957    0.956453964421770
   69   -0.231129251440083   -0.895003903297918    0.381506595238192
   70   -0.465939731984742    0.369132335784679   -0.804140214661681
   71   -0.331046831903009    0.153889718679479   -0.930981175734360
   72   -0.583059722498878    0.808189407163391    0.082892955963805
   73   -0.291170299718127   -0.506934880033916   -0.811317991891623
   74   -0.250354683987935    0.375562127539307   -0.892342770780069
   75    0.463449481721925   -0.861119300294644    0.209017053255811
   76   -0.453991395829423    0.306350897932283    0.836684492415711
   77    0.090744830741936   -0.006192553474323   -0.995854923156523
   78   -0.512047847704877   -0.500338237820615   -0.698189551221847
   79   -0.081993246100467    0.568700968629709   -0.818447503431674
   80   -0.140945691902500   -0.679156627339218   -0.720333663988671
   81   -0.557899201293217    0.762178898452898    0.328377538740880
   82   -0.469641963885216   -0.785454869252873    0.403109258297289
   83   -0.307025146629340   -0.756319634152519    0.577681720614935
   84   -0.344514781605775    0.835307717909733    0.428451376069163
   85   -0.020577392601138    0.369981981129523   -0.928811016597678
   86   -0.219642537737959   -0.827400870023269   -0.516880020798606
   87   -0.160836065572590   -0.065913389781716   -0.984777733835718
   88   -0.030150754696988    0.234374780508772    0.971678647626193
   89   -0.416744969443004    0.845262193074416   -0.334447986094964
   90   -0.683439588820588   -0.727698467025863   -0.058010943113824
   91    0.174207660167768    0.477290574503867   -0.861304474984683
   92   -0.328457902812113   -0.341134615442283    0.880762499330730
   93   -0.133842899323396   -0.471419447805826    0.871693628823314
   94   -0.234831774087306    0.361559993527274    0.902290645501529
   95   -0.272258496778011   -0.914715419142724   -0.298615158548136
   96   -0.495080733218752   -0.841081981457124   -0.217890266105996
   97   -0.497956644880424    0.669344666268470    0.551377273341386
   98    0.018575486335359   -0.240698596250751   -0.970422143744836
   99   -0.377889339229285   -0.903091937663291    0.204021075931915
  100   -0.096957431927804   -0.246376723992396    0.964312068922058
  101   -0.507914610579022   -0.861254427818584    0.016234497936323
  102   -0.212783907763363   -0.295224953591447   -0.931431820035090
  103   -0.058590919909584   -0.478963057677090   -0.875877556217055
  104   -0.006736557322138   -0.952736869317544    0.303722038447081
  105   -0.609748186667067   -0.765634442208270    0.204965972201862
  106    0.067301034393000   -0.581834528832789    0.810517829432246
  107   -0.038001664010867   -0.932173982294769   -0.360010472438119
  108    0.162706683074193    0.225538355765584   -0.960551396522618
  109   -0.160260546082333   -0.978959825684612    0.126310003819756
  110   -0.142770558124778    0.735288774429463   -0.662545836852634
  111   -0.030163216064341    0.995366986305948   -0.091294813482865
  112    0.227563365390896   -0.759367808069668   -0.609569886722956
  113   -0.066249877987582   -0.837838133391610    0.541883950584895
  114   -0.233422943935941    0.948394472801746   -0.214619787539213
  115   -0.411733822697904    0.526240759105547    0.744006668453038
  116   -0.306469929146072   -0.949866944329283   -0.061878676454427
  117   -0.116958080035263   -0.687770239265411    0.716444628352579
  118   -0.276641737646300    0.723216329576196    0.632793402009195
  119   -0.193247166206725    0.568801979302646    0.799449711423090
  120    0.238110683279227   -0.939302488104025    0.247010401298988
  121   -0.166249509029830    0.940445138747978    0.296519884244948
  122    0.220786593960353    0.975315009390555   -0.003729930949425
  123    0.147727537344564   -0.738908459833315    0.657412247145480
  124   -0.212864302504291    0.859708903613051   -0.464316045132847
  125    0.171511804151635   -0.407217216964347   -0.897082961182779
  126    0.021858187704300    0.988800554927921    0.147633607977723
  127    0.006872660466048   -0.816404530031049   -0.577439529200158
  128   -0.027207145683212    0.935249719162932   -0.352941544776792
  129    0.149613968309003   -0.972929633642987   -0.176135142621104
  130    0.193132010963578   -0.893962591969395   -0.404389552907249
  131    0.311123045066713   -0.549601848792522   -0.775332353660195
  132   -0.082762979516561   -0.988620728628729   -0.125615859457089
  133    0.106941642758883   -0.373463598490556    0.921459942507820
  134    0.175023745734142    0.097733568783723    0.979701402449740
  135    0.367568898383802    0.322077386518056   -0.872444417733655
  136    0.048042871205231    0.828839233130529   -0.557420315515998
  137    0.260635334367891   -0.175129257941183   -0.949420331303216
  138    0.316907902236605   -0.948296966120636    0.017385210565087
  139   -0.103549540283434    0.847091395618784    0.521261604355923
  140    0.115335904983890    0.673688472934283   -0.729959910171114
  141    0.334425222927130   -0.292170648029620    0.895988885366382
  142    0.307505796841156    0.734638796486704   -0.604769397047877
  143    0.334403249167488    0.066084145620640   -0.940110287489620
  144    0.153625315574655   -0.871769751465598    0.465206150909677
  145    0.077836671327232   -0.994869546754299    0.064622268124792
  146    0.377563189205534   -0.901167349292058   -0.212940007342145
  147    0.163190516109659    0.960180912367140   -0.226763028242414
  148    0.528964391587747    0.616468131978135   -0.583235556775814
  149    0.364039439275236    0.551472374883817   -0.750568788581150
  150    0.413331469544570   -0.335356888830154   -0.846577139661995
  151    0.288467832003383   -0.526100577112409    0.800002807908358
  152    0.535702140477033    0.157094369362767   -0.829665339641737
  153    0.372285851843845   -0.816212829506492    0.441814283908871
  154    0.145294724509636   -0.143756256629775    0.978888952695587
  155    0.088240957977223   -0.636057534005872   -0.766579641504802
  156    0.449927537327018    0.892843809301892    0.019878212850539
  157    0.487398830059596   -0.100755660069339   -0.867346918724295
  158    0.370149560248599   -0.044029931236981    0.927928158966542
  159    0.072990139074053    0.922911512902886    0.378030129684469
  160    0.537204494319322   -0.842847870018116   -0.031918635450883
  161    0.193260607036508    0.337194828520834    0.921384819381503
  162    0.374087403443557   -0.677324592276901    0.633474554565365
  163    0.001062498646653    0.467388067954811    0.884051618985054
  164    0.436724667851315   -0.659885735966412   -0.611410156898154
  165   -0.025257413150827    0.699248499195051    0.714432361707108
  166    0.393849912914088    0.199987378600697    0.897155111727056
  167    0.178353493748962    0.588954177576508    0.788240450613084
  168    0.539611496216269   -0.183506574528411    0.821671935906350
  169    0.139851286864449    0.794158610960512    0.591399795569484
  170    0.572132170308239   -0.719897797008981    0.392952849028989
  171    0.577802309725307    0.057719139145878    0.814133276467901
  172    0.490871795210055   -0.433430216502549    0.755766583072982
  173    0.371427446890085    0.445313005131489    0.814701159418271
  174    0.731333114203068   -0.084313128573083    0.676788868422243
  175    0.344480064876721    0.676498563737069    0.650909500748155
  176    0.417609923378818   -0.803630042436374   -0.424005550422690
  177    0.574383984269404   -0.576269345920878    0.581374818483504
  178    0.266434104837250    0.938721188073908    0.218667324583909
  179    0.304716640082880    0.847033833959535    0.435524343044577
  180    0.473284743666186    0.778791442405888   -0.411686094795767
  181    0.553302688857942    0.400614867421619   -0.730317644934949
  182    0.592549406217484   -0.763905332196263   -0.255604860347812
  183    0.242550256222195    0.871025856075530   -0.427180677529353
  184    0.630432966348224   -0.256487093942298   -0.732644965575014
  185    0.389845813423237    0.896409903377654   -0.210877990513094
  186    0.616725906168905   -0.633378393779085   -0.467419476438423
  187    0.707854506859678    0.229872033762093   -0.667907811911585
  188    0.734345709757621   -0.674481483423237   -0.076230617731762
  189    0.675057045284149   -0.018824006998040   -0.737525350325514
  190    0.673348029704044    0.639783205779890   -0.370512996392420
  191    0.672342068579580   -0.316651564794135    0.669094858246241
  192    0.594787853468513    0.782079769867136   -0.185953335358329
  193    0.487271427565230    0.837204473018742    0.248304704417682
  194    0.703166097787001    0.461954793904071   -0.540513836374287
  195    0.762614402324112   -0.574655639453447   -0.296968296981659
  196    0.498513129943566    0.726561631533624    0.472856061457466
  197    0.829844373655581    0.467672426540941   -0.304369540140738
  198    0.549562546573442   -0.471178623233382   -0.689907031716309
  199    0.727154432543407   -0.430251915326152   -0.534910946411319
  200    0.574265504604798    0.297996474444780    0.762507200909918
  201    0.672757496964212    0.687168481253431    0.274220401593865
  202    0.795841688466543   -0.204049928587551   -0.570087391144671
  203    0.822924640719881    0.036588778984195   -0.566971160596816
  204    0.746452062243099   -0.447211324180659    0.492758917014808
  205    0.836887530226839    0.286289476162267   -0.466537884409784
  206    0.649908625981964    0.758547762380526    0.047160047304188
  207    0.770979971545966    0.623646395944359   -0.129054470285196
  208    0.902616809501639    0.427547361232095   -0.049861298705045
  209    0.530463399088166    0.524103720888892    0.666276122923708
  210    0.812241476409721    0.572198214942164    0.113371014006037
  211    0.917316154806550   -0.138481037197865   -0.373301586478720
  212    0.727196237061937    0.367300505754793    0.579893068828411
  213    0.748885484750492    0.146848637124759    0.646224425803158
  214    0.838866748784241   -0.219681176404550    0.498038912654092
  215    0.666812689255267    0.569215344836678    0.480993480881623
  216    0.661867909012137   -0.735348071762714    0.145581882027814
  217    0.877342399943627    0.016287936713456    0.479588382239161
  218    0.745740544981529   -0.588436073600712    0.312432435665744
  219    0.870902767298356    0.248127842204253    0.424218038083162
  220    0.817110066309392    0.468171414753193    0.336372807973319
  221    0.939380053001656    0.268555346406413   -0.213173971063864
  222    0.962607820802906    0.100317366746963    0.251639840363237
  223    0.863039195946639   -0.363338923997804   -0.350924739179069
  224    0.946200838816498   -0.140845419530572    0.291318623538236
  225    0.924675063663563    0.335873313322404    0.179346435806838
  226    0.837736622001614   -0.536839982117742    0.100000928781421
  227    0.947914745543886   -0.308394291826339    0.079690626483924
  228    0.878712678400624   -0.374216025505268    0.296355183982063
  229    0.880584573633669   -0.458735939906251   -0.118878703377591
  230    0.961537116181724   -0.231318110232042   -0.148115853586343
  231    0.983726989168481    0.179198735356266    0.013000924129862
  232    0.995220307448313   -0.070301370774433    0.067780947984827
  233    0.925765395095612    0.094234996907511   -0.366166899925848
  234    0.987614948282830    0.007028003512103   -0.156739660248886
   
 U =    25402.0285811352     


 http://math-lab.ru/  - см. Задача Томсона
