     96
    1    0.051948348461180   -0.008801664644047    0.998610985214788
    2   -0.963028464904101    0.210135631015441   -0.168579928705033
    3   -0.826357670578287    0.116900174717452    0.550878706638273
    4   -0.753262792730072   -0.500074808122188    0.427224006078836
    5   -0.558084077956391    0.480797757238975   -0.676295555630478
    6   -0.698413742907637   -0.243912677265255    0.672848310978812
    7   -0.925459091188298   -0.180916869354067    0.332858163367002
    8   -0.988813655158546   -0.144355838278498   -0.037535947129487
    9   -0.961876409388855    0.183369784297664    0.202902181525561
   10   -0.787296112718845    0.463226476109369    0.406922674139808
   11   -0.900441808511629   -0.071914956794413   -0.428990429349611
   12   -0.865162133587729   -0.496100132927791    0.073342625498112
   13   -0.820930897457053    0.289669930416554   -0.492101405213221
   14    0.330126871950421   -0.258710151615007    0.907791444037434
   15   -0.532879033983563    0.835742143222352   -0.132570755383132
   16   -0.022936306528563    0.852929981873540   -0.521521209409580
   17   -0.726921569757248    0.601249889393428   -0.331788489743163
   18   -0.598500135417274   -0.775773068423573    0.199934324752349
   19   -0.652355858116927    0.091910770259544   -0.752319243865811
   20   -0.412609651511619   -0.439172690724754    0.798048008080366
   21   -0.857709413169663    0.514125032584787    0.003164400392512
   22   -0.469225681913170   -0.693467945456081    0.546744426636469
   23   -0.863932570194134   -0.410723148095282   -0.291422390657372
   24   -0.576294181826319    0.067567581979050    0.814444373704329
   25   -0.398822907634760    0.782310412934946   -0.478467037693622
   26   -0.131096277428808   -0.709863654104848    0.692031327777307
   27   -0.345636350903783    0.241354146577952   -0.906798593329051
   28   -0.649960400516226    0.733453967888032    0.198989333257062
   29   -0.268357822989471    0.257779013228508    0.928188590308720
   30   -0.243834235745625   -0.909258760195759    0.337332732603313
   31   -0.325244076580407    0.927919299950641    0.182159445070715
   32   -0.566507275541113    0.423383565994269    0.706976564537299
   33   -0.126525818341798   -0.721213174209757   -0.681060037470432
   34    0.035563075623408    0.990490466627754    0.132905617532664
   35   -0.037152617407551   -0.393735990834714    0.918472456060156
   36    0.389544760079660    0.764025956285541   -0.514314318307827
   37   -0.657271584694157   -0.736353841176955   -0.160552435476935
   38   -0.178983231362061    0.965388652795674   -0.189709651690547
   39   -0.217086364113115    0.597510705799735    0.771916100992103
   40   -0.694636210910131   -0.263567144701132   -0.669337653749218
   41   -0.223334697541509    0.602876059937993   -0.765938685031435
   42   -0.343736371972427   -0.938480788614624   -0.033152918189897
   43   -0.299647534703345   -0.126218865113700    0.945663868949014
   44   -0.457900439953299    0.726505382441708    0.512364241896136
   45   -0.057742978591259   -0.959857855046194   -0.274478863538758
   46    0.205169623526339    0.949522475927209   -0.237302535365981
   47    0.112956640211489   -0.882727163058931    0.456106953498917
   48   -0.400114908563786   -0.497032698649656   -0.769978283082084
   49   -0.102387699042914    0.869233791037200    0.483683135537922
   50   -0.626713614800579   -0.593913358199176   -0.504476925117660
   51    0.155171086640912    0.626979758556436   -0.763425383538687
   52   -0.365064850129686   -0.830733121759027   -0.420250086986656
   53    0.471587024813174    0.451267602876318   -0.757603609166509
   54    0.220443472661150   -0.611058832066446    0.760270859046093
   55   -0.387852156230304   -0.145286052150487   -0.910199246296123
   56    0.590199233267844    0.781566991838551   -0.202034408748823
   57    0.406268668740118   -0.897566100007616    0.171233363913843
   58    0.081755843190101    0.360817636292478    0.929046078213877
   59    0.177838739846052   -0.832694927443252   -0.524397311606615
   60    0.573060900696526    0.639962652035543    0.511907226060075
   61    0.038695830002690   -0.994943601057261    0.092681516256548
   62   -0.070267185312108   -0.400507722210795   -0.913595143987661
   63    0.009611932320453    0.343557793628552   -0.939082346332923
   64    0.138502442216630    0.688949662131355    0.711453045920193
   65    0.675219180167007   -0.092191259442077    0.731833198493399
   66    0.288612824397361    0.858147935671647    0.424599526725913
   67    0.247849143565663   -0.576541623091489   -0.778569559433708
   68    0.409482292850211    0.109862337505843    0.905679037319450
   69    0.570571283459303   -0.447032247403171    0.688919864914109
   70   -0.041948062149627   -0.022702783444038   -0.998861824130737
   71    0.320909053083979    0.164712731053015   -0.932677380382842
   72    0.393572461861372    0.915442142393061    0.084061889076922
   73    0.578937897057540   -0.420486739560895   -0.698585580443829
   74    0.728012085638651    0.216217888304914   -0.650575305357516
   75    0.319200198263566   -0.929154212739038   -0.186503840115422
   76    0.410290948549665    0.462778188260429    0.785810209916244
   77    0.269964329091922   -0.233782239904824   -0.934058416440338
   78    0.520955775671183   -0.713067754141443   -0.469190214943273
   79    0.712298823985502    0.535720431966750   -0.453468856838295
   80    0.796892921122109   -0.475492883907664   -0.372650224229968
   81    0.852310208898961    0.413478880756717    0.320316285840702
   82    0.714360752470299   -0.647206662957396    0.266105713493002
   83    0.454647505575191   -0.737044586077257    0.500060920097203
   84    0.681936527423914    0.710485019607055    0.173705525182641
   85    0.574599665264827   -0.067514359991708   -0.815645165419656
   86    0.647065488731146   -0.754650069185237   -0.108671644746176
   87    0.828191081632186   -0.140036141600780   -0.542668786047693
   88    0.700276753778171    0.284537778023003    0.654714228496402
   89    0.856405747613227    0.508305079250798   -0.090527022832248
   90    0.880086692176385   -0.474708738037048   -0.009951295659529
   91    0.919902606352849    0.213187047021200   -0.329135956418645
   92    0.823271657350013   -0.346298248568736    0.449779169418048
   93    0.894662834451898    0.050869973090464    0.443836296947727
   94    0.981747333001173    0.182761529358472    0.052634565939478
   95    0.968565021059600   -0.139906233805434   -0.205689196902015
   96    0.971043535699604   -0.172254687824628    0.165537833435294
   
 U =    4089.15401032421     


 http://math-lab.ru/  - см. Задача Томсона
