     10
    1   -0.606829592671043    0.365534678122403    0.705791927233974
    2   -0.976691908401834   -0.080807192415176   -0.198854503887542
    3    0.286585564666243    0.889706577404121    0.355374338196748
    4   -0.428428160518508   -0.843963839721395    0.322760512636611
    5   -0.219380604186990   -0.434563071347872   -0.873514217129438
    6    0.265319638938283   -0.255448612866630    0.929705058272877
    7   -0.397052851983422    0.775830959570175   -0.490342079475392
    8    0.538895650248407   -0.821385428194106   -0.186862132316133
    9    0.560609111655453    0.323825323848946   -0.762138165664868
   10    0.976794305026293    0.081415169947478    0.198102134694768
   
 U =    32.7169497636245     


 http://math-lab.ru/  - см. Задача Томсона
