    216
    1   -0.134291097497517    0.015998238888730    0.990812776202130
    2   -0.999504821174408   -0.016224493406107   -0.026960679940038
    3   -0.903728214751806    0.048070129572100    0.425399314179555
    4   -0.964446592041219   -0.262568642401913    0.030007984392407
    5   -0.841045111620581    0.126748309099907   -0.525906822887324
    6   -0.886429536837207   -0.359723955316788    0.291275388925704
    7   -0.962659393570809   -0.128845261057648    0.238087779343813
    8   -0.953962887892045   -0.206720704951871   -0.217304759885444
    9   -0.977228547205676    0.108213357759460    0.182521877397495
   10   -0.933334731821717    0.336536321646154    0.125018329008829
   11   -0.875613637336965   -0.110204043676043   -0.470272077490232
   12   -0.881648843831055   -0.441885347917115   -0.165628063647240
   13   -0.961311108582253    0.028221881725400   -0.274015470198743
   14   -0.562334003168847   -0.070185798374995    0.823926223994942
   15   -0.852833479709856    0.464977526827208   -0.237636182917569
   16   -0.699615672876140    0.592236308772295   -0.399742498163296
   17   -0.910182682415475    0.254796153738395   -0.326567611178897
   18   -0.746083701268050   -0.655998136951023   -0.114129553661412
   19   -0.719838422118999   -0.006325231824446   -0.694112842039100
   20   -0.742331010100615   -0.424959147457974    0.518029337426745
   21   -0.967391385184602    0.237324069164529   -0.088494034069006
   22   -0.869880404868015   -0.486746859265630    0.079909800536007
   23   -0.846664331612314   -0.347626814325851   -0.402883491269043
   24   -0.857201496319211   -0.192294986703814    0.477732386171050
   25   -0.777888076568206    0.380469816179814   -0.500132841662207
   26   -0.491409361124023   -0.300051644290718    0.817609840057051
   27   -0.673469391849781    0.243106275070882   -0.698096209173669
   28   -0.809472997650678    0.531546794817843    0.249422274452990
   29   -0.783709230509787    0.225578655293196    0.578717644702380
   30   -0.750390887329942   -0.572179929450806    0.330943567010831
   31   -0.855633110917315    0.517567335545713   -0.004004082675144
   32   -0.883275686190355    0.296534518637246    0.363168475285967
   33   -0.536709349371979   -0.377689499091111   -0.754515550915296
   34   -0.694552516497496    0.711497942128302    0.106618385723039
   35   -0.693365416102716   -0.247316615761342    0.676815256418666
   36   -0.342590976765486    0.920696683474397   -0.186946622537335
   37   -0.736884351143441   -0.583600998992996   -0.341191041814240
   38   -0.724179357354268    0.674615103129204   -0.143033985513696
   39   -0.621595185721027    0.385174623754360    0.682099651300401
   40   -0.553378842369714   -0.147771875331357   -0.819716615470620
   41   -0.597022444659477    0.477008842507450   -0.645001368016010
   42   -0.563441120149009   -0.796992359397913   -0.217571328962658
   43   -0.763605479575113   -0.011947837007731    0.645572552664453
   44   -0.736549378529812    0.477200800973106    0.479347899273559
   45   -0.545062307880316   -0.713269548076407   -0.440628678498191
   46   -0.560665134610179    0.777657020926109   -0.284436574014103
   47   -0.549166981641801   -0.491041644909708    0.676234965998359
   48   -0.345882009949211   -0.073282557422696   -0.935411835488029
   49   -0.631274327497555    0.692062715613562    0.350059882163169
   50   -0.733795626526080   -0.243840758565760   -0.634102249604331
   51   -0.504930485375755    0.674332685212132   -0.538814100217135
   52   -0.686217179804105   -0.472929616944032   -0.552669484917407
   53   -0.239003702395074    0.757489360205438   -0.607525389936094
   54   -0.319885833001676   -0.474236810056775    0.820227103814546
   55   -0.522400385554949    0.102806517642551   -0.846480157536048
   56   -0.058518640299910    0.992262394466713    0.109503010299424
   57   -0.350153672105972   -0.868204491742178   -0.351586925851077
   58   -0.610287641350841    0.157956067694973    0.776272423503997
   59   -0.313671464261721   -0.751723406428165   -0.580105277286756
   60   -0.302608704693364    0.951631179161231    0.053160800332662
   61   -0.722454999564911   -0.680697270355732    0.121284787726733
   62   -0.124689089713787    0.005424771591157   -0.992181033259320
   63   -0.364517536837772    0.577451210924628   -0.730532041966267
   64   -0.413267281289800    0.276912324619261    0.867484708043487
   65   -0.371837279751912    0.040027590678867    0.927434541825537
   66   -0.539790349785681    0.619463535255357    0.569992374306172
   67   -0.331945148862301   -0.318748831014275   -0.887812818601882
   68   -0.180491599465604    0.255099769129013    0.949919412535965
   69   -0.154045787748634   -0.814780139192464    0.558930425057012
   70   -0.456901994026823    0.350553288297189   -0.817528568258224
   71   -0.298053596194572    0.190032823504225   -0.935441916842780
   72   -0.534384054900792    0.844424525967134   -0.037160487254190
   73   -0.302340833221734   -0.544924391374734   -0.782078914337718
   74   -0.215038699301691    0.440400943654662   -0.871668151667090
   75    0.504548454627250   -0.836847432254579    0.212408173247102
   76   -0.422989973550518    0.496710966561682    0.757863904651153
   77    0.120378967346485   -0.153008438701521   -0.980865598288938
   78   -0.490379989571624   -0.590873105432648   -0.640621915878713
   79   -0.093011345677513    0.640416936052246   -0.762374604504053
   80   -0.108962054307414   -0.695034452385872   -0.710671781287099
   81   -0.483774137289543    0.849688574813055    0.209742484780548
   82   -0.571527934866802   -0.653100801801858    0.496804954033934
   83   -0.361033896916533   -0.670522232714781    0.648116085830653
   84   -0.241972476398822    0.924823707725388    0.293513935434908
   85   -0.059107218694280    0.274346232672413   -0.959812732420591
   86   -0.122622892527772   -0.868351078568984   -0.480551798015786
   87   -0.110372336231577   -0.244101221150364   -0.963448255604672
   88    0.023257741446291    0.421527174380218    0.906517467411327
   89   -0.365965149891769    0.832437246426286   -0.416074199905400
   90   -0.553742700768295   -0.832345111962545    0.023887987313558
   91    0.060171371583883    0.484160362441337   -0.872907869985366
   92   -0.303713392727286   -0.209596232127993    0.929423259099873
   93   -0.091440603582503   -0.440468579211870    0.893099124814006
   94   -0.204104329461631    0.486247844793534    0.849649607855298
   95   -0.145220061233273   -0.963027297422565   -0.226913107233571
   96   -0.358087107939394   -0.928393103643795   -0.099296869206648
   97   -0.406116439122915    0.797218188686770    0.446668330532968
   98    0.137002247341811   -0.386924753592703   -0.911876975957020
   99   -0.367581765030285   -0.821678762311771    0.435577384150069
  100   -0.070769257043911   -0.216766715495196    0.973654920036292
  101   -0.369283510543646   -0.912492125730111    0.176033546010708
  102   -0.089432796001331   -0.477832625456257   -0.873886581341632
  103    0.119692276270573   -0.609319131259236   -0.783839240713718
  104    0.049898274560092   -0.900805883743016    0.431345478717338
  105   -0.559555281175222   -0.778471836959922    0.284393189737663
  106    0.125380576912678   -0.561077245228572    0.818212708175423
  107    0.074022859978270   -0.934690395987807   -0.347670073271763
  108    0.102088358370064    0.090070657404690   -0.990689277099531
  109   -0.165958302900846   -0.934628386824187    0.314527614432641
  110    0.004397866298175    0.816997930425998   -0.576623829243693
  111    0.182227671216853    0.967862546829313    0.173306567353800
  112    0.511611778008831   -0.711818604352993   -0.481214778554857
  113    0.073711063577031   -0.748022251507157    0.659567578309082
  114   -0.104936291798664    0.984381231385959   -0.141357581892904
  115   -0.296847461071951    0.687485450384217    0.662755867846635
  116   -0.161903884363662   -0.985505830054165    0.050649690593422
  117   -0.131514683801259   -0.644008859288646    0.753628872259013
  118   -0.161927474670458    0.836076064988020    0.524172019952416
  119   -0.062238017582920    0.661421167914686    0.747427901407032
  120    0.286556062543636   -0.909757771345271    0.300377130448331
  121    0.005122370348576    0.933807014637818    0.357740437657275
  122    0.411979317310450    0.880123513318069    0.235914483262631
  123    0.332746794148806   -0.648307180065808    0.684819225240364
  124   -0.141822487013321    0.911343608485000   -0.386444316106337
  125    0.350303379502324   -0.475546769350603   -0.806934205787222
  126    0.239360044751185    0.874149154514845    0.422575466204195
  127    0.088211724543844   -0.796752087389116   -0.597833424035565
  128    0.134407188940130    0.987341628053287   -0.084209364528518
  129    0.264985940398285   -0.945794051212936   -0.187765982226436
  130    0.282338627118003   -0.844802095866125   -0.454526477179629
  131    0.541254422711896   -0.533759993346207   -0.649726034108122
  132    0.053322204207965   -0.995875545487795   -0.073407359561490
  133    0.149848777738238   -0.328740904519822    0.932456305413742
  134    0.067494815111820    0.173772870761717    0.982470070445025
  135    0.217073762118276    0.294184666365380   -0.930770843911276
  136    0.088049442864933    0.936662385344945   -0.338985060867131
  137    0.354134880704040   -0.234746153022602   -0.905252854129621
  138    0.284964999982574   -0.956568547542899    0.061413049399937
  139    0.068187020295731    0.800528439188010    0.595403013356834
  140    0.161686553323956    0.673492989680443   -0.721293734428296
  141    0.351605826589406   -0.426528012315879    0.833334985115977
  142    0.245036988166830    0.819660497523618   -0.517796816550144
  143    0.330610691855254    0.019676777407357   -0.943562077905768
  144    0.265326857622755   -0.811627020417038    0.520445230886974
  145    0.058685306383081   -0.980725439512601    0.186369651787892
  146    0.497252974107665   -0.866924350332627   -0.034375144238736
  147    0.366020584189023    0.930533125558812   -0.011706160244721
  148    0.405797592809499    0.647061975631883   -0.645475881316553
  149    0.319075159516626    0.485485684763163   -0.813937769408376
  150    0.554831396253202   -0.308055498294186   -0.772828526713684
  151    0.527186447988208   -0.509160641247024    0.680316022494323
  152    0.444463082846783    0.227519850301696   -0.866422117506835
  153    0.483882349879534   -0.747038476280997    0.455841404910552
  154    0.132246801417084   -0.069740646539117    0.988760347978850
  155    0.322112258485524   -0.683694089114195   -0.654832868328756
  156    0.584866554255248    0.806721405513496    0.084449319712611
  157    0.538698560290104   -0.051624591008326   -0.840915431386886
  158    0.359861018417364   -0.176233714265800    0.916210524595575
  159    0.475116649517399    0.761921741366807    0.440158413964715
  160    0.690115146907967   -0.723234115218408    0.025951851426075
  161    0.253823742226674    0.325021310879640    0.911007494676156
  162    0.648410833583303   -0.580470825829052    0.492561682688721
  163    0.167121935083781    0.584923487370232    0.793684302941982
  164    0.705959606336994   -0.569315894059042   -0.421308019140712
  165    0.294145783499906    0.717109674962694    0.631848060948299
  166    0.325289557015299    0.080353603873143    0.942194248783863
  167    0.391934985451738    0.476881618472286    0.786747029954482
  168    0.559191679782472   -0.270465082328164    0.783679337805506
  169    0.510144815346923    0.599403739612322    0.616820414961614
  170    0.685186436273693   -0.676403447434681    0.270181279597673
  171    0.547369734019334   -0.018855768940239    0.836678453324380
  172    0.720578076941270   -0.353146597530660    0.596703205692863
  173    0.493396109099045    0.234830946756283    0.837505048325962
  174    0.733090109933720   -0.112558232812066    0.670752961188836
  175    0.623494488886708    0.380559269325120    0.682956268628259
  176    0.460468493188809   -0.842935600232419   -0.278259484368890
  177    0.814856911639435   -0.449957607332095    0.365439961084468
  178    0.657051562800262    0.694656263020130    0.292806967247437
  179    0.695681466341397    0.536668644255996    0.477508181774423
  180    0.472916734415757    0.767733213042266   -0.432360354220105
  181    0.542891864258853    0.412505862567490   -0.731510312346311
  182    0.656973361759033   -0.718822667259408   -0.227332300769391
  183    0.315027260050563    0.909054266999102   -0.272723605644544
  184    0.721526868340274   -0.375488899857532   -0.581727654789470
  185    0.527107648778326    0.830668746433623   -0.179295734187343
  186    0.816726654386647   -0.559139711101113   -0.142549484334942
  187    0.645505227097689    0.153291061899055   -0.748214442610821
  188    0.837554068574592   -0.532507320819115    0.122225756239000
  189    0.715499247973609   -0.127682469159675   -0.686846426225316
  190    0.620535616407391    0.561792088068804   -0.547106204089473
  191    0.866442068843990   -0.206717951148758    0.454473134530752
  192    0.672951566633704    0.664780065233731   -0.324351127380621
  193    0.796869859821177    0.592230247486179    0.119422612896540
  194    0.738012161895980    0.330700695199623   -0.588196480003160
  195    0.929936632051841   -0.365183435349328   -0.043115181949535
  196    0.840643731772314    0.443912309490160    0.310257921276847
  197    0.802428632844758    0.465274110338669   -0.373668692078228
  198    0.855163122611204   -0.399910310707881   -0.329799601448184
  199    0.953673581109335   -0.201082227949512   -0.223769162971482
  200    0.700001773057839    0.135531913859392    0.701162333587231
  201    0.925592565919290    0.369098160223378    0.083934200625623
  202    0.853111246301042   -0.195534727068674   -0.483701738620880
  203    0.809248985194432    0.075021897661942   -0.582655811635809
  204    0.930818678273262   -0.297340901524557    0.212520531850881
  205    0.887415212451338    0.242789600700887   -0.391851311726082
  206    0.715843190252778    0.692983869304832   -0.085684793586890
  207    0.854930920822928    0.501075070859550   -0.134227024044925
  208    0.988647340769282    0.043525376883887   -0.143812298350813
  209    0.799912402532970    0.294591874189162    0.522834367592308
  210    0.947301538489440    0.279630627293246   -0.156289818782689
  211    0.927417964229388    0.005626103761880   -0.373984313282092
  212    0.925498452561686    0.207092008969110    0.317120661778861
  213    0.859092227716558    0.043780234804503    0.509944933612899
  214    0.958241781370894   -0.045592514728261    0.282301277070949
  215    0.987579763050054    0.129720543657750    0.088649828917702
  216    0.990904330187764   -0.129092281022861    0.037997255104184
   
 U =    21576.0022993754     


 http://math-lab.ru/  - см. Задача Томсона
