     88
    1   -0.059220963093594   -0.004114749849699    0.998236418071361
    2   -0.938317293318026    0.222912600961013   -0.264330530573239
    3   -0.906185797862311   -0.027543956457244    0.421981788961715
    4   -0.617070361280407   -0.659245680472360    0.429673483016816
    5   -0.509164605673022    0.484021907392471   -0.711670006037904
    6   -0.712807654564577   -0.308262390968944    0.629983766384704
    7   -0.887766488422725   -0.377615729328691    0.263205286795582
    8   -0.991189025100355   -0.129490675051343   -0.027865419346484
    9   -0.968885327694850    0.210465879892810    0.130251046746614
   10   -0.814348619643781    0.397066533609611    0.423290082061365
   11   -0.889902148014903   -0.131674842151215   -0.436733217082139
   12   -0.729730837964231   -0.679621705224428    0.074881519161015
   13   -0.729469353907100    0.560741408893114   -0.391718692511505
   14    0.222344862067727   -0.320394492447472    0.920820357899091
   15   -0.196637944765888    0.952953897920498   -0.230678102810771
   16    0.005494700866280    0.792142793340367   -0.610311070865760
   17   -0.563841108409422    0.814752000861929   -0.135138379297366
   18   -0.417300497070423   -0.902522676927669    0.106363117555347
   19   -0.760168035401394    0.211800042347567   -0.614235541153029
   20   -0.407998581130675   -0.557056394110488    0.723343163080965
   21   -0.841125562453946    0.540613281214081   -0.015654659417507
   22   -0.260316813811083   -0.846398295860462    0.464591305570553
   23   -0.872250027081742   -0.450718815899808   -0.189822125290429
   24   -0.694206043887662    0.119562718020639    0.709776531796705
   25   -0.377453695557127    0.772575779160575   -0.510544193155400
   26   -0.000802257256322   -0.676695463734365    0.736262592927705
   27   -0.398852898590715    0.173009489450309   -0.900546546185109
   28   -0.648506510805813    0.715326893883646    0.260282039966734
   29   -0.345597512580297    0.253229192385062    0.903569220050307
   30   -0.041265151228656   -0.992217808955392    0.117477686757258
   31   -0.304335398493944    0.941613570172234    0.144027253292669
   32   -0.547747963818599    0.494221086892515    0.675068652363120
   33   -0.000635502342473   -0.808014239106914   -0.589162613831909
   34    0.099395764653029    0.991877067099840    0.079374843183842
   35   -0.152573452628965   -0.367228074241416    0.917531952054978
   36    0.416021290208371    0.753706546780093   -0.508775714273185
   37   -0.587097023344636   -0.762710736828061   -0.271273694093373
   38    0.175838935986846    0.939862111362734   -0.292813729554809
   39   -0.160926501646197    0.616352706284691    0.770851478900737
   40   -0.634250706704427   -0.112560875669884   -0.764889593544953
   41   -0.151224265975956    0.524361863133062   -0.837959341419175
   42   -0.232400233506376   -0.939014228441924   -0.253460865322045
   43   -0.458173963087175   -0.136245707461366    0.878358541113675
   44   -0.367871790099945    0.785083575415559    0.498311273865427
   45    0.155323349732331   -0.959824147246758   -0.233692668669689
   46    0.487977032449181    0.869311360777395   -0.078588636745043
   47    0.136520086880810   -0.885693302014903    0.443745017599065
   48   -0.418350700077821   -0.415607610862890   -0.807621820864962
   49   -0.005352631592978    0.898348500656273    0.439250863065351
   50   -0.699077547163429   -0.470118032307973   -0.538776037654649
   51    0.247348415125172    0.526958276655285   -0.813101307463933
   52   -0.364929054625610   -0.724333019335579   -0.584951675089714
   53    0.609097301421881    0.462567975936443   -0.644229264345112
   54    0.384882076651886   -0.589909858717077    0.709839521061296
   55   -0.200184064895311   -0.142732826364970   -0.969305772416453
   56    0.725819204496604    0.627665766738270   -0.281464327488896
   57    0.497522901118423   -0.769754092135877    0.399936995666541
   58    0.056498906706573    0.358410544645526    0.931852861254318
   59    0.369562113874545   -0.783054964804714   -0.500248704229472
   60    0.592593372415704    0.608405486822032    0.527897583413514
   61    0.368211186527184   -0.926420871528137    0.078516819301924
   62   -0.053252044992329   -0.515708190091344   -0.855107760680983
   63    0.009197410286787    0.202339637315281   -0.979272218954024
   64    0.214765293530944    0.707405032386522    0.673389923334758
   65    0.684610394567581    0.172343844447605    0.708241630328973
   66    0.391055859524269    0.864474362022857    0.315847102467173
   67    0.313781013822113   -0.532361555604824   -0.786214124446247
   68    0.344648788230440    0.049605825531501    0.937420116513737
   69    0.587737302299350   -0.226842198037135    0.776599948928381
   70    0.186929647946475   -0.178674142493938   -0.965988021417793
   71    0.387539062919640    0.169437845326591   -0.906148051524942
   72    0.726329713281583    0.670326720364215    0.152010642949923
   73    0.658745896029215   -0.521082727014676   -0.542703082791700
   74    0.706487482959336    0.106996669964764   -0.699590701080449
   75    0.598117808116114   -0.775104866426595   -0.203635786776749
   76    0.416660185684224    0.413640046474650    0.809503676099150
   77    0.546934080915069   -0.225000248738997   -0.806373362159849
   78    0.741981389976197   -0.658251606179515    0.127155180354868
   79    0.883095496567840    0.262140262163911   -0.389133430707562
   80    0.865972707111154   -0.456271258543099   -0.204713969152268
   81    0.844984583601004    0.356357025955303    0.398761487018153
   82    0.859272227985527   -0.094194793781068    0.502770901144179
   83    0.733305770033965   -0.466165319746357    0.494926804993092
   84    0.920891478487527    0.388831868061776   -0.027724776439956
   85    0.846535896459463   -0.181859332085491   -0.500304066882323
   86    0.934456856911588   -0.317522039357764    0.161152527417359
   87    0.983764438149133   -0.053200747606800   -0.171397814126083
   88    0.980501717520500    0.075234559452435    0.181538268702078
   
 U =    3416.72019687530     


 http://math-lab.ru/  - см. Задача Томсона
