    160
    1   -0.038888477076777   -0.009567053897914    0.999197757118361
    2   -0.974436058441393   -0.136126504877998    0.178728684544207
    3   -0.781181915146974   -0.082961135254956    0.618766729458295
    4   -0.880237822090838   -0.433058664851783    0.194014353483369
    5   -0.958264728147431    0.264099873056332   -0.109453039428603
    6   -0.718470822607610   -0.520105109250582    0.461833684775142
    7   -0.866423660049603   -0.265932323416391    0.422599148920830
    8   -0.950651196120377   -0.301520215571331   -0.073129083931875
    9   -0.910931258012769    0.053373055802502    0.409091139099318
   10   -0.876916900124294    0.438434236591235    0.196957280802362
   11   -0.927212913052897   -0.148861182399623   -0.343680901771610
   12   -0.820644140999387   -0.569115273070522   -0.051487860717302
   13   -0.995543032596891   -0.014440202745303   -0.093196302461307
   14   -0.329733380492881   -0.028620748161612    0.943640159469385
   15   -0.709296398376960    0.696801496662210    0.106612820517881
   16   -0.690059630200388    0.689174890425233   -0.221033203784117
   17   -0.851550445951154    0.519660984375628   -0.069385152000588
   18   -0.622678570950183   -0.782465272826068   -0.004415212414437
   19   -0.916348941096396    0.137564986480483   -0.376005974216020
   20   -0.494328319766700   -0.583492868229402    0.644341202316022
   21   -0.972082511323050    0.169750045067725    0.161989238467798
   22   -0.699967976899575   -0.674214874185154    0.235540091582333
   23   -0.840710352557341   -0.440112759927422   -0.315447082173824
   24   -0.657727437225871   -0.335562084193498    0.674383204099868
   25   -0.838569120045632    0.420988443561610   -0.345789764587484
   26   -0.255092769086480   -0.561463468298128    0.787201659631399
   27   -0.745171701796701    0.298801191432221   -0.596185359464733
   28   -0.702909177395161    0.597093300206074    0.386520735773227
   29   -0.716827657751050    0.184663301472826    0.672352269403696
   30   -0.489042726809292   -0.764403016906700    0.420149067711530
   31   -0.508961791535547    0.815806149094466    0.274623782394358
   32   -0.830513200303144    0.327598579566511    0.450474188814669
   33   -0.576197100311553   -0.391453464642854   -0.717468526565217
   34   -0.262605466267821    0.866553910563118    0.424408634660074
   35   -0.427402789142771   -0.326858679241040    0.842905842688128
   36   -0.017104995292038    0.999368461970964   -0.031146369834199
   37   -0.656619499375865   -0.703824670920376   -0.271075018478672
   38   -0.514411986174388    0.856502929714403   -0.042226056774998
   39   -0.369448828606371    0.489466455027799    0.789892494231905
   40   -0.794238417249507    0.012163903583960   -0.607484465657023
   41   -0.651088743129668    0.574817521206735   -0.495649337620433
   42   -0.411389587825676   -0.897607480561216   -0.158301667297498
   43   -0.574204423894179   -0.062459231338722    0.816325991256514
   44   -0.618523545090692    0.453200625070381    0.641901719583504
   45   -0.426857091352131   -0.793822026886352   -0.433173883322209
   46   -0.263244548003395    0.948744652746337   -0.174888226681271
   47   -0.242418995398091   -0.776193471941097    0.582028113398490
   48   -0.602250977580312   -0.123791082439476   -0.788650447227427
   49   -0.474788829739325    0.687812703236612    0.549080369728426
   50   -0.783846442852750   -0.272984156577462   -0.557731480449850
   51   -0.472525414037024    0.809415245942758   -0.348664154631019
   52   -0.651896147026540   -0.564068842762705   -0.506811359498082
   53   -0.208678618267335    0.866946412540528   -0.452611480257787
   54    0.000487559168082   -0.492627557334206    0.870240111716870
   55   -0.578414606115456    0.154831076636824   -0.800914403129188
   56    0.225208583669987    0.963214703669213    0.146623765047788
   57   -0.174788012089060   -0.933423102200021   -0.313321660772510
   58   -0.487237759732768    0.229149147554809    0.842668400775476
   59   -0.171830729616259   -0.790593993460441   -0.587737473591583
   60   -0.031906088446903    0.963974334313877    0.264074770290793
   61   -0.428604036667113   -0.888047144450006    0.166345570986562
   62   -0.359147660506285   -0.057494030713512   -0.931508128995757
   63   -0.415434930263068    0.674552688062572   -0.610239698597918
   64   -0.087448226946359    0.482441888174513    0.871551852811150
   65   -0.215216138385060    0.240833294315380    0.946404426304011
   66   -0.215140465037521    0.708411152682426    0.672211439250029
   67   -0.350459662768222   -0.349943502687983   -0.868744824271690
   68    0.090382750606954    0.252534523747535    0.963357292341905
   69    0.264962763854033   -0.545842424399488    0.794890421062250
   70   -0.516422312539206    0.430415740196318   -0.740304184577471
   71   -0.321813153248805    0.233162774281500   -0.917644492755999
   72   -0.288538014569201    0.949367239657953    0.124288609344150
   73   -0.163028537571003   -0.566498831569745   -0.807775197544201
   74   -0.245671184877092    0.492871320562697   -0.834699664722509
   75    0.781991481950590   -0.533708671948023   -0.321938465617575
   76    0.063242566133903    0.679701840798994    0.730756994795984
   77   -0.091463478684443    0.059301510643825   -0.994041127369638
   78   -0.404091932401752   -0.622671040981324   -0.670067522635631
   79   -0.147702943766435    0.712902989678534   -0.685531303231397
   80    0.087369351306605   -0.706215891229463   -0.702585020781996
   81    0.028438841621896    0.855640234132855    0.516789146577478
   82   -0.207214143462053   -0.919503778020252    0.334028593021274
   83    0.020643450292725   -0.720020318055742    0.693645867533946
   84    0.292651158590845    0.867612220057075    0.402000416645393
   85   -0.017910473973448    0.337803821479951   -0.941046116359654
   86    0.072990883510419   -0.886858882841934   -0.456238592020366
   87   -0.112032689729963   -0.247760311025183   -0.962321934028615
   88    0.393779024636311    0.237337784857021    0.888036517062017
   89    0.029323391575550    0.947093762426613   -0.319614680324777
   90   -0.191614621858021   -0.981367872373318    0.014175181257219
   91    0.070564988397665    0.585244728905043   -0.807780409332450
   92   -0.167700138069703   -0.273218053028794    0.947221494261272
   93    0.142934066281282   -0.262423712048955    0.954307941940517
   94    0.231900572636090    0.480107859812864    0.846001517349091
   95    0.297653949048713   -0.912708134768923   -0.279939256522446
   96    0.053598091553536   -0.988595321066208   -0.140735694647167
   97    0.326109765198485    0.704368958156892    0.630489327290449
   98    0.141596101303960   -0.124503932642236   -0.982063803860083
   99    0.051370929725501   -0.884592914319143    0.463526054839967
  100    0.255811172819599   -0.005877509951587    0.966708900723186
  101    0.286737496087544   -0.957091183897060    0.041929393555953
  102    0.077897125663906   -0.456576569143023   -0.886267383086441
  103    0.322900289031249   -0.323862726998840   -0.889296540758149
  104    0.302160102133642   -0.754312626336686    0.582847951379807
  105    0.043593771921635   -0.981898707324401    0.184321761071001
  106    0.518427425558225   -0.038571042070581    0.854251297419361
  107    0.340445230521234   -0.772090748258979   -0.536631085074499
  108    0.210315505339276    0.153402892390468   -0.965523143596322
  109    0.317298933206223   -0.890650223311531    0.325674019076304
  110    0.093887246210772    0.812572979857642   -0.575248065971742
  111    0.469753884399938    0.882241987589215    0.031310755752625
  112    0.921193128725717   -0.270153828301747   -0.280035941697551
  113    0.515783484420749   -0.546122922094828    0.660088744913438
  114    0.263711128598677    0.951581657527641   -0.157951858837301
  115    0.500651485752422    0.471248373919329    0.726135703496448
  116    0.558572551243349   -0.811599148729044    0.171182729210009
  117    0.411415644381607   -0.303390117238815    0.859471700709154
  118    0.577306617968896    0.638840653864395    0.508526978457808
  119    0.752805115948650    0.398871366537694    0.523627816638777
  120    0.561362891695071   -0.707676800952092    0.429028261565553
  121    0.540925111272842    0.792076855032219    0.282867954559600
  122    0.706375069074938    0.707223352223232    0.029485451658590
  123    0.654649173655636   -0.303488513221182    0.692336032411133
  124    0.329311588570635    0.845630570714965   -0.420074773707452
  125    0.569411066518379   -0.333169370220708   -0.751511282731762
  126    0.767396453190737    0.573785116641177    0.286135149101519
  127    0.343869111893129   -0.570792182223573   -0.745620760573552
  128    0.551830666877954    0.801812718234755   -0.229301722562275
  129    0.571695495196328   -0.741870547279148   -0.350417396617180
  130    0.584472079246347   -0.571982541598608   -0.575524422320937
  131    0.677415949682755   -0.068800665775453   -0.732375654636516
  132    0.509226557161166   -0.854721095364337   -0.100698374470365
  133    0.738872174905919   -0.038347392842529    0.672753585357951
  134    0.647759170515627    0.223771927652360    0.728240469493185
  135    0.289220183424583    0.417457556841338   -0.861441160925058
  136    0.766746175312834    0.597088392997376   -0.235766311399555
  137    0.435458140995230   -0.062643209217570   -0.898026745581612
  138    0.731559411441159   -0.678066263356602   -0.071042030020827
  139    0.913543667207905    0.304144982081944    0.270062581596761
  140    0.329159653497501    0.662094066363630   -0.673264710047600
  141    0.862041084347309   -0.196910573835874    0.467023976695995
  142    0.563982645200985    0.668478291458223   -0.484830227771737
  143    0.488923577882071    0.204061573132923   -0.848122991883554
  144    0.749334593178699   -0.472382451103323    0.464060866002867
  145    0.771071888254038   -0.601978424571859    0.207533417777319
  146    0.768306876446082   -0.342085318855517   -0.541001088935304
  147    0.882615484344059    0.468992137279841    0.032191333706287
  148    0.753277951559031    0.448767493315893   -0.480811880716357
  149    0.544824253221707    0.460560361962443   -0.700750088184392
  150    0.875808118815004    0.189564961544361   -0.443875280199753
  151    0.913013390646526   -0.338821603724303    0.227170573248003
  152    0.711287569640052    0.206785594146596   -0.671795885168246
  153    0.895429180901754   -0.443058966891790   -0.043650129969957
  154    0.864695443496492    0.127951394253220    0.485726497841185
  155    0.858274519448257   -0.079903871500687   -0.506932165664268
  156    0.973458456532836    0.018586669888405   -0.228107801504395
  157    0.917225346342720    0.337522432048126   -0.211604045071912
  158    0.967010517960830   -0.019292557173103    0.254004833400568
  159    0.986243664135470    0.163488763855904    0.024389732378805
  160    0.987404906426839   -0.158209959681916    0.001076764436565
   
 U =    11683.1759793272     


 http://math-lab.ru/  - см. Задача Томсона
