    145
    1   -0.285026895960849    0.075757971923852    0.955521008805619
    2   -0.981818445878870   -0.121551557581068   -0.145800405286187
    3   -0.903745460596575   -0.084430239494482    0.419661383867981
    4   -0.905674640276867   -0.418420130359484   -0.068396202155677
    5   -0.839914619485064    0.327945572651535   -0.432429339145156
    6   -0.805654796578356   -0.559838485702165    0.193652313895278
    7   -0.950428581320880   -0.258273920191151    0.173147607426365
    8   -0.881800356992772   -0.275643689469433   -0.382686146683020
    9   -0.994205983013699    0.040025544688767    0.099761811892784
   10   -0.924302980965154    0.369784201315885    0.094465040285303
   11   -0.750943947809952   -0.171756741608276   -0.637638462578687
   12   -0.780517274677420   -0.545214975720942   -0.305832330174141
   13   -0.903536446671532    0.027810159562941   -0.427607863072307
   14   -0.487886660808038   -0.147151047097293    0.860414537036510
   15   -0.658520427637910    0.747502295279135   -0.087127291568196
   16   -0.494242217561317    0.805262902741973   -0.327530590705118
   17   -0.849041632695227    0.504811666024941   -0.155863683375398
   18   -0.460043656016785   -0.880843900863354   -0.111686422050936
   19   -0.730700737425923    0.144167637138375   -0.667302124024156
   20   -0.632229982838774   -0.633859122503631    0.445542210815777
   21   -0.964290355553031    0.201652655120183   -0.171698331006420
   22   -0.709408069990815   -0.702033678014998   -0.062361086942428
   23   -0.674797643699490   -0.464552448390133   -0.573444995402653
   24   -0.816136003163860   -0.374358498323046    0.440201929883358
   25   -0.696665996776591    0.597723370392666   -0.396715592612278
   26   -0.390423491906209   -0.644600380135348    0.657312594506698
   27   -0.620867493064373    0.441896719509634   -0.647495826505920
   28   -0.762813102728047    0.626783676367690    0.158928893991658
   29   -0.780287454666956    0.175047829581319    0.600424637609278
   30   -0.571813249279281   -0.799001177427441    0.186082579566798
   31   -0.508031287845142    0.844173638385884    0.171099616670362
   32   -0.919882546161480    0.200413785421460    0.337120773433665
   33   -0.206756401459757   -0.516014586894615   -0.831252510713437
   34   -0.317854413244511    0.849186885883670    0.421722900521399
   35   -0.619355450325211   -0.410020804469137    0.669538472423308
   36    0.245067871459466    0.953829190372464   -0.173642201010401
   37   -0.566522240930625   -0.735464732484264   -0.371677518559831
   38   -0.364053663979502    0.927160747727606   -0.088531788733127
   39   -0.612925182812655    0.434517024278583    0.659937630300136
   40   -0.553071676640828   -0.066410250239716   -0.830482630258335
   41   -0.432086862681916    0.680457682362888   -0.591843125845884
   42   -0.164026951932911   -0.976091099936473   -0.142623012394233
   43   -0.732176525816129   -0.128047735762405    0.668970337466426
   44   -0.789053757148275    0.456613848254725    0.410971972173533
   45   -0.303276859009988   -0.863713581737651   -0.402519559165706
   46   -0.063925038932647    0.987842511921810   -0.141706601954421
   47   -0.375201452721202   -0.824157103827343    0.424251031921934
   48   -0.254843078218527   -0.241190238523505   -0.936419924139315
   49   -0.591244053762218    0.686562064084967    0.423158364031965
   50   -0.493302595407848   -0.363908542452384   -0.790077921533099
   51   -0.221909919413651    0.890233176976425   -0.397795020426711
   52   -0.431846302119859   -0.640642004275047   -0.634891009310932
   53    0.070515876932576    0.899661150933560   -0.430856501171019
   54   -0.363921901280550   -0.412651808673402    0.835032535034965
   55   -0.483996142750487    0.259470118051442   -0.835717052381379
   56    0.117648424238440    0.986328452937116    0.115390776065019
   57    0.188814799573599   -0.969918290288586   -0.153647263645170
   58   -0.573122556895726    0.134458048939495    0.808363512197755
   59    0.002338109776947   -0.920830636448431   -0.389955731103735
   60   -0.005877813535480    0.918115581193093    0.396269139447562
   61   -0.291792728552124   -0.945207226912539    0.146425072157790
   62   -0.308185494893752    0.050068001106611   -0.950007839968851
   63   -0.139006112914580    0.740886087486197   -0.657088354745216
   64   -0.380660152925329    0.358746343859366    0.852290389915551
   65    0.037160015110466    0.008184561291623    0.999275810891795
   66   -0.395433679635314    0.646364453210727    0.652568156314475
   67    0.049897444422547   -0.305301697399184   -0.950947484672669
   68   -0.064576429587451    0.292860761417251    0.953971938352405
   69   -0.089938120824987   -0.514603438553654    0.852698326168889
   70   -0.308431418736841    0.508234152314442   -0.804094587941742
   71   -0.141193739840068    0.294902650214939   -0.945037964700985
   72   -0.197336254026558    0.967567278100026    0.157708481689708
   73    0.097473890876762   -0.564950131275184   -0.819347417015211
   74    0.014900237883038    0.529694317706457   -0.848057729580080
   75    0.582679118329279   -0.680856623718759   -0.443755904750918
   76   -0.159836559164307    0.550236707006813    0.819568081745997
   77   -0.016173897391637   -0.012660623048224   -0.999789034580394
   78   -0.150306266730547   -0.750393548782694   -0.643675033014984
   79    0.162783464002764    0.726676536161083   -0.667414980083749
   80    0.142990595810207   -0.775865965628852   -0.614480018298928
   81   -0.091111609355283    0.767419263465407    0.634638754491799
   82   -0.092991596127288   -0.911832738170971    0.399892011234693
   83   -0.107004580850630   -0.745392759227623    0.657981499867596
   84    0.287473248959761    0.883000991468874    0.371036898700797
   85    0.163232880047047    0.229390502780600   -0.959549385964896
   86    0.332851045194388   -0.853046306511704   -0.401898221767333
   87    0.282298621408051   -0.075220940890375   -0.956372991255337
   88    0.244045246047571    0.247633802087533    0.937613682678134
   89    0.373100929183172    0.828257502030025   -0.418073207672576
   90    0.016417480197915   -0.995190452255684    0.096573443984763
   91    0.312887378004451    0.451346064982638   -0.835696247634383
   92   -0.171589559924559   -0.212021257706811    0.962083161273140
   93    0.128739278610081   -0.296361014953480    0.946359523098225
   94    0.132064201823306    0.532812313128160    0.835864872796909
   95    0.516858546465367   -0.839675719291583   -0.166739105724696
   96    0.370874628811824   -0.924987322859091    0.082767519315627
   97    0.208829723390765    0.744576137603210    0.634031956560884
   98    0.463800940295103    0.169780610479214   -0.869518965915456
   99    0.181907546429838   -0.790316353146422    0.585072394239564
  100    0.332568663689663   -0.055352453869956    0.941453232923572
  101    0.638265510512272   -0.760776288270522    0.117628981530219
  102    0.349393099881300   -0.369978779112484   -0.860836897885872
  103    0.552762037992643   -0.130402035542365   -0.823073167148965
  104    0.191096286579306   -0.574387067793708    0.795965894751117
  105    0.195528047735449   -0.925975418352926    0.323014407039202
  106    0.529248714285128    0.188850789771736    0.827182674885137
  107    0.391227557674595   -0.624607308248401   -0.675874772867473
  108    0.606519562930383    0.391117829572569   -0.692214463279395
  109    0.463027531920899   -0.801903061081555    0.377567193107759
  110    0.441375483908848    0.631871536066981   -0.637123256609414
  111    0.419308331515311    0.905440756424562    0.066011815057332
  112    0.781001276560464   -0.461276843162745   -0.421023372240470
  113    0.412548055247996   -0.361726652433158    0.836037039269551
  114    0.565000152937649    0.804725961271379   -0.182183847901748
  115    0.412820733493656    0.471709178718976    0.779146643906030
  116    0.689566142606557   -0.604168679234512    0.399347895953814
  117    0.590771568707082   -0.112370614400076    0.798975468100694
  118    0.490650652033523    0.666193755646973    0.561647413949410
  119    0.669888290810407    0.414151778823692    0.616220725010352
  120    0.448332127165641   -0.631095412093769    0.633022025355616
  121    0.556422118972843    0.776528178376919    0.295632227107254
  122    0.714724340490496    0.697105737538004    0.056680753364971
  123    0.649312337670242   -0.411102351729870    0.639834622813876
  124    0.647614295780160    0.631901793551980   -0.425788500557446
  125    0.719751293210723    0.116356010168478   -0.684411685186017
  126    0.750946500534350    0.556359576053573    0.355729357052104
  127    0.606214301626357   -0.419288435123255   -0.675796884186040
  128    0.811916832144718    0.552285550772854   -0.189134153678309
  129    0.749154241488186   -0.641809878898698   -0.163853598704147
  130    0.771085291679425   -0.173297483685594   -0.612695238355821
  131    0.913261217999016   -0.199299719369970   -0.355293638499207
  132    0.838943555219839   -0.529674635627632    0.124973963399711
  133    0.794783357677230   -0.159053204322764    0.585680367225989
  134    0.764409917057912    0.131873133918220    0.631099798173080
  135    0.805848239824300    0.371980381128370   -0.460694270018275
  136    0.892739070957937    0.439715666953647    0.098321327394764
  137    0.898205917460707    0.091647432947454   -0.429914965862683
  138    0.916799706753416   -0.380233377956426   -0.122069144277720
  139    0.877943331789321    0.284511522997774    0.385056748347764
  140    0.944001201154571    0.277398806493504   -0.178638278022118
  141    0.932051664268908   -0.017923643972873    0.361881801311275
  142    0.982471395402574    0.147427930604592    0.114083138514708
  143    0.991406223249477   -0.028272529197166   -0.127727697055113
  144    0.861543034147407   -0.350545933784890    0.367234460010167
  145    0.971533779264955   -0.204004939573117    0.120432970472886
   
 U =    9548.92883727020     


 http://math-lab.ru/  - см. Задача Томсона
