     15
    1   -0.388257611629638   -0.023667552045460    0.921246912609114
    2   -0.997231842786236    0.073914613262167   -0.008079707882813
    3   -0.553706965664844    0.735319569772352    0.390786036705554
    4   -0.705719721613246   -0.657890650451545    0.262944036963315
    5   -0.549031265059684   -0.297328264505067   -0.781127757228847
    6    0.121407590573784   -0.760907116051916    0.637401410174644
    7   -0.533576858132176    0.620401806441181   -0.574801996369458
    8   -0.078481220737341   -0.951876391838239   -0.296263451428948
    9    0.250166858445823    0.962071511119315   -0.108788558350336
   10    0.292960882248498    0.632027420869684    0.717436590048903
   11    0.413270067312785   -0.390143919841562   -0.822797407187181
   12    0.795190186447924   -0.604516550205393   -0.047247305792884
   13    0.291126119651155    0.433317645716636   -0.852925202094212
   14    0.705236013287000   -0.091394249886070    0.703057079226731
   15    0.936649849764169    0.320699366055045   -0.140850898288409
   
 U =    80.6702446320416     


 http://math-lab.ru/  - см. Задача Томсона
