     86
    1    0.001779875041463    0.000144241013210    0.999998405618412
    2   -0.955817274442955    0.235564235968572   -0.175848880033349
    3   -0.808564709109009    0.055256692433801    0.585806972581191
    4   -0.648880119377956   -0.588341517884525    0.482502693266454
    5   -0.498575532341148    0.256173285026439   -0.828129027742358
    6   -0.645987679367705   -0.268493821999368    0.714570490331989
    7   -0.891739168530934   -0.263508133494929    0.367919446196823
    8   -0.990398142743155   -0.137602024173947   -0.013311716423594
    9   -0.958751525923838    0.151197653022648    0.240696450449844
   10   -0.745913448196744    0.435844931709229    0.503639080396490
   11   -0.894643317082664   -0.073054058620963   -0.440768011223969
   12   -0.836366434443614   -0.538013021037092    0.105038928643703
   13   -0.761305856553615    0.568556759975714   -0.311699540363930
   14    0.402401546272718   -0.422379655110714    0.812199742985603
   15   -0.417106887267880    0.844888893899792   -0.334939698391347
   16   -0.128691185358049    0.776842925341373   -0.616403802842097
   17   -0.629078466279901    0.777184170197777   -0.015654036441747
   18   -0.568516909900819   -0.809459890130183    0.146844167154354
   19   -0.781083743871895    0.275005565539077   -0.560606924664328
   20   -0.338174951891125   -0.509064623314441    0.791511788417053
   21   -0.856348439487440    0.502592734414617    0.118608151073459
   22   -0.314702314250095   -0.796303408497950    0.516588167712135
   23   -0.874355904016206   -0.408082331739102   -0.262622473589716
   24   -0.544985979986587    0.203093619334470    0.813476037387509
   25   -0.496251606765774    0.597361288949917   -0.629995105732165
   26    0.025166731949179   -0.691533130132386    0.721906202724635
   27   -0.258691215520522   -0.009997963727010   -0.965908326775284
   28   -0.553058905905321    0.750520906060162    0.361723950223707
   29   -0.196684870959613    0.326400026769366    0.924542094261023
   30   -0.217864968352726   -0.960663602394080    0.172221655432453
   31   -0.295736686987505    0.952528262773546    0.072316807087051
   32   -0.416389424482263    0.583218834884730    0.697478055436175
   33   -0.042641137892265   -0.877789022652757   -0.477145853036123
   34    0.075907708727948    0.985218381899159    0.153566792385840
   35    0.025761851058097   -0.369280799268969    0.928960719471675
   36    0.278663948435549    0.821634534610155   -0.497255563446267
   37   -0.648807490724027   -0.716289707983575   -0.256861624648754
   38   -0.047541891254777    0.963821428447468   -0.262274708352524
   39   -0.020142721940084    0.648893130525258    0.760612894914341
   40   -0.643454691625594   -0.097457659888706   -0.759254940289511
   41   -0.172874186686218    0.447200898197209   -0.877568158167323
   42   -0.338034819419872   -0.916715784690788   -0.212989743787178
   43   -0.352973695340443   -0.122783330304531    0.927541818031425
   44   -0.187087367909755    0.864865702169755    0.465838635129179
   45    0.051346850256531   -0.993338033539915   -0.103165168985412
   46    0.328608581420889    0.935187483667369   -0.132063509753623
   47    0.089213258485675   -0.915728560724591    0.391768040533730
   48   -0.357002191657963   -0.374374917721653   -0.855799542026237
   49    0.226403256935789    0.849643568488876    0.476284969082960
   50   -0.668760174056698   -0.447370526561132   -0.593817683771771
   51    0.176745929004974    0.588291937155465   -0.789096618455585
   52   -0.381087825709681   -0.710389093094130   -0.591708885778106
   53    0.585145765437431    0.572790876911917   -0.574034009895861
   54    0.387321130903213   -0.725451344424513    0.568948757295877
   55    0.063235845029297   -0.242457400608172   -0.968098980886644
   56    0.640847157017173    0.734819239699709   -0.222161216935246
   57    0.632305212329573   -0.725297573874219    0.272274765251987
   58    0.218466231149916    0.324187471917013    0.920421093249827
   59    0.273963748241536   -0.728198016803760   -0.628228869897364
   60    0.666961004430815    0.587407099642117    0.458384028799733
   61    0.361636309953128   -0.925074623784259    0.116000516179444
   62   -0.042651704038234   -0.589920027846246   -0.806334417526946
   63    0.092463483461853    0.169466532872473   -0.981188869923769
   64    0.379669584256401    0.597771481505980    0.706059673603243
   65    0.704544485463918   -0.096127335901456    0.703119195652396
   66    0.508534965634579    0.837611171924292    0.199498655119908
   67    0.390031804637767   -0.420160288492552   -0.819353722970038
   68    0.382303496847118   -0.052283703363925    0.922556475594323
   69    0.712294761025557   -0.446214989211699    0.541782573380086
   70    0.443320056493402   -0.053664663122033   -0.894755514899285
   71    0.431355296815986    0.323572684442132   -0.842159916994216
   72    0.809951579787092    0.579024395929622    0.093323026733655
   73    0.625963228572446   -0.586728689999081   -0.513730942037875
   74    0.736563253211607    0.186956752060961   -0.650016728151784
   75    0.382109981612469   -0.877514332489039   -0.289759483414150
   76    0.604837160368673    0.271012034380660    0.748815388903044
   77    0.728511297268833   -0.218209892581565   -0.649350238724237
   78    0.692074526183558   -0.710624373699973   -0.126672213651317
   79    0.860027221886841    0.407182558247251   -0.307498848571545
   80    0.876274761871654   -0.383530176682543   -0.291628437023267
   81    0.864491020116012    0.253465059193030    0.434063059827775
   82    0.919201359241048   -0.120608332255633    0.374863296896249
   83    0.877339906204253   -0.458901128717065    0.140301258168685
   84    0.969241116432180    0.241256648962111    0.048650668534708
   85    0.931398021741296    0.019760580369038   -0.363465602994119
   86    0.992234888247706   -0.123944601806794   -0.010376041008871
   
 U =    3258.24156011451     


 http://math-lab.ru/  - см. Задача Томсона
