     71
    1   -0.282992253710928    0.050227131815003    0.957806149264687
    2   -0.956864248814218    0.009016103787999   -0.290395453156012
    3   -0.889023707953213    0.109157210677173    0.444658914286332
    4   -0.803648354294434   -0.347130510735505    0.483373283453229
    5   -0.419990684243045    0.058103590029018   -0.905666493790512
    6   -0.649335963691850   -0.049647052685829    0.758879421526231
    7   -0.975120396368561   -0.194903833838712    0.105606383050418
    8   -0.865692826676379   -0.392966275904739   -0.310086174865345
    9   -0.962523208530549    0.265934341492110    0.053178934318170
   10   -0.752978821123535    0.529187411113953    0.391131153013824
   11   -0.660264861493197   -0.303996222366208   -0.686758042882968
   12   -0.792864231186728   -0.598817142991111    0.113067856460804
   13   -0.817265513312949    0.432754416378364   -0.380526866140018
   14    0.384618794892872   -0.167835747928085    0.907689123176308
   15   -0.177851593492317    0.758768934333271   -0.626608741546905
   16   -0.119938996582700    0.419235333358167   -0.899920203330719
   17   -0.518476756731965    0.776962206909410   -0.357087638771159
   18   -0.441029430046559   -0.895120493251382    0.065210002255864
   19   -0.753340950892624    0.098131927934409   -0.650267280760822
   20   -0.435016718851664   -0.408949679098406    0.802197366166733
   21   -0.762595860270475    0.646628458747706   -0.017865895888581
   22   -0.539719627001710   -0.691634286086067    0.479942432526393
   23   -0.626657498846575   -0.728628334798155   -0.276407541265834
   24   -0.562928540328242    0.367017092846394    0.740547035671939
   25   -0.514941317886225    0.476131006953806   -0.712835677664041
   26   -0.098410635986510   -0.669185771979548    0.736549896004925
   27   -0.005984414242207   -0.004594982002613   -0.999971536058189
   28   -0.460954132181958    0.875352910816539    0.145871757202654
   29   -0.157645500393336    0.472616397437162    0.867053422275268
   30   -0.173780867482079   -0.901267153056208    0.396885032369746
   31   -0.177491928460984    0.968245081903410   -0.176062706729904
   32   -0.394584821863215    0.737982859892981    0.547434121022203
   33    0.228305531713901   -0.904297210641255   -0.360725850217696
   34    0.290813910788744    0.956650374318480   -0.015726748172108
   35   -0.028179954584780   -0.289666000406579    0.956712860981839
   36    0.263259601757486    0.629666630798865   -0.730899662156780
   37   -0.211986111093130   -0.915020895347896   -0.343218079040638
   38    0.169876318522110    0.895488629038331   -0.411390509939673
   39    0.024842446461741    0.779445525768405    0.625977256147066
   40   -0.240644584112879   -0.359560192236154   -0.901557902908204
   41    0.307956931787285    0.252637885249872   -0.917244039010684
   42    0.016608082141749   -0.999603759819353    0.022726525528258
   43    0.144783491550024    0.174841941993374    0.973893236394303
   44   -0.049287665550090    0.966233928725337    0.252908522997197
   45    0.437897421662979   -0.897321990337862    0.055309074816099
   46    0.661962668580359    0.748002452718500    0.047934915594779
   47    0.248069750621265   -0.862781070348818    0.440534020791189
   48    0.233196594839030   -0.334088237552280   -0.913238412291496
   49    0.389989438588644    0.830119346056737    0.398509860720722
   50   -0.429442032694671   -0.645927188313695   -0.631155771543154
   51    0.646401988399892    0.380119681201460   -0.661568966439604
   52   -0.011629364383781   -0.702929345837224   -0.711164603059575
   53    0.565742865344758    0.730575756073488   -0.382353337829232
   54    0.320540459217299   -0.561012954809903    0.763228850699595
   55    0.562825426558287   -0.059422670635641   -0.824437071846002
   56    0.860220634340011    0.431668145160217   -0.271446261181853
   57    0.622336058947911   -0.634256401164274    0.458711943724301
   58    0.597514103251042    0.184369390107757    0.780374797393789
   59    0.632335274966048   -0.709016148761514   -0.312166943844159
   60    0.674599693741521    0.534704551960866    0.508926610933420
   61    0.778392069188809   -0.623027575973299    0.077087133821411
   62    0.400846785097207   -0.624740644434517   -0.670090279043636
   63    0.874236758542945    0.044218517270268   -0.483481967339779
   64    0.324957091987070    0.526767229494204    0.785442024784966
   65    0.714185045450975   -0.260582280879219    0.649643437391599
   66    0.894854563323727    0.416419529227628    0.160717410931556
   67    0.721521168021648   -0.360548389782344   -0.591110871767756
   68    0.882643916259525    0.110530809400523    0.456861748522805
   69    0.927071844084500   -0.269144260255979    0.260958163461170
   70    0.920101441872864   -0.329303586140747   -0.212067170534057
   71    0.997888013146524    0.053458756447162   -0.036900875024932
   
 U =    2190.64990651199     


 http://math-lab.ru/  - см. Задача Томсона
