    116
    1   -0.077017212588704    0.005751269449055    0.997013175371715
    2   -0.990326473314530    0.071011724325037   -0.119209107289630
    3   -0.861383280725952    0.000383523268966    0.507955408078010
    4   -0.876297731540090   -0.471388876119048    0.099472675488869
    5   -0.692002712042064    0.428715073871484   -0.580806019219666
    6   -0.850142967620433   -0.322588398767671    0.416165423342730
    7   -0.976820401503518   -0.147031121040165    0.155575552874406
    8   -0.948387416629149   -0.251536453342210   -0.193108054258520
    9   -0.958447282889396    0.177001309388413    0.223717103496181
   10   -0.839962492443763    0.488322481704501    0.236651991645157
   11   -0.876578618490931   -0.075484346945943   -0.475302050248761
   12   -0.804879453197287   -0.553801860570511   -0.213242971864202
   13   -0.887367365396561    0.248721691278730   -0.388222460860540
   14   -0.110086103352795   -0.346215017748401    0.931673876060755
   15   -0.497831867046578    0.840293670136298   -0.214639185802100
   16   -0.236030246181538    0.860063721412178   -0.452305337132029
   17   -0.741310737422571    0.603438436789219   -0.293803409761337
   18   -0.634636327281294   -0.772063110068898   -0.033989500814966
   19   -0.696122667816145    0.126890985165301   -0.706620060029654
   20   -0.635050364423364   -0.498055915400766    0.590467052239207
   21   -0.910983987365635    0.404954298861316   -0.078231647030773
   22   -0.689465733883660   -0.661298488161176    0.295501795859194
   23   -0.763606514112149   -0.402901798061911   -0.504554489350726
   24   -0.662875309654921   -0.188567092331615    0.724595594479771
   25   -0.485991343559787    0.680460921677714   -0.548439010332478
   26   -0.415902894873607   -0.739053443113367    0.529929042663290
   27   -0.439109177070297    0.401177105633444   -0.803890577459532
   28   -0.700743254897425    0.712691042465935    0.032099356762728
   29   -0.622294452173201    0.142494957624041    0.769704360028043
   30   -0.429567264344923   -0.878599743063093    0.208649123872319
   31   -0.451992866196994    0.873267504883774    0.181951405108876
   32   -0.783960485579867    0.328452429951096    0.526806376488174
   33   -0.165988798950991   -0.593043397020598   -0.787875147388898
   34   -0.131878903310800    0.956251444426989    0.261134313893899
   35   -0.393938662616402   -0.441941542688568    0.805915630163635
   36    0.338879437309953    0.875360904324259   -0.344824613606837
   37   -0.575077975938309   -0.712617389897967   -0.401823067040342
   38   -0.229702129070133    0.970630624894969   -0.071506097059266
   39   -0.533586339150761    0.482672440959910    0.694487532940291
   40   -0.644018189043147   -0.194717318288792   -0.739814664723541
   41   -0.192629226518331    0.639747236798607   -0.744054738644609
   42   -0.367170466759227   -0.909821239991888   -0.193419646363637
   43   -0.388982756525083   -0.101036759252402    0.915687713364071
   44   -0.624109837466158    0.664061114956272    0.411715613477311
   45   -0.063024686196244   -0.933824576711621   -0.352135696655746
   46    0.029744546163339    0.954350545096877   -0.297204136994813
   47   -0.135860539486505   -0.899488168508190    0.415286586015270
   48   -0.361266721635385   -0.267643529897036   -0.893226341272511
   49   -0.340209111060296    0.782571789507654    0.521381966525840
   50   -0.494074223188748   -0.525775837598000   -0.692423591870292
   51    0.087989055007891    0.790468418782741   -0.606149820676317
   52   -0.285130764151830   -0.788519441343062   -0.544919753686925
   53    0.409297712686623    0.668544420201083   -0.620905581072916
   54   -0.150746182579943   -0.678484669431126    0.718981322277923
   55   -0.417127331974162    0.074846671976390   -0.905760876067285
   56    0.451819033929095    0.891876174176234   -0.020407119251481
   57    0.125927596988611   -0.987362997013809   -0.096210978815217
   58   -0.332914349057887    0.254069823640780    0.908084005423786
   59    0.302923321255661   -0.873336953172242   -0.381470873938320
   60    0.222122847401153    0.922582503532418    0.315440905461323
   61   -0.158189792628857   -0.985457265147591    0.062048110977441
   62   -0.097081550043672    0.002302076630162   -0.995273767907256
   63    0.133971842259205    0.533208801288620   -0.835308278248233
   64   -0.235157538975310    0.575305631912954    0.783405617641533
   65    0.283867385060543    0.122057984570071    0.951063171456861
   66   -0.014386609271684    0.830279777003713    0.557161123349725
   67   -0.045756165274658   -0.330050334163178   -0.942853726862302
   68    0.002215017558245    0.328622550048937    0.944458740918072
   69    0.138077021618003   -0.561015427387923    0.816208567912545
   70   -0.133212676864814    0.335594810984679   -0.932539814465135
   71    0.192377164535481    0.194600881853740   -0.961832377988512
   72    0.129627581937097    0.991511644924388    0.010067173410382
   73    0.209701471081898   -0.521319379282083   -0.827194897113753
   74    0.439260651439348    0.383780975024727   -0.812257498153234
   75    0.610388745319093   -0.728324424802213   -0.311398638122116
   76    0.090792750137297    0.613434914222531    0.784508943566166
   77    0.234797831626611   -0.165779721966299   -0.957803248088154
   78    0.085152569477598   -0.773337773172602   -0.628249734178856
   79    0.624042884680300    0.716692180297977   -0.311324263075691
   80    0.439917905806866   -0.654853812286314   -0.614523165295323
   81    0.340533094014595    0.735272484754473    0.586013297668091
   82    0.449525651150135   -0.659430761836281    0.602559340896870
   83    0.156657823807439   -0.810660249815047    0.564170440212639
   84    0.530954103093839    0.794033310605836    0.295971015567662
   85    0.489489833053039    0.012277140669056   -0.871922574059589
   86    0.431034405034832   -0.901428628674592   -0.040444642192911
   87    0.502656895111533   -0.341911533033032   -0.793997827059895
   88    0.356530795229015    0.427239611272454    0.830874302535064
   89    0.734263301812870    0.678864716446621   -0.000316819684136
   90    0.161069561382477   -0.956092339586441    0.244834708691765
   91    0.691122712428539    0.481748160418978   -0.538765353654399
   92    0.195745014963875   -0.203739819124420    0.959256991228076
   93    0.538080923816587   -0.087869586266706    0.838300575708979
   94    0.599576143939559    0.530057081397450    0.599623163394298
   95    0.689343946799781   -0.723606725111768    0.034615464514052
   96    0.461803711437947   -0.832671926055804    0.305605621120840
   97    0.764839231535911    0.562277000329897    0.314428886719349
   98    0.693695020259034    0.192734148787819   -0.694003434255806
   99    0.424928400246423   -0.400316805375516    0.811900431086200
  100    0.616351592538040    0.223457190885084    0.755101051659690
  101    0.707100390874822   -0.596212008114059    0.380184532306715
  102    0.712579024609001   -0.458405039605164   -0.531127059517658
  103    0.747887172599064   -0.140231888136169   -0.648844969627987
  104    0.898320687822376   -0.251069923213662    0.360532710704339
  105    0.695784621017366   -0.359344751194666    0.621896382803891
  106    0.838742086008083    0.274768814168335    0.470121060918714
  107    0.844823239065070   -0.487214652380798   -0.221123443445198
  108    0.886920191296627    0.156207564774734   -0.434708834712963
  109    0.876284124452865   -0.467820267759025    0.115196919688633
  110    0.862091028796176    0.447757854656462   -0.237301415214055
  111    0.924232566425798    0.368833214443534    0.098773595060793
  112    0.916704177741491   -0.180771255660881   -0.356335801791069
  113    0.800704178202530   -0.030825170578918    0.598266351943507
  114    0.985001864680384    0.122406751200602   -0.121605566635252
  115    0.968186947075468    0.056041696941491    0.243871613183254
  116    0.982124753762396   -0.187555729221353   -0.015931618982360
   
 U =    6038.82205883751     


 http://math-lab.ru/  - см. Задача Томсона
