     52
    1   -0.177685295936271   -0.002284686316640    0.984084709675175
    2   -0.990500582879849   -0.086096226012374   -0.107219565290598
    3   -0.600432569334682    0.242420164842491    0.762045401114587
    4   -0.849605037070564   -0.426013467420185    0.310940197724509
    5   -0.486408439272118    0.014018294435898   -0.873619091839213
    6   -0.616604807411371   -0.246443866235570    0.747705779215361
    7   -0.916517720991045    0.067715517635011    0.394220592791400
    8   -0.767428754777322   -0.303567149509293   -0.564712397667814
    9   -0.699091429959239    0.578568262295161    0.420154660122084
   10   -0.261260950931145    0.834947893029209    0.484360125778990
   11   -0.357510220607949   -0.476429526703329   -0.803244264371740
   12   -0.808941709073601   -0.565823168412454   -0.159553920067081
   13   -0.913703744293871    0.406379888392652    0.000924106777058
   14    0.283108297432549   -0.242614419691761    0.927894355669046
   15   -0.214611029680578    0.894029148038886   -0.393260713008947
   16   -0.047613293022015    0.236848049661210   -0.970379294760189
   17   -0.675850309816713    0.646212205096538   -0.354451893357790
   18   -0.427965977116299   -0.793330746694899   -0.432979732527292
   19   -0.831384686524639    0.198604326516574   -0.518995013946401
   20   -0.163436079700790   -0.497443104494957    0.851961856917583
   21   -0.498958390935586    0.865536281417364    0.043445018876424
   22   -0.478812212728227   -0.697033263346198    0.533744784266085
   23    0.050883856285222   -0.762378048823694   -0.645128315795642
   24   -0.197477780663328    0.500968150580532    0.842634819033849
   25   -0.417365029963259    0.516652369078948   -0.747580605211825
   26   -0.064608465805377   -0.932517613430927    0.355297969016659
   27    0.044566631568976   -0.265579690825751   -0.963058276103525
   28    0.020854914469959    0.995297545961109    0.094593168602414
   29    0.263368573024610    0.301074882858770    0.916510179787742
   30   -0.490686753915732   -0.868567306366043    0.069407087849000
   31    0.288773935703072    0.898369429534176   -0.330971270863495
   32    0.212078104813388    0.749635217744722    0.626952883218177
   33    0.431658812146955   -0.848370123198945   -0.306494378348588
   34    0.699948154787813    0.693849645738756   -0.169249075971892
   35    0.241420741584955   -0.709211141693964    0.662371181460753
   36    0.091924773525838    0.659111526538886   -0.746405942899575
   37   -0.021245715267477   -0.987683858177934   -0.155013599008356
   38    0.552749499960130    0.512153408674448   -0.657394003834055
   39    0.654810704852160    0.495255786009714    0.570915621817197
   40    0.444330622877528   -0.474086666236234   -0.760139546708551
   41    0.415287187150952    0.101592330055168   -0.903999751472428
   42    0.422176271269713   -0.884491020816695    0.198602190500110
   43    0.660786508951814    0.035272131094912    0.749744667440388
   44    0.484286613668924    0.844939249293278    0.227033347384911
   45    0.803731538388456   -0.581387033002706    0.126509810117779
   46    0.910292870249304    0.374995150039523    0.175344027044322
   47    0.654793477322730   -0.473743453521412    0.588908008352080
   48    0.765942755211833   -0.085513675730551   -0.637196286085815
   49    0.926482368449315   -0.089127236333579    0.365631996269591
   50    0.772461106856988   -0.517533952439760   -0.368052233338362
   51    0.892240326755819    0.285625363572341   -0.349750412429832
   52    0.984676149370385   -0.133248905228411   -0.112506044800005
   
 U =    1145.43759814746     


 http://math-lab.ru/  - см. Задача Томсона
