    149
    1   -0.297218986550044    0.066494816356752    0.952491109371550
    2   -0.981874492122401   -0.128413810311939   -0.139400053947429
    3   -0.896194664791349   -0.094293385679137    0.433524947628954
    4   -0.910606821986894   -0.411645941437022   -0.036644708340456
    5   -0.848370567574911    0.316476686152687   -0.424393552253609
    6   -0.797683896051879   -0.568215683479660    0.202067659528283
    7   -0.947731267547456   -0.254259948202308    0.192762349158368
    8   -0.884917759404406   -0.290075473062471   -0.364385481349448
    9   -0.994409133956171    0.030721975116283    0.101027889958628
   10   -0.930166786139932    0.354518149370205    0.095428673517114
   11   -0.765300500434608   -0.178943462088773   -0.618299588719112
   12   -0.794051241798883   -0.555658281843316   -0.246427472528096
   13   -0.908872507760541    0.015035183219166   -0.416802960525272
   14   -0.489321250918404   -0.157025586272855    0.857850615582524
   15   -0.677225403329301    0.730039945079812   -0.091692048037604
   16   -0.515462563458564    0.792436692605336   -0.326101876543883
   17   -0.857389502181992    0.490532498301138   -0.155759781903290
   18   -0.445768569833096   -0.890039303838833   -0.095500888849482
   19   -0.744328690218762    0.141475303759672   -0.652655758683957
   20   -0.620752319724560   -0.649219435010186    0.439523244847907
   21   -0.967271505314886    0.190690954531740   -0.167400104138705
   22   -0.693626426445843   -0.719829639269925   -0.026975377003843
   23   -0.699327514542314   -0.492349705196871   -0.518201500573498
   24   -0.810408457054839   -0.387210362271578    0.439666087029132
   25   -0.708044514999998    0.580943104413388   -0.401469892037937
   26   -0.395967990268706   -0.651702530295192    0.646910475019076
   27   -0.631113325994357    0.424253493414729   -0.649388129763502
   28   -0.777358970386719    0.609535989162704    0.155495688283454
   29   -0.783890279445653    0.161495076405699    0.599529290433198
   30   -0.542040554740747   -0.815204313368456    0.204044025841993
   31   -0.536394231735473    0.827429784992459    0.166256365496919
   32   -0.923941876003500    0.181735401302857    0.336606080872618
   33   -0.267849516734379   -0.511656622236214   -0.816372548109616
   34   -0.358085960821430    0.835274245668118    0.417242590331032
   35   -0.620779875922197   -0.421994787133000    0.660721382492345
   36    0.224863119205476    0.959742106948253   -0.168320128837022
   37   -0.581099545106518   -0.741505422964900   -0.335399800820815
   38   -0.391661972648083    0.915942854885340   -0.087461910371922
   39   -0.628741394879105    0.418071125051084    0.655668203258324
   40   -0.577597239515584   -0.047755534973282   -0.814923823300922
   41   -0.449881704303233    0.675694183297968   -0.583989574213881
   42   -0.161352744015749   -0.975021114150643   -0.152640489251792
   43   -0.726622727696524   -0.141723601806028    0.672260241488361
   44   -0.802250158134893    0.437263974726827    0.406441754964517
   45   -0.323439426337996   -0.858019625072508   -0.398985288551571
   46   -0.087398584031304    0.988057229755229   -0.126903105705675
   47   -0.339049420165966   -0.838761087035633    0.426057894610492
   48   -0.366498105195283   -0.238835283553868   -0.899242373455572
   49   -0.615442430287980    0.667071890452082    0.419816278829099
   50   -0.557614635048245   -0.380053807746111   -0.737987142162852
   51   -0.245523398295949    0.892584265101978   -0.378168732950745
   52   -0.448938546007114   -0.655144586314098   -0.607651012450689
   53    0.047297495734622    0.912533559479190   -0.406257861119601
   54   -0.374163909219204   -0.421419156758234    0.826079453415337
   55   -0.484737128316238    0.237128988877692   -0.841902464104703
   56    0.083418242700290    0.988891185254874    0.123026909698679
   57    0.150153806033168   -0.970993592565830   -0.186078686930711
   58   -0.579579554985505    0.121752414720780    0.805769128815731
   59   -0.037759654507001   -0.900102206002476   -0.434039430514082
   60   -0.059283615498456    0.916810337940188    0.394897780671695
   61   -0.264303074361676   -0.953007440178215    0.148056421164138
   62   -0.282850002486742    0.034990320484400   -0.958525718781530
   63   -0.164676263609318    0.757385928058634   -0.631860969029134
   64   -0.398511949299332    0.348758138807237    0.848266459835209
   65    0.016912427230181   -0.001170804011514    0.999856289185176
   66   -0.422691715374813    0.631337730077518    0.650187960772933
   67   -0.087608879070384   -0.252356085122596   -0.963660256838284
   68   -0.093246704949772    0.287012637162213    0.953377573747779
   69   -0.106756544061737   -0.520908188670927    0.846910679632491
   70   -0.348905218979191    0.501203859054338   -0.791871100519600
   71   -0.166834708458807    0.299384543186379   -0.939433379944820
   72   -0.233981145355622    0.959673200256910    0.155820962411134
   73    0.030026891002515   -0.506362554791060   -0.861797742467566
   74   -0.055759904993330    0.559010327272700   -0.827283679881093
   75    0.658230688453699   -0.645499461196970   -0.387379408812848
   76   -0.186005007351481    0.545404152098147    0.817273790179446
   77    0.023295376123623    0.023129916507481   -0.999461020957604
   78   -0.155034997750931   -0.736743852042356   -0.658158526458603
   79    0.141288035375159    0.757097077146649   -0.637841443335120
   80    0.140518743542546   -0.711966279165514   -0.688010537742292
   81   -0.134066215409265    0.763464481686680    0.631781793888306
   82   -0.051717398242907   -0.920500506251502    0.387303664725384
   83   -0.115794379178727   -0.750122542877856    0.651082047377342
   84    0.224717909166848    0.891736648338632    0.392820074982764
   85    0.136033041045805    0.290864798630657   -0.947044180944784
   86    0.246820303041530   -0.856270488360985   -0.453740662458774
   87    0.208680680122547   -0.240350452045206   -0.947989469321920
   88    0.205876939046893    0.241172977204146    0.948393526462075
   89    0.356219515426189    0.833586804952245   -0.422185617281118
   90    0.032592682043592   -0.995401873463087    0.090071235049724
   91    0.235032190479150    0.533429361697948   -0.812534913414244
   92   -0.184699112879840   -0.221456424573472    0.957519341693177
   93    0.107916634700548   -0.303649398821049    0.946652545842731
   94    0.098640111953339    0.527798686683696    0.843622353099299
   95    0.459532371709705   -0.847642604065687   -0.265201838461944
   96    0.366416691748082   -0.930349009262234    0.013766952210667
   97    0.157156502739014    0.744618133496315    0.648726189478509
   98    0.331983553646058    0.046123169390072   -0.942156873006799
   99    0.162975981079643   -0.796975812336265    0.581608445727947
  100    0.312217525563783   -0.058276119928345    0.948221551419775
  101    0.561773343482071   -0.803154199984602    0.198378531096663
  102    0.335469386800095   -0.485493329927425   -0.807314385549984
  103    0.488672763015511   -0.210432113242672   -0.846709664762963
  104    0.167429315672641   -0.580060327554306    0.797180933446719
  105    0.240810456289922   -0.926868802393284    0.287966225956237
  106    0.488885764733730    0.184705438993658    0.852569416438847
  107    0.442360463347240   -0.678407155223441   -0.586584139070308
  108    0.440327582367519    0.325256631134812   -0.836851088371885
  109    0.430955777120252   -0.778999069783695    0.455453145167334
  110    0.444494136768005    0.630286362939699   -0.636524990138731
  111    0.376484614955293    0.922674802631566    0.083249884629145
  112    0.809282895228982   -0.388795304665734   -0.440340103283446
  113    0.391062385073509   -0.344878678651035    0.853304698213091
  114    0.527184754445661    0.831939601344375   -0.173068582923162
  115    0.373886478996116    0.466034202730647    0.801885916268079
  116    0.671470683038880   -0.596543183846677    0.439617278579186
  117    0.583780068927974   -0.109815401218536    0.804450998369486
  118    0.435390842503744    0.674116578596812    0.596658740591980
  119    0.627266132715709    0.423918426346528    0.653322559347037
  120    0.433073558056822   -0.593819791559125    0.678104231268823
  121    0.487480764903240    0.807564352833278    0.331967347614671
  122    0.655968778607158    0.749107131062891    0.092430880572229
  123    0.644616152611519   -0.386485885838199    0.659620099633256
  124    0.630689417883244    0.658752147899129   -0.410215145756931
  125    0.603045681689001    0.086651396069210   -0.792986406791128
  126    0.684733800558234    0.607985675674939    0.401861967032419
  127    0.607840210257021   -0.441668197037961   -0.659893538777231
  128    0.773582365622351    0.616105214283431   -0.148272345806271
  129    0.657018590332481   -0.749812893873355   -0.078148551738241
  130    0.725680543452768   -0.160132501297747   -0.669137751798703
  131    0.892564580357969   -0.094956383306459   -0.440808070660872
  132    0.788019499863368   -0.595133114016599    0.157612957703333
  133    0.800019186907908   -0.154618809237251    0.579708827265261
  134    0.724782054930995    0.140648522425101    0.674469395888087
  135    0.647685083635516    0.411342362037487   -0.641327914275900
  136    0.843227559041218    0.515133882524865    0.153637126854962
  137    0.798389241736572    0.161834408875495   -0.579986416033359
  138    0.836534774290168   -0.523548043086896   -0.161576662866824
  139    0.898161577953175    0.073360550666645    0.433502029400728
  140    0.820981653800631    0.417928815300577   -0.389004665093153
  141    0.966103494550682   -0.113479743981904    0.231875797621832
  142    0.929084594554996    0.357885357194047   -0.093380336616807
  143    0.943497070447379    0.148881619594265   -0.296053274604762
  144    0.851119128672580   -0.363835707079454    0.378443928556955
  145    0.933947994808153   -0.349820789355972    0.073256797146711
  146    0.953170960562580   -0.232142985823246   -0.193842085402722
  147    0.829816364305790    0.355351452348331    0.430267529386371
  148    0.959898011761749    0.221569358913261    0.171763867581651
  149    0.999148580095850    0.012512517053364   -0.039313506704903
   
 U =    10096.9211494131     


 http://math-lab.ru/  - см. Задача Томсона
