    276
    1   -0.023222310542961    0.002427113214335    0.999727379546290
    2   -0.986774930841182   -0.046236858643091   -0.155362121400934
    3   -0.957015607953728   -0.062225228839490    0.283282803976572
    4   -0.964200050778118   -0.259374673424426   -0.055163764061619
    5   -0.825568610281466   -0.020167606113303   -0.563941253484427
    6   -0.846424344641641   -0.446552283394372    0.290098064442424
    7   -0.951264844430117   -0.265587414330755    0.156711585725014
    8   -0.931343460042048   -0.249492571139222   -0.265241053351939
    9   -0.996405816021402   -0.056014285219387    0.063544076435850
   10   -0.987972572396455    0.152280829882218   -0.026846695191659
   11   -0.854620519173657   -0.234336582107983   -0.463368249336634
   12   -0.879667898247590   -0.449428513244960   -0.155558350065471
   13   -0.929749989148764   -0.034405109808651   -0.366580476971877
   14   -0.596364562955967   -0.060807096605994    0.800407274487612
   15   -0.868917607524187    0.358086462034725   -0.341696176510501
   16   -0.738261695940101    0.525069044768245   -0.423405439896335
   17   -0.869194939827546    0.172115956952480   -0.463547466760979
   18   -0.777728512955172   -0.628037775689571   -0.026587825097838
   19   -0.738361408051583   -0.205651154631085   -0.642285009710631
   20   -0.780578912764378   -0.353491551280260    0.515500033095108
   21   -0.954154086511316    0.163547386679151   -0.250683528585696
   22   -0.885595738519919   -0.459640171450784    0.066716569936203
   23   -0.818759449140425   -0.434657497936469   -0.375107749761153
   24   -0.895821122275458   -0.251373082343457    0.366491596572538
   25   -0.757490246787346    0.344149011593930   -0.554770208141143
   26   -0.541027251418855   -0.285782884594400    0.790959958591497
   27   -0.731483776294657    0.147899109182836   -0.665625524240644
   28   -0.934972123945174    0.335987678008695    0.113751517228459
   29   -0.897698871243820    0.084907980961436    0.432350981653359
   30   -0.711511455049012   -0.550914584697544    0.436170344821344
   31   -0.929341328314387    0.350147571220666   -0.117138268107053
   32   -0.969771078550702    0.138834517802228    0.200671452561722
   33   -0.534103849406409   -0.477917345258323   -0.697372274434891
   34   -0.853543744625794    0.520444279441463    0.024511793219480
   35   -0.710924315907707   -0.207140244071824    0.672071079824913
   36   -0.557640284104697    0.815508183876520   -0.154866767171180
   37   -0.752190433168604   -0.609239325756041   -0.251071695342094
   38   -0.823156003362655    0.530186539964995   -0.203264426223500
   39   -0.797639922735857    0.224331813472748    0.559862296571188
   40   -0.578263779122321   -0.277172990660430   -0.767324009140549
   41   -0.608909553486965    0.509082363674553   -0.608329107200893
   42   -0.630538079039383   -0.766100639475408   -0.124545337434587
   43   -0.847418115738452   -0.111233359841234    0.519143214129514
   44   -0.891287206928724    0.291799264761959    0.347073916982499
   45   -0.587929729430768   -0.732761522678469   -0.342635643407681
   46   -0.673467332716250    0.683837574732690   -0.280727489120271
   47   -0.630233417093981   -0.436757146080657    0.641910457404710
   48   -0.470341478076782   -0.108480671244947   -0.875791549380784
   49   -0.834824982248106    0.487117534532735    0.256483443062507
   50   -0.707539430480321   -0.405799085650428   -0.578545638995628
   51   -0.561909608695225    0.685682066908132   -0.462706921038114
   52   -0.662581430301666   -0.580910782534012   -0.472788019047776
   53   -0.427973678525024    0.655351348256633   -0.622377008595251
   54   -0.344767122873257   -0.345852968513442    0.872651909501226
   55   -0.655403422486827   -0.044123788083225   -0.753989021881447
   56   -0.422953281782358    0.906043952993039   -0.013959823576254
   57   -0.442897563272104   -0.867039500053587   -0.228219748914194
   58   -0.757123164707925    0.027082083085489    0.652710559312784
   59   -0.409930012402053   -0.796044600083184   -0.445275622070708
   60   -0.589024260496739    0.803837712107000    0.083038263113184
   61   -0.758512986534121   -0.619587687770070    0.201913710338913
   62   -0.400904979648349    0.267517727113700   -0.876190312074424
   63   -0.280703503032780    0.586013367153078   -0.760127539892509
   64   -0.629530438760874    0.161926909582673    0.759915194364836
   65   -0.443292570941200    0.083801044220217    0.892451164790512
   66   -0.767212648397072    0.436736489062059    0.469729700212044
   67   -0.389290609093037   -0.324019195435425   -0.862243806971875
   68   -0.467818744482665    0.290523644924146    0.834710509129154
   69   -0.344456928230205   -0.679489610083152    0.647798807025189
   70   -0.605723403182302    0.308576311401582   -0.733402903511463
   71   -0.540583004726924    0.114677108417554   -0.833438165556029
   72   -0.725591388733788    0.685450814220111   -0.060616151975857
   73   -0.337773208894246   -0.517843029067298   -0.785969373830615
   74   -0.453827699920848    0.456807540807885   -0.765092993985441
   75    0.093305108032676   -0.958241192191472    0.270310884728078
   76   -0.662586971174843    0.354591169254584    0.659729951052713
   77   -0.188419854008075    0.210416419721107   -0.959282486511313
   78   -0.486339653030757   -0.650059483984376   -0.583863348029219
   79   -0.068234534628379    0.580750178867633   -0.811217158367142
   80   -0.287323507179640   -0.685328418925990   -0.669156304935098
   81   -0.731687098531889    0.661210430720107    0.165634405088182
   82   -0.542929293610496   -0.628445484581543    0.557031466838884
   83   -0.448263068050011   -0.500706322348577    0.740508879475833
   84   -0.543978482090615    0.785096520228913    0.296160201490413
   85   -0.234402573866950    0.412419074356537   -0.880321498358097
   86   -0.237942719756791   -0.914786964052878   -0.326417022401805
   87   -0.336059092227481    0.048683458212899   -0.940581845151008
   88   -0.268326801766245    0.262907196338679    0.926758077152411
   89   -0.447404016931639    0.827182667964560   -0.339997763893334
   90   -0.632966028491528   -0.767146152134981    0.104119105067969
   91    0.142723689613830    0.555275424208706   -0.819328476066136
   92   -0.404041272532988   -0.131657933182614    0.905216459594061
   93   -0.195212138844386   -0.170665232241157    0.965797908131858
   94   -0.496692869213224    0.472011507808458    0.728355222517914
   95   -0.266609458394460   -0.956895771915557   -0.115194958156787
   96   -0.472927943248458   -0.881067876732972   -0.007652260060634
   97   -0.680998074916363    0.629456631783958    0.374200441826840
   98   -0.114877663813734   -0.009272541710047   -0.993336369175585
   99   -0.423630186035628   -0.786312808444316    0.449721728134000
  100   -0.239146241266753    0.046966034419169    0.969847032731926
  101   -0.465872787386618   -0.855040826727125    0.227744880518571
  102   -0.254381039255018   -0.172667768463706   -0.951565094253305
  103   -0.175761199470042   -0.392065275902901   -0.902991041036418
  104   -0.214098861295444   -0.818588635155506    0.532986232454685
  105   -0.606637426750979   -0.719124826657475    0.338896025573932
  106   -0.010826580570090   -0.573023249652637    0.819467595766112
  107   -0.039990532435859   -0.968089338065461   -0.247393999198596
  108   -0.019894671402809    0.388259087167311   -0.921335488995068
  109   -0.270199430266476   -0.905486926856745    0.327239504301054
  110   -0.172663200146988    0.735997146878445   -0.654595767708431
  111   -0.091699137489873    0.983523365342860   -0.155798132236139
  112   -0.055170980360746   -0.753415639814713   -0.655225943174277
  113   -0.237654606078275   -0.548566728448010    0.801620129892973
  114   -0.315181396221475    0.928954651805627   -0.194175030229348
  115   -0.601157087752788    0.566552966878251    0.563584857466947
  116   -0.296270142694297   -0.949684792448284    0.101601168991116
  117   -0.136109548408981   -0.381024653809764    0.914491336219788
  118   -0.472236159019999    0.730592744857357    0.493180749092896
  119   -0.376068658690115    0.637945299948256    0.672010534310994
  120   -0.057720265331953   -0.908107234553355    0.414740426678985
  121   -0.381567773546618    0.903434066344986    0.195481257306272
  122   -0.002935190528752    0.997776359437613    0.066586193794084
  123    0.151548493388231   -0.680103026399846    0.717281623655262
  124   -0.315085026108356    0.803536296713647   -0.505025589634836
  125   -0.033690260793497   -0.235935270958540   -0.971184593290785
  126   -0.218201657917752    0.975524020230301    0.027219890441653
  127   -0.214555965585999   -0.824059057410254   -0.524301828655578
  128   -0.189574070446638    0.913045550215867   -0.361122548514071
  129    0.158640582336899   -0.975282885741662   -0.153806561678060
  130   -0.020800564941410   -0.890240955072696   -0.455014701311257
  131    0.041403766469231   -0.454930392115988   -0.889563975468518
  132   -0.070414164930232   -0.996975910089482   -0.032876740690459
  133    0.079333196372897   -0.402738077827395    0.911870760920183
  134   -0.059201471512217    0.220362504200243    0.973619819289535
  135    0.190017713491656    0.354137770132097   -0.915685376275754
  136   -0.054469427728287    0.853443992143759   -0.518330429086192
  137    0.100664398006374   -0.058633748420363   -0.993191201390846
  138    0.127728910996429   -0.990012081332501    0.059677500880611
  139   -0.320016328961254    0.861596999681405    0.394005278312567
  140    0.052970472600194    0.728345040199202   -0.683160033557098
  141    0.210324951634025   -0.078048993041527    0.974511041192119
  142    0.165484506110439    0.844592636731664   -0.509193633322373
  143    0.023697141496598    0.174212556226354   -0.984422892225678
  144   -0.112469827358482   -0.712344378256840    0.692759716423977
  145   -0.101848604478013   -0.977515867079587    0.184633668038968
  146    0.361582904196186   -0.902220891373750   -0.235064388119101
  147    0.131474729397824    0.984173169625260   -0.118817371286938
  148    0.373235683242277    0.797277431436922   -0.474387839300307
  149    0.265398579913415    0.698190060336814   -0.664901671998814
  150    0.179975408123452   -0.291752065206204   -0.939409167998009
  151    0.243204393892658   -0.511287539391222    0.824279488313627
  152    0.390052551306322    0.305084565748544   -0.868782144706860
  153    0.047043812759701   -0.812307961407659    0.581328354301391
  154    0.027372373564755   -0.205248708008025    0.978327001071967
  155   -0.117539232737415   -0.588301073559580   -0.800053982938742
  156    0.212191679372783    0.971718380363240    0.103624709742413
  157    0.305190519454333   -0.110582015601502   -0.945849017899106
  158    0.154921699016679    0.138623630593543    0.978152726426119
  159   -0.161812358666686    0.956562101304611    0.242498880266345
  160    0.339061335567205   -0.940729368611018   -0.008103441003586
  161   -0.097375329817207    0.434452937784129    0.895415372882178
  162    0.303691601484528   -0.756331942514120    0.579425063248544
  163   -0.300673078745518    0.467560359436485    0.831253878187234
  164    0.151412460201622   -0.804477509999465   -0.574360690507936
  165   -0.242461852804950    0.777615635307488    0.580108760199088
  166    0.109317300622849    0.367899585479979    0.923417361103956
  167   -0.165113249984928    0.630359992190297    0.758540634986198
  168    0.435740657068081   -0.391449032481792    0.810492279264242
  169   -0.094596208238524    0.889973857019101    0.446092021010730
  170    0.513905291792670   -0.678039283775340    0.525513159421260
  171    0.261855768666378   -0.288472857893406    0.920985866707493
  172    0.396515847541101   -0.595641656121215    0.698560090573415
  173    0.042768532768787    0.586440194542778    0.808862627909977
  174    0.431437065314023   -0.164444831264527    0.887028723403930
  175   -0.032297548219531    0.767279315021833    0.640499274877523
  176    0.176064198476593   -0.913862014603001   -0.365865571324412
  177    0.581992016252392   -0.480857015555579    0.655790990796196
  178    0.059298003342434    0.957050617543851    0.283791934801773
  179    0.119170450419339    0.862396112821815    0.492007467765150
  180    0.256253966883637    0.917286266653710   -0.304827507723463
  181    0.345963394950068    0.513019077222871   -0.785570337881986
  182    0.351758318991767   -0.815561494973216   -0.459483985506720
  183    0.040799237768836    0.942619004396659   -0.331368125726861
  184    0.250147054810333   -0.511138419970237   -0.822291898658892
  185    0.344144914730080    0.935162264625251   -0.083879774000635
  186    0.311319144562717   -0.684543307281227   -0.659151614338626
  187    0.537568064673916    0.439555243233902   -0.719591386821942
  188    0.529293657316270   -0.787735412091250   -0.315152573941885
  189    0.227186616577920    0.132088281713544   -0.964851764304673
  190    0.458278891472474    0.848953884339015   -0.263168690950232
  191    0.601000980150688   -0.260017336704968    0.755770339766498
  192    0.541787155765606    0.839764087028594   -0.035538092020359
  193    0.270461496261237    0.907588714322951    0.321143744565802
  194    0.465924408280386    0.635055898182870   -0.616131846240495
  195    0.504753240714419   -0.679338405349643   -0.532657016292188
  196    0.324014929247036    0.790401864656156    0.519883850463842
  197    0.567256145787838    0.707323599892835   -0.421798281291624
  198    0.103323724131697   -0.647634930218719   -0.754912713624663
  199    0.378540211954732   -0.349559662562831   -0.857038709885514
  200    0.244874451242392    0.509516991118980    0.824881166526305
  201    0.471287311712365    0.811913624868238    0.344506219932602
  202    0.491977957303029   -0.172976276695120   -0.853250782143581
  203    0.417594897825846    0.080528021531761   -0.905057865032950
  204    0.733792200162530   -0.339746375797392    0.588320836885088
  205    0.650760545005661    0.526195251687078   -0.547384024397779
  206    0.416982947691251    0.898239528763027    0.138891937499234
  207    0.716737919296205    0.697087868105016    0.018848320449051
  208    0.609124176363132    0.771462924321842    0.183882283449840
  209    0.169212536433268    0.714978005000320    0.678360943657271
  210    0.700754581515057    0.492873036246160    0.515770478630901
  211    0.580003862480110   -0.354101680897696   -0.733626280263719
  212    0.363726300593774    0.631614231427864    0.684665349579016
  213    0.378083278294700    0.053162816190750    0.924243879962751
  214    0.820604699972120   -0.411404809426801    0.396678722852844
  215    0.524907949293910    0.681461532308588    0.509982180817814
  216    0.201398776299849   -0.876905839552059    0.436434051678397
  217    0.310937327135245    0.273496451699813    0.910229459807581
  218    0.684368248543924   -0.558768216710253    0.468420943574651
  219    0.437667216597856    0.406519483355508    0.801990846062382
  220    0.544605901238491    0.522052661441410    0.656403405702736
  221    0.639599831722568    0.739891958602170   -0.208499268239259
  222    0.639612024384497    0.328720677489967    0.694866299696066
  223    0.454628823263163   -0.531838325413269   -0.714465274649483
  224    0.520382851350340    0.192832255844713    0.831875837566117
  225    0.826040972249133    0.436750202414574    0.356238084511658
  226    0.417859529073487   -0.824433900760331    0.381709519451098
  227    0.524286792747536   -0.847851056059068   -0.079195616608659
  228    0.607915494873765   -0.728022084969290    0.316895242768575
  229    0.678703206024329   -0.718688122287112   -0.151159984836337
  230    0.671095509937129   -0.636508331937114   -0.380115719113085
  231    0.791461555787632    0.282533601728440    0.541999418454094
  232    0.737906831888137   -0.112129540017783    0.665522707131930
  233    0.739298176182730    0.575031688680398   -0.350395153656923
  234    0.576998491109974    0.233175550108768   -0.782752773286870
  235    0.580531526053016   -0.029155560215344    0.813715614061255
  236    0.301645959628561   -0.928252133038628    0.217618226601089
  237    0.765140022745823   -0.593001828641099    0.250817815995665
  238    0.492960230901271   -0.856054668162700    0.155436854917406
  239    0.685217283688326   -0.156543828027275   -0.711316599019986
  240    0.660099287462904   -0.745961152074291    0.088379241267176
  241    0.715330037157246    0.318736398782357   -0.621860149898566
  242    0.640359086479698   -0.509810388864630   -0.574485515716960
  243    0.674909352782304    0.647119515949412    0.354589477571415
  244    0.797119878644157   -0.603413107323978    0.022192813700516
  245    0.754491489320354   -0.312552794548441   -0.577107739649291
  246    0.588958522392664    0.012423963627938   -0.808067759552887
  247    0.904368405024446    0.216086881920559    0.368000336216408
  248    0.701648742150869    0.117965155820073    0.702690020315109
  249    0.854032054158143   -0.179927125115286    0.488114208068327
  250    0.793583434193032    0.578862394574367    0.187466426652942
  251    0.794221335247858   -0.449068283129433   -0.409328899204898
  252    0.804908518007681   -0.554545501699948   -0.211190824097618
  253    0.887963002871788   -0.427144682620979    0.170496702723364
  254    0.879610008704885    0.475483987938914    0.014184844020945
  255    0.793603068907805    0.590569316012349   -0.146362741176910
  256    0.836350516890808    0.057100208334436    0.545213150157479
  257    0.733166910557600    0.094010770938754   -0.673519306487145
  258    0.890513206140900    0.406058555095047   -0.205189374780413
  259    0.883595082907607   -0.225834968803463   -0.410192998876185
  260    0.931053545908175   -0.004183304997931    0.364858595364161
  261    0.964297707678122    0.262331454192733   -0.036223460738123
  262    0.908549185793383   -0.344708862610178   -0.236038507519808
  263    0.923034843823578   -0.252674587181139    0.290107273401451
  264    0.824904363175663   -0.075311080575150   -0.560233016481853
  265    0.929076346743518   -0.010067773774996   -0.369750972754546
  266    0.971770629352096   -0.144367266448167   -0.186601008322343
  267    0.918785044312785    0.351182612001798    0.180290918725120
  268    0.976367587480585    0.141646834247045    0.163225330341621
  269    0.811410568166227    0.390422435659269   -0.434951964706500
  270    0.847553837142973    0.159397654419954   -0.506206361980606
  271    0.917823143517860    0.234993979054697   -0.319966415473615
  272    0.902428281319546   -0.428489130487667   -0.044947326155993
  273    0.970214518996248   -0.241165497431020    0.022868974129328
  274    0.979829899096593   -0.088749747893724    0.179044271299477
  275    0.978305565231938    0.098329094329762   -0.182344756558855
  276    0.999958415339645   -0.001018520182305   -0.009062571823943
   
 U =    35557.2214515343     


 http://math-lab.ru/  - см. Задача Томсона
