     63
    1   -0.261085211596210    0.016083340481645    0.965181764459272
    2   -0.969362626382894   -0.179619369026961   -0.167549935369770
    3   -0.807347117076689    0.357783326855304    0.469235253974282
    4   -0.917751748273572   -0.172964752143257    0.357512129943619
    5   -0.495720418916981   -0.009333614536944   -0.868432006497025
    6   -0.696998268398234   -0.009261106967981    0.717013002495485
    7   -0.978998549194106    0.184194610967455    0.087373828841266
    8   -0.740490510322810   -0.491211654554065   -0.458677353432805
    9   -0.788440433664311    0.611650071635685    0.065160359355166
   10   -0.505052787798549    0.738246693075179    0.447116877002510
   11   -0.431658900743392   -0.442830936237306   -0.785857083266542
   12   -0.837130732850780   -0.543987145584359    0.057359581202250
   13   -0.880851823474900    0.336921841389852   -0.332541332582003
   14    0.228452374408375    0.031899804312390    0.973032329941820
   15   -0.234294788791285    0.731724149715774   -0.640066965768407
   16   -0.178267600232214    0.324639631367557   -0.928886307603349
   17   -0.589687502187183    0.726022112067960   -0.353780359195674
   18   -0.566989809648192   -0.803427923878393   -0.181730918909144
   19   -0.817060925307774   -0.048508694506218   -0.574507050341862
   20   -0.453323127433029   -0.370822224506085    0.810548591971324
   21   -0.424815331404422    0.904825298883919    0.028689940804697
   22   -0.680234919846628   -0.551187765411525    0.483189922372043
   23   -0.284253629568507   -0.795031985806620   -0.535839542793841
   24   -0.466357757108718    0.412620086984731    0.782467319573948
   25   -0.591840532753518    0.408280789597701   -0.695004734254026
   26   -0.216846583639553   -0.732197509909690    0.645650343178026
   27   -0.075214913715722   -0.150857569216153   -0.985689966756754
   28   -0.045359645472688    0.966806305617988    0.251451923794369
   29   -0.022395356585526    0.411166280260549    0.911285212203134
   30   -0.435482989481935   -0.864143105865112    0.252212724614909
   31   -0.093241930400949    0.957215209999247   -0.273943395907259
   32   -0.092917014460489    0.754434870625567    0.649764922420357
   33    0.320660168310399   -0.946549179429244   -0.034952930935336
   34    0.315081136287825    0.948957464214448   -0.014269150894735
   35   -0.001896164677415   -0.396879669796479    0.917868690097747
   36    0.164062153612444    0.595123274104365   -0.786709538757061
   37   -0.138350427391049   -0.982875801388625   -0.121714084170166
   38    0.316387015474621    0.833374263213764   -0.453195977312220
   39    0.402803555036453    0.465176946191955    0.788263727937245
   40    0.031138863815463   -0.586993064870074   -0.808992900435300
   41    0.287984619082486    0.174850507790008   -0.941537125713847
   42    0.039083994463403   -0.946550325457327    0.320179516448841
   43    0.656820667144153    0.053294558415716    0.752161087304830
   44    0.340763696941380    0.801312866677698    0.491709052737096
   45    0.563099156334221   -0.768976707154230    0.302645277494836
   46    0.655603520005890    0.734695711760285    0.174373838854728
   47    0.268208392167850   -0.718179522753868    0.642092229720749
   48    0.362403743096422   -0.275060718070846   -0.890508353899082
   49    0.752677648385109    0.431664905134179    0.497133550765750
   50    0.192282788873341   -0.863562192917677   -0.466141253340983
   51    0.587072150675388    0.444953291217380   -0.676286077437793
   52    0.520568306161609   -0.583187950638433   -0.623618836189365
   53    0.701529564706512    0.657753996416386   -0.274255264381498
   54    0.444929027698041   -0.351291614581016    0.823791455306947
   55    0.691944922112765   -0.026690229276832   -0.721456759912546
   56    0.889528714614699    0.226209216351736   -0.396948430294736
   57    0.753220392994680   -0.404884076740298    0.518389741390681
   58    0.927572361146729   -0.005096798584273    0.373608802734722
   59    0.659083758500199   -0.720993615666533   -0.213955148218851
   60    0.926795101516935    0.371288958016568    0.056527422187691
   61    0.877774830286604   -0.471108601646385    0.086994441029938
   62    0.847618230681550   -0.325296800673682   -0.419196047795951
   63    0.994556379641754   -0.073636322521189   -0.073724485209749
   
 U =    1708.87968155177     


 http://math-lab.ru/  - см. Задача Томсона
