    179
    1   -0.049521850704345    0.034442809941130    0.998178981518934
    2   -0.994479705433486   -0.103004558569037   -0.020004409387061
    3   -0.899329436349247    0.101551678138942    0.425316143101705
    4   -0.929841838591333   -0.365363535379056    0.043630748565750
    5   -0.892243477751006    0.155874010879684   -0.423798146696124
    6   -0.872423237457824   -0.378614008824467    0.309077865699690
    7   -0.961102077139298   -0.124952109678325    0.246312337501518
    8   -0.918512606520011   -0.325102580999304   -0.225039782019550
    9   -0.979114299987575    0.136175523269565    0.150968256339210
   10   -0.923036821848330    0.383929675525427    0.024515908367302
   11   -0.851825684338452   -0.199991830338632   -0.484144886680765
   12   -0.805729598610794   -0.569293544865577   -0.163415647038080
   13   -0.956099202572925   -0.060741799706299   -0.286678824833396
   14   -0.522452537575322   -0.013421281280393    0.852562733873525
   15   -0.776323397403918    0.618768112863403   -0.120199855019471
   16   -0.691379715655392    0.614351696644445   -0.380218465635694
   17   -0.880728535214410    0.401643925582380   -0.250996821298309
   18   -0.633703675464141   -0.769903004107229   -0.075292867988296
   19   -0.780251366295599    0.015715920787555   -0.625268594467730
   20   -0.717751273571250   -0.416763032401645    0.557800756641862
   21   -0.977167750371031    0.164893259774095   -0.133990300081351
   22   -0.793552504951565   -0.599566718513218    0.103895004386101
   23   -0.772445732370654   -0.474928790419371   -0.421628076120599
   24   -0.851763287049178   -0.163282565701014    0.497833412471755
   25   -0.777651009781168    0.381409706904052   -0.499785496453923
   26   -0.466095925192974   -0.299822507075300    0.832382756170253
   27   -0.669632036882203    0.246159672533673   -0.700712744852772
   28   -0.800588608620897    0.578919862993993    0.154627526583959
   29   -0.757606524727668    0.308278856186577    0.575322953234408
   30   -0.715213987691271   -0.595966359503409    0.365093207484068
   31   -0.611835481225506    0.790897446881158    0.011771679167356
   32   -0.882422099732721    0.352786248861074    0.311244438533169
   33   -0.459267831543052   -0.372322753941813   -0.806504076745386
   34   -0.416922806170111    0.883809291218968    0.212265188974231
   35   -0.675191424985907   -0.203186723085988    0.709106265088018
   36   -0.096107942440973    0.989294367069208   -0.109817661079165
   37   -0.621304901272378   -0.699061387220775   -0.353968072786071
   38   -0.543178028644238    0.802952203442917   -0.245408614731275
   39   -0.551016244962483    0.501644646988775    0.666883607487058
   40   -0.611130221699605   -0.123448967105024   -0.781844105078560
   41   -0.577641823005349    0.517493064434687   -0.631293000576637
   42   -0.429020174703790   -0.868095205238864   -0.249704634194931
   43   -0.744452925194643    0.055712037334949    0.665346534570617
   44   -0.716466786348141    0.538506698713287    0.443492817868435
   45   -0.389672859033185   -0.759079644674496   -0.521491280822359
   46   -0.286634250372880    0.902371775139202   -0.321816696187912
   47   -0.507537050044367   -0.521746664335095    0.685701510197742
   48   -0.358724725427499   -0.132007142222432   -0.924062057315001
   49   -0.622887246856058    0.731320716423066    0.277815563701053
   50   -0.687944559669325   -0.332428687348737   -0.645153819370989
   51   -0.455669412985752    0.737291141476313   -0.498765635113102
   52   -0.558990470885812   -0.567873662273535   -0.604192980060925
   53   -0.193088561458884    0.801316235148077   -0.566223541299591
   54   -0.229396483296810   -0.392491651812584    0.890689371615316
   55   -0.506229046738364    0.103443727261098   -0.856172615498007
   56    0.097572335668272    0.989549324007013    0.106168614333528
   57   -0.192549242281315   -0.895688012750788   -0.400833847262723
   58   -0.566951665064213    0.248337719786714    0.785426117729766
   59   -0.115072785933795   -0.763372584214784   -0.635626109915788
   60   -0.166472551215812    0.972067820501664    0.165441959722566
   61   -0.589653730040837   -0.780543820115572    0.207508610732946
   62   -0.093663383214721   -0.090739174414259   -0.991460323397457
   63   -0.333826697096413    0.604229533469095   -0.723509783755147
   64   -0.347166641023535    0.413181769420496    0.841876563861344
   65   -0.317203028505077    0.158477813374774    0.935022471053588
   66   -0.478841246505404    0.722055798172036    0.499346057330280
   67   -0.199485261614238   -0.361510263670837   -0.910777667523387
   68   -0.077947262788936    0.300754381917771    0.950510928911905
   69   -0.018375321022123   -0.751688198335716    0.659262618430728
   70   -0.430911256180245    0.364820919154804   -0.825361245906426
   71   -0.257685716549173    0.142789933456415   -0.955619749895350
   72   -0.363456094158007    0.929904611587088   -0.056365600932422
   73   -0.040715393338273   -0.565604127580852   -0.823671189012225
   74   -0.170131348106007    0.401634497622402   -0.899858352581801
   75    0.734896830990295   -0.662446914053715   -0.145226491595478
   76   -0.304998592030886    0.659470052313128    0.687077221978213
   77    0.190036365330906   -0.029955238340430   -0.981319959823393
   78   -0.308416945242081   -0.592296409966430   -0.744354720968720
   79   -0.075100504329833    0.628432828210578   -0.774230001147371
   80    0.169925855190308   -0.712556192533193   -0.680726726536017
   81   -0.255782648922828    0.865967241783899    0.429739424148177
   82   -0.510341750371121   -0.706990064951476    0.489608359699922
   83   -0.264170483546132   -0.613090330609802    0.744536232923400
   84    0.021135941522674    0.926789328998696    0.374986415260735
   85    0.013115556675483    0.175756013564296   -0.984346385104897
   86    0.100906116566114   -0.870562216521170   -0.481600854240618
   87    0.070404285281483   -0.303746283644349   -0.950148110447129
   88    0.167490029055997    0.433560333180376    0.885422231288182
   89   -0.011909514024102    0.929122491815222   -0.369580246602523
   90   -0.414213968592882   -0.909375968777578    0.038237882163838
   91    0.109748906858245    0.412641221490033   -0.904257927679174
   92   -0.276314052624196   -0.117528710057349    0.953854048916630
   93   -0.013333681851184   -0.249306073739686    0.968332946111405
   94   -0.107307569745021    0.544556108384313    0.831831551635756
   95    0.020141157526055   -0.968160364879621   -0.249519221002452
   96   -0.202993512091342   -0.973258287359262   -0.107526462488719
   97   -0.076419773839767    0.789750008912252    0.608650097830746
   98    0.344882143541782   -0.232235826723240   -0.909462933742876
   99   -0.267368012153119   -0.792026457782775    0.548824595157105
  100    0.208860185906230   -0.088532564650727    0.973929878245647
  101   -0.135920972747445   -0.977216303655759    0.163014677366069
  102    0.224278618398081   -0.498617009655709   -0.837305308123295
  103    0.471833460522971   -0.430526423963335   -0.769428478677688
  104    0.209158928325561   -0.834151680356662    0.510336670110880
  105   -0.348971109140892   -0.884828348392532    0.308703674850040
  106    0.221876014846503   -0.381307806343422    0.897427095009618
  107    0.366997034635520   -0.822268379339254   -0.434957341480210
  108    0.309181875551872    0.219184580803411   -0.925399744633777
  109   -0.055881521658099   -0.907971213187354    0.415289695947611
  110    0.081735389276033    0.799923274516940   -0.594509950317059
  111    0.355434651006012    0.933659860305543    0.044107529045147
  112    0.794072648841431   -0.219805413279001   -0.566687046486154
  113    0.225835573394863   -0.646662029839647    0.728578419219977
  114    0.181721425909064    0.967975687882015   -0.173206209573782
  115    0.113956525104973    0.660702627959724    0.741947402309028
  116    0.090272944441540   -0.995835918626074    0.012712933415111
  117    0.000642003959847   -0.533886015411735    0.845556213612493
  118    0.218021203507044    0.809614048771050    0.544969583420843
  119    0.369252344162798    0.585746181004935    0.721494364335864
  120    0.430227029046328   -0.845948843409973    0.315079764204717
  121    0.300231727584112    0.902694271955912    0.308227125882595
  122    0.588149073403795    0.808744480468441    0.003610092254871
  123    0.435069370513999   -0.486995034202686    0.757331155771686
  124    0.277628984497302    0.862523293873042   -0.423055214473708
  125    0.608710492263320   -0.201460633964816   -0.767388525827068
  126    0.550775046457215    0.791539904511214    0.264785626057064
  127    0.431496697612395   -0.650230709399265   -0.625308423502934
  128    0.451813729129825    0.863515361677507   -0.224066004375419
  129    0.525661713326182   -0.830932297704948   -0.182294486405261
  130    0.614700954441090   -0.676953141994695   -0.404817465226889
  131    0.723562288690605    0.033855374820931   -0.689428334187498
  132    0.279263409928534   -0.937900512612360   -0.205802274809003
  133    0.433788165773677   -0.199058680685520    0.878751084709686
  134    0.197832096354444    0.182364380700201    0.963122886398116
  135    0.399986365974720    0.448814951345492   -0.799109533470275
  136    0.571264199199887    0.708185281915769   -0.414886516038295
  137    0.478855852123659    0.014771786907095   -0.877769256239073
  138    0.371372415502079   -0.926793845492785    0.055997294227904
  139    0.475680120896353    0.718734315761469    0.507099009988112
  140    0.194610037736251    0.619756241969337   -0.760282272417514
  141    0.624709587236052   -0.297816825017553    0.721833131929968
  142    0.394461479896851    0.690200475623080   -0.606649358630882
  143    0.581455849369383    0.251641739364207   -0.773683094195476
  144    0.449614414400634   -0.700519020414716    0.554184067255980
  145    0.169398663571067   -0.949820080298596    0.262956094894004
  146    0.807267747516649   -0.467527828102387   -0.360189552554292
  147    0.714756088415465    0.674381543369234   -0.185292385261659
  148    0.772534555763971    0.501673491986422   -0.389248079749551
  149    0.607957684813022    0.498166744083759   -0.618237291471306
  150    0.886998755697706    0.039753356655756   -0.460057472524164
  151    0.651371089219704   -0.511860426376211    0.560102319258454
  152    0.779091443249433    0.279181396144104   -0.561314770073392
  153    0.611016822731175   -0.786969740767460    0.085656695336071
  154    0.449468096667635    0.078933108054933    0.889802222143079
  155    0.664870831591984   -0.462701388634732   -0.586390827225046
  156    0.874743815021335    0.475368439949646   -0.094064362974294
  157    0.910116057399554    0.286840052024072   -0.299017635965371
  158    0.661464695307141   -0.031725475474849    0.749304978675656
  159    0.765115640735763    0.633809149831879    0.113507787798426
  160    0.889995038565400   -0.444289561598420   -0.102545681448105
  161    0.430441161783815    0.342533471762690    0.835099531172421
  162    0.652612743472409   -0.677367882755896    0.339513414268435
  163    0.606569081135528    0.488804234696789    0.627012256620944
  164    0.979367750219092    0.051654825360064   -0.195372948096237
  165    0.711150662834971    0.588210819134000    0.385062030071895
  166    0.657759418113770    0.235295558508541    0.715533750447027
  167    0.803359005367243    0.342620643228296    0.487057905519644
  168    0.805838311991722   -0.218551689123214    0.550326970180202
  169    0.882825987697287    0.417665784476051    0.214880357232378
  170    0.804273493352135   -0.580542885745588    0.126941347485120
  171    0.831977481249081    0.067640437441464    0.550670720047074
  172    0.822836703811187   -0.430105671666087    0.371414687461071
  173    0.935792280664643    0.169588171423218    0.309083580220293
  174    0.934377982038067   -0.318828511067664    0.159016248266790
  175    0.931422880847718   -0.117722587655722    0.344373067165508
  176    0.917963034973388   -0.214428471481875   -0.333712896125385
  177    0.978102398272164   -0.193310859613862   -0.077114266187199
  178    0.968499509183633    0.248900477688563    0.007566565764451
  179    0.994459445895836   -0.002773700361850    0.105084333060877
   
 U =    14698.7714570312     


 http://math-lab.ru/  - см. Задача Томсона
