    150
    1   -0.274301010169647    0.092012945322184    0.957231724146796
    2   -0.979958963818240   -0.148316902304375   -0.132975658385722
    3   -0.883689749411022   -0.105598376890882    0.456005931522712
    4   -0.906333670727970   -0.421764076440352   -0.025968079042926
    5   -0.857365733851722    0.288060570589647   -0.426550238645420
    6   -0.792951964263891   -0.569648296847747    0.216166603036868
    7   -0.942707043746490   -0.261604812076026    0.207041908727245
    8   -0.881853299862759   -0.296212284309261   -0.366869241209253
    9   -0.993995505388508    0.012379401137592    0.108718377907870
   10   -0.938346657623583    0.329533453578231    0.104466516642674
   11   -0.759756966040197   -0.182533008107427   -0.624060136128442
   12   -0.794502255393016   -0.552813889312429   -0.251322442210551
   13   -0.908731510517363   -0.002786858422177   -0.417371866820184
   14   -0.474096100456299   -0.123852476776493    0.871718676826681
   15   -0.708379283641222    0.699144565620766   -0.096931248165387
   16   -0.555063004611743    0.755443234701957   -0.348153098585130
   17   -0.874605167219377    0.459859036896975   -0.153608162730213
   18   -0.460179702205244   -0.882533838226397   -0.096791869822196
   19   -0.741116708371495    0.134018890946212   -0.657863938396192
   20   -0.612655472345710   -0.642881155377785    0.459735894035889
   21   -0.972799420073124    0.164921761352225   -0.162671758267604
   22   -0.700531450738272   -0.713080165109841   -0.027791449286676
   23   -0.694689463661104   -0.491477177086333   -0.525220652184867
   24   -0.802256745798235   -0.389362626084966    0.452527191701719
   25   -0.730879567341189    0.544638457233264   -0.411319837773144
   26   -0.389285760493374   -0.636771793529049    0.665566134687525
   27   -0.627916805303385    0.412564809938000   -0.659932392914921
   28   -0.795375966194628    0.583538422958617    0.163890150194978
   29   -0.773001338376673    0.162220865608730    0.613313395931498
   30   -0.555505531488143   -0.804065917432335    0.211876390637968
   31   -0.575449916988023    0.801238631855493    0.163933059084539
   32   -0.924089639078596    0.157391001480997    0.348261987016094
   33   -0.264256400968037   -0.510355228894202   -0.818355726373175
   34   -0.396152094267869    0.818760410696718    0.415565768661140
   35   -0.617474964803891   -0.406399642091004    0.673471602035853
   36    0.162540596944980    0.973809058860032   -0.158985757937331
   37   -0.582832532530580   -0.738026240373179   -0.340034568161269
   38   -0.445208729389910    0.887993942554710   -0.115134466000259
   39   -0.615233344418016    0.422424529364751    0.665616593022734
   40   -0.571205927602721   -0.046589590551300   -0.819483494845245
   41   -0.455561194925521    0.653172808680675   -0.604838226039187
   42   -0.182977783746043   -0.970180197247548   -0.158963881193480
   43   -0.708937183233905   -0.125743668852529    0.693971613232041
   44   -0.808930829406635    0.414538338953271    0.416879933282181
   45   -0.326232546416151   -0.853515613682656   -0.406304593696346
   46   -0.148689938837264    0.976294395879841   -0.157291305106757
   47   -0.347343804682436   -0.829528904739500    0.437303187217308
   48   -0.355147128105269   -0.236146188026522   -0.904491843677499
   49   -0.629482502056633    0.643800864891178    0.435054279337523
   50   -0.550658709502454   -0.375986737614135   -0.745257645910038
   51   -0.289555459615093    0.864782980188996   -0.410253620316178
   52   -0.447171407849041   -0.651464694823430   -0.612887822852537
   53   -0.000782869641453    0.903858052476043   -0.427831752081750
   54   -0.378413450266280   -0.395564394980114    0.836858452835117
   55   -0.475528330841274    0.241837081683855   -0.845805907102775
   56    0.017024124188176    0.994508154933450    0.103265236001714
   57    0.133382290880339   -0.976275692455910   -0.170572379942493
   58   -0.555516474330201    0.154931931747249    0.816944027013362
   59   -0.036788650651354   -0.901931545815632   -0.430309286264981
   60   -0.125295245625146    0.925523930712666    0.357360539374327
   61   -0.292432312186225   -0.944006954058271    0.152755404091128
   62   -0.283764901946361    0.037544455847093   -0.958158595566787
   63   -0.161701797258962    0.735379316096145   -0.658080382796195
   64   -0.358384582329819    0.377914909619330    0.853663172589573
   65    0.027113513978938   -0.002887236323645    0.999628191492279
   66   -0.402687021955823    0.629978108890949    0.664056281249213
   67   -0.076793488963623   -0.267639403683981   -0.960454012250705
   68   -0.060572140705553    0.300311464425114    0.951915983742888
   69   -0.115529362112372   -0.516024334272307    0.848747225579401
   70   -0.320288123596586    0.495536375240885   -0.807377989975020
   71   -0.146944798547486    0.293614551767086   -0.944562184914499
   72   -0.300174941647183    0.945656008750917    0.125018868657480
   73    0.035225667093626   -0.530262582009336   -0.847101379115039
   74   -0.009063097321664    0.542821389474059   -0.839799261369281
   75    0.689621186793791   -0.616249617467967   -0.380340673207202
   76   -0.130532190941007    0.568750751612951    0.812086159017529
   77    0.012826133369246    0.012574161806260   -0.999838677366336
   78   -0.153552894135475   -0.737494461289370   -0.657665133841016
   79    0.145188687907389    0.743553564826433   -0.652723786250842
   80    0.147522075440297   -0.736617966327652   -0.660023642713730
   81   -0.136804360390091    0.780268529220565    0.610299589780490
   82   -0.066000060120778   -0.920647011272980    0.384776653005588
   83   -0.116328120140627   -0.749791075651512    0.651368644730383
   84    0.149248474509212    0.898294080115932    0.413270660082886
   85    0.157023139898347    0.283586725511469   -0.946003331204572
   86    0.255651344340240   -0.871874744996743   -0.417704224510468
   87    0.211905900939309   -0.276835714132969   -0.937260836975273
   88    0.234473377040427    0.207088380269015    0.949808737702920
   89    0.292449018360220    0.864122078487153   -0.409593219098152
   90   -0.006808272015572   -0.996192015596242    0.086920167363265
   91    0.293374164981619    0.517806579532439   -0.803621767695633
   92   -0.177923196761811   -0.209765825010412    0.961426874344461
   93    0.105954598906789   -0.315127006451665    0.943116425885645
   94    0.153680831962661    0.505433467997938    0.849069615116948
   95    0.487174125433972   -0.834129039777066   -0.258631236528447
   96    0.365837536657872   -0.930661371347899   -0.005684070104181
   97    0.151008858129164    0.734613595864999    0.661467451608030
   98    0.303750842689385    0.008425959273470   -0.952714242979400
   99    0.155842431270715   -0.810081954527493    0.565225940279239
  100    0.319618543636110   -0.089541380543987    0.943306062598036
  101    0.563820576953869   -0.808754867677991    0.167397494039074
  102    0.338365995214953   -0.525105995707621   -0.780879085745099
  103    0.488516578942504   -0.269146607316733   -0.830007021577652
  104    0.155499197843460   -0.595350898039399    0.788274893469100
  105    0.219244237127815   -0.942297793322846    0.252995717720946
  106    0.528283799585380    0.132226583566863    0.838708744257427
  107    0.454888231979592   -0.694472693014989   -0.557480380877201
  108    0.456443654334670    0.279053784035060   -0.844859855853814
  109    0.407750703042815   -0.811463452626091    0.418648335981685
  110    0.450329778566193    0.657924085106997   -0.603604993992466
  111    0.305921633460853    0.941111809566753    0.143946226329954
  112    0.838952568357181   -0.341757015732626   -0.423510011976600
  113    0.383435992043994   -0.379624302661521    0.841939563646935
  114    0.450155522446003    0.886414232647888   -0.107841614280489
  115    0.421329688422973    0.401438726431745    0.813220906380461
  116    0.642861656307531   -0.636456839311503    0.426206032973666
  117    0.585676264188869   -0.148507444982921    0.796824229269175
  118    0.426933429811133    0.639106570911531    0.639742633820356
  119    0.653213358508203    0.411388459003670    0.635666456614646
  120    0.419788537321272   -0.625306103323144    0.657852461483950
  121    0.420875336847969    0.812920926559018    0.402521450354556
  122    0.593069816095373    0.791236989503163    0.149037645172524
  123    0.636388008516395   -0.412360107732894    0.651896804844949
  124    0.556708849222294    0.754266061001171   -0.348077529322660
  125    0.567366184453472    0.011213420416566   -0.823389259063579
  126    0.657028870776137    0.631268267661389    0.412084259843084
  127    0.626264765222191   -0.454148057201204   -0.633673406402356
  128    0.718346881300064    0.687286371684308   -0.107773843874527
  129    0.685081415092963   -0.723258343083002   -0.086952997964723
  130    0.740724762120706   -0.168704287303866   -0.650281239331505
  131    0.899872923662077   -0.026556497887763   -0.435342938015312
  132    0.795203549258353   -0.586495866894688    0.153863294395926
  133    0.795868222468695   -0.146574245361761    0.587460435315562
  134    0.753957101130946    0.136989938162042    0.642481475605780
  135    0.625228375047907    0.427085999313564   -0.653212850627794
  136    0.814233998260146    0.561531961591091    0.147325667108475
  137    0.745120763104403    0.156101063084161   -0.648403814373964
  138    0.860681379679932   -0.484077690149867   -0.157785780637603
  139    0.915839535837947    0.117723950289637    0.383899747491891
  140    0.739225335228374    0.540297165084140   -0.402025965776514
  141    0.934287561437095   -0.156399577098480    0.320384027110189
  142    0.888519891593988    0.437064867878363   -0.139666400785144
  143    0.864238387088454    0.282536743008768   -0.416251125082858
  144    0.820733884416505   -0.407498390838492    0.400425963736912
  145    0.940046448408307   -0.330934720050299    0.082431097894903
  146    0.965653864874032   -0.181672449739406   -0.185762574970117
  147    0.832101075317988    0.387121729181365    0.397170702910319
  148    0.951294519559204    0.285141656124267    0.117187768130180
  149    0.974095231886657    0.140560391568037   -0.177147553011379
  150    0.997269249196970   -0.009568648049220    0.073228994125433
   
 U =    10236.3180217795     


 http://math-lab.ru/  - см. Задача Томсона
