    206
    1   -0.173880089671129    0.015202427831116    0.984649481086544
    2   -0.998823438420261   -0.031349167088931   -0.036999575472653
    3   -0.927890945457710    0.073170631747380    0.365601493415011
    4   -0.957934231488127   -0.285762519001497    0.026491335888772
    5   -0.825872505568584    0.105536658659117   -0.553892244236131
    6   -0.888062735256345   -0.350688849316979    0.297257311455499
    7   -0.970763463395292   -0.113322964881899    0.211603884102237
    8   -0.946264730144101   -0.230312899383903   -0.227022088931214
    9   -0.975740834785950    0.169045395810162    0.139116776438366
   10   -0.898842529211326    0.438222695958646    0.006555640908667
   11   -0.859059516527319   -0.137102511816400   -0.493173040947580
   12   -0.868935437212630   -0.468152635458120   -0.160574954054832
   13   -0.955142363818474    0.003744108450610   -0.296123363636117
   14   -0.620562319044487    0.024240585315346    0.783782369159767
   15   -0.858086570563181    0.449722584994592   -0.247864951061866
   16   -0.698636631812905    0.592036513865192   -0.401745719254692
   17   -0.905488053829672    0.234267508547362   -0.353850418695195
   18   -0.729536704790930   -0.678868224686812   -0.083151246974219
   19   -0.695190427308137   -0.031971367211456   -0.718114267688479
   20   -0.740687780947871   -0.395110916201554    0.543386579750445
   21   -0.969598500751134    0.220021493982878   -0.107094768904444
   22   -0.856578089037220   -0.506403410326744    0.099144154597167
   23   -0.832274728955763   -0.374614850424961   -0.408634909647592
   24   -0.866575741487777   -0.171036283187841    0.468820940336711
   25   -0.770279190029343    0.373429194797749   -0.516933850584815
   26   -0.487886903939263   -0.218449074031420    0.845130978617738
   27   -0.658522038984937    0.236460882662292   -0.714447321460226
   28   -0.763045774317773    0.637926919114621    0.103973035757919
   29   -0.840600957592863    0.279069495678411    0.464230811855222
   30   -0.743452971069314   -0.560638564056328    0.364639658157294
   31   -0.750121909750054    0.646463549574491   -0.139291060676850
   32   -0.890471297465473    0.382891322149017    0.245876196109211
   33   -0.505925308661872   -0.417101273721989   -0.755027224353456
   34   -0.580259418144981    0.814404299012458    0.006681721640022
   35   -0.699090491473276   -0.197665099191000    0.687168824448159
   36   -0.129450107424396    0.975921944504405   -0.175553490203281
   37   -0.719060538044519   -0.614073832002749   -0.325369438448953
   38   -0.571767367153261    0.780786620139860   -0.251901432447696
   39   -0.697514969776328    0.466654993736974    0.543788546917157
   40   -0.514951263020011   -0.180544024469673   -0.837991081063748
   41   -0.587093078290266    0.490416162214923   -0.644060327346783
   42   -0.543289544261002   -0.821354310323973   -0.173820505145116
   43   -0.802124526216388    0.039997225930136    0.595815799018479
   44   -0.747322822173316    0.574598188801414    0.333684762740291
   45   -0.521549489207333   -0.748537274120108   -0.409485139608763
   46   -0.362575730656800    0.868739905807487   -0.337386744843787
   47   -0.543841727842332   -0.430835279122460    0.720150774019538
   48   -0.300067820773033   -0.092233947419583   -0.949448367147958
   49   -0.577892081857608    0.774428847649802    0.257489226287393
   50   -0.707055638630689   -0.274594755048603   -0.651667126975380
   51   -0.499622874648951    0.701454185441139   -0.508270605932142
   52   -0.667078810070740   -0.504869659296112   -0.547825235158836
   53   -0.267181267501258    0.771138743369007   -0.577892039027785
   54   -0.306310797166444   -0.434883005060135    0.846788325054806
   55   -0.502549053510123    0.079034238665376   -0.860928590496717
   56    0.109934010680479    0.979521109396560    0.168679902603234
   57   -0.321623080748102   -0.895966995689183   -0.306270691653314
   58   -0.682058086437343    0.256306710661783    0.684911407990235
   59   -0.282806563190091   -0.789126539500902   -0.545252008223665
   60   -0.133793914752856    0.988671149804588    0.068033417664995
   61   -0.700931892455143   -0.694306911559355    0.163194346409922
   62   -0.064059531224579    0.001794155722492   -0.997944466122505
   63   -0.366874423406992    0.580211689901195   -0.727157171697967
   64   -0.480257509024169    0.268676893898182    0.834964341580600
   65   -0.410679335125481    0.021070569073262    0.911536348600439
   66   -0.546652663696187    0.675364599341166    0.495028810505621
   67   -0.297164253232082   -0.350949480650319   -0.887990916976232
   68   -0.249579984442205    0.252920426948105    0.934741188243150
   69   -0.129526872383666   -0.759458203382104    0.637531196606199
   70   -0.449752772527536    0.341827030127175   -0.825152546550169
   71   -0.281332215344232    0.171539328263926   -0.944153824050016
   72   -0.368709423206068    0.925334986788189   -0.088365850104838
   73   -0.272658009059223   -0.586903752673196   -0.762365788315544
   74   -0.211823394899640    0.434115925571960   -0.875599344756488
   75    0.490311084996808   -0.812503418988880    0.315330357023604
   76   -0.509742535983278    0.494422050066453    0.704066320326020
   77    0.169203437104118   -0.150582446203317   -0.974009817079673
   78   -0.466809449352770   -0.630843809087547   -0.619778207531435
   79   -0.111672137520251    0.660394381328029   -0.742568915867092
   80   -0.074287194594535   -0.735643771169715   -0.673282744958219
   81   -0.370054492912832    0.914141566857225    0.165544157308085
   82   -0.563018369061832   -0.617586594235416    0.549178581810739
   83   -0.347916462681399   -0.628131589964646    0.695991983203649
   84   -0.134529951798672    0.940678902129721    0.311488194249910
   85   -0.045512476302353    0.258198045049885   -0.965019369771014
   86   -0.086647069408438   -0.900810231732494   -0.425479978105879
   87   -0.075569770092669   -0.254674492271411   -0.964069558089270
   88   -0.054131787348655    0.415751386346846    0.907865923112612
   89   -0.128421747261770    0.903002963008522   -0.409992077518655
   90   -0.525285705239400   -0.847177622738639    0.079780971428372
   91    0.041770237528559    0.511698311358429   -0.858149220945716
   92   -0.245277364936134   -0.218102694483159    0.944600565799731
   93   -0.031406928945845   -0.361430131066507    0.931870090286966
   94   -0.291913717458222    0.486691874897404    0.823357395344556
   95   -0.101590914849891   -0.979703914249406   -0.172799092660683
   96   -0.330955856356589   -0.942303366587695   -0.050324809594995
   97   -0.361513669156270    0.837178346296496    0.410414770086843
   98    0.151070141104986   -0.393063818651435   -0.907016343256102
   99   -0.342814482049366   -0.797111048172475    0.497083702990354
  100    0.032437647377465   -0.121207368020210    0.992097058240890
  101   -0.336621237213936   -0.910425126018234    0.240441744651883
  102   -0.065854378001384   -0.506023540240710   -0.860001963730496
  103    0.137804090887126   -0.637919021539739   -0.757673646428695
  104    0.073758196852432   -0.849778651977298    0.521953993222318
  105   -0.538824977769131   -0.768432558299976    0.345223183863205
  106    0.182845692215548   -0.476199518686037    0.860117126466741
  107    0.135412288591486   -0.948225608743185   -0.287283321865422
  108    0.185779676943234    0.092530650566891   -0.978224918073822
  109   -0.133718790717638   -0.911080641863543    0.389937621973730
  110    0.024562568682074    0.814019058501695   -0.580318578554704
  111    0.343297006511099    0.901309662399554    0.264174294331829
  112    0.562258511948059   -0.706975464808262   -0.429011722335294
  113    0.126135218219253   -0.683428459118318    0.719037862697051
  114    0.115195587246014    0.989878444299273   -0.082889337014465
  115   -0.335560856213600    0.689172696228856    0.642214844541798
  116   -0.133487287150221   -0.986079763828795    0.099135480715145
  117   -0.089776423519199   -0.575631836211503    0.812765761409691
  118   -0.137395060203493    0.828142435310939    0.543417614978522
  119   -0.102911341981166    0.649278981909637    0.753555611313472
  120    0.263667931258214   -0.892801745963051    0.365218105289622
  121    0.103235034722780    0.905427066513393    0.411757640889321
  122    0.559012615790619    0.815870444313251    0.147852336752004
  123    0.381374657100993   -0.572852649139531    0.725529608834072
  124    0.109551403153472    0.936047979936342   -0.334384014755787
  125    0.348921167355948   -0.495327499078165   -0.795553070277485
  126    0.336705779595464    0.804708534661087    0.488951318876038
  127    0.125469379329140   -0.834454623127238   -0.536603127825714
  128    0.349529406275272    0.936788179060235    0.016034391845803
  129    0.352113310068029   -0.926614424584222   -0.131916356170822
  130    0.356102958237370   -0.853118125963646   -0.381287485090805
  131    0.524304666505649   -0.568201637701358   -0.634233013642379
  132    0.110659718384191   -0.993534624688454   -0.025364862946674
  133    0.242297326648958   -0.238755222283286    0.940365859296916
  134    0.019217581026147    0.170584331927271    0.985155657893934
  135    0.193820997507705    0.331032062915911   -0.923499428395467
  136    0.341032844196165    0.908720761680921   -0.240672342552112
  137    0.392970834914028   -0.250365371807527   -0.884811337804082
  138    0.319606001269415   -0.939830844979811    0.120706200243025
  139    0.091829477477237    0.770412511282852    0.630897701315441
  140    0.183184993860582    0.679780986780187   -0.710169745931530
  141    0.440297816644239   -0.343424622620113    0.829576615651953
  142    0.277258012960145    0.822061597422847   -0.497335625399979
  143    0.416855559945560   -0.000359087104158   -0.908972669115483
  144    0.330780755699995   -0.755926807154684    0.564941372076312
  145    0.066607319232914   -0.968663427521429    0.239279395701015
  146    0.545724412572747   -0.835967055111356    0.057826882075537
  147    0.553116457193380    0.824633457483273   -0.118498293578542
  148    0.441750591204883    0.654543198431588   -0.613538602336547
  149    0.332127777688661    0.502461855284780   -0.798262628006202
  150    0.580971174546278   -0.345410170826641   -0.736996816978085
  151    0.601798542098355   -0.454147530225401    0.656953982801279
  152    0.423522674197228    0.250990004867267   -0.870420910765337
  153    0.558763998354990   -0.656881244031058    0.506250753463691
  154    0.240182766799093    0.039037176379370    0.969942440247388
  155    0.332144655928659   -0.721425355645547   -0.607639188803462
  156    0.730966717647179    0.682333592237692    0.010417609904187
  157    0.617701914227087   -0.098200167902751   -0.780257055196596
  158    0.452952427283457   -0.077137955479934    0.888191327610442
  159    0.559106303846331    0.732299520470549    0.388764135843184
  160    0.736072990485090   -0.676247444915420   -0.029764843754043
  161    0.206075409480832    0.322109304904424    0.924001364339521
  162    0.749122941299909   -0.514748921014310    0.416951276689228
  163    0.131540933395782    0.555790620502945    0.820849419200817
  164    0.716067355401478   -0.476901729194485   -0.509717846675632
  165    0.310777878007529    0.658230841595208    0.685674317525457
  166    0.428267190281713    0.198042823453310    0.881683760657328
  167    0.395831180520719    0.446472740048236    0.802483500715992
  168    0.636134405568728   -0.185850856736591    0.748860786195937
  169    0.531604356126349    0.593565193436166    0.604216161393071
  170    0.688082196813148   -0.685978333952393    0.236593777975437
  171    0.624583080481556    0.098120498181048    0.774769864806881
  172    0.771129375687119   -0.297851914249966    0.562711047634597
  173    0.609073961859900    0.353297609408819    0.710077255071797
  174    0.781764080589178   -0.004422630805566    0.623558628067414
  175    0.784182936806088    0.246985089027919    0.569258717473919
  176    0.568069700391522   -0.799374058533172   -0.195698569338896
  177    0.892256212991026   -0.328647675166480    0.309628093018998
  178    0.742582534230781    0.618186891300213    0.257713304429495
  179    0.717564425302944    0.495810959957997    0.489155177346806
  180    0.508193897238229    0.769304592321394   -0.387181361952036
  181    0.557583570978271    0.426944069442338   -0.711912440503139
  182    0.747459040464885   -0.602738999783150   -0.279303922220438
  183    0.700535718299178    0.661985087292682   -0.266506006666183
  184    0.766216793168915   -0.235915519150964   -0.597708703039931
  185    0.850861563916610    0.507232487403532   -0.136929919198863
  186    0.881805732816856   -0.458609929552624   -0.109979916744215
  187    0.624185715724584    0.157608339686173   -0.765213567278284
  188    0.847254971496851   -0.511763566346557    0.142327317947483
  189    0.788538391143799    0.033060993191228   -0.614096227330505
  190    0.657889154554172    0.560606831234409   -0.502893468930858
  191    0.890249216379546   -0.113906609160005    0.441000699687964
  192    0.830643423760904    0.421461989332401   -0.363869886237840
  193    0.883574323575568    0.457887525692159    0.098160218691127
  194    0.743399567939927    0.312421558640629   -0.591396526945576
  195    0.959609346590426   -0.273651484590810    0.065305182930158
  196    0.865322215576603    0.375287705558106    0.332229741724805
  197    0.951315802828819    0.278394445972712   -0.132267818231441
  198    0.864079274419346   -0.358657472879094   -0.353173929766791
  199    0.962908680886243   -0.204089296645331   -0.176506179123367
  200    0.915279915145241    0.134533612212547    0.379688535666756
  201    0.967803902990226    0.216460513945371    0.128454082299437
  202    0.898486856123091   -0.107394985900581   -0.425661469218742
  203    0.885927986849130    0.186725114191432   -0.424576652499456
  204    0.974700881894749   -0.062138727099513    0.214702048029472
  205    0.967911983794180    0.055163878032732   -0.245159821724533
  206    0.999889690564402    0.007784957544652   -0.012649155665580
   
 U =    19586.3494915228     


 http://math-lab.ru/  - см. Задача Томсона
