    138
    1   -0.198737972591432    0.097487959108076    0.975191938071265
    2   -0.988098600465703   -0.112860157172797   -0.104516700486817
    3   -0.876940625994361   -0.058463225042307    0.477029548139601
    4   -0.913322733049291   -0.406242154855233   -0.028441113092671
    5   -0.840135215701058    0.350265714781320   -0.414109584998545
    6   -0.805905826441887   -0.540143404484495    0.242406479902908
    7   -0.942733782086097   -0.240728611130341    0.230873887429699
    8   -0.891576940681090   -0.275148225591803   -0.359699892687543
    9   -0.987748905838097    0.059078212352659    0.144436366060827
   10   -0.910773930875587    0.393974854226386    0.123590699790599
   11   -0.757486640341147   -0.188649379937375   -0.625000320923058
   12   -0.791102746705621   -0.547506775502733   -0.272750389428544
   13   -0.920129175054440    0.032528634455500   -0.390261693167670
   14   -0.399258094991193   -0.144169712721397    0.905432530627122
   15   -0.633401871100882    0.765432690021895   -0.113643595207767
   16   -0.416153582680342    0.828792743147059   -0.374057194195072
   17   -0.838083521089789    0.524731401130993   -0.149241309109930
   18   -0.471408575183616   -0.878443841137123   -0.078168876233509
   19   -0.761795914647906    0.127927276361800   -0.635060309252918
   20   -0.620499690996792   -0.617913096026123    0.482870105962563
   21   -0.965578240194038    0.219691500876388   -0.139263442821382
   22   -0.718599009250167   -0.695208177531941   -0.017350901918809
   23   -0.677525170854188   -0.486326094802833   -0.551766773531017
   24   -0.786536719289869   -0.351617815449675    0.507666131495029
   25   -0.662577828071912    0.632623129367711   -0.400972066279575
   26   -0.389792637138538   -0.616773604973294    0.683850875733030
   27   -0.626309945162723    0.446413436945691   -0.639101631905757
   28   -0.739225967057419    0.654840253158615    0.157255246243757
   29   -0.733056517278359    0.215468387770264    0.645136819866458
   30   -0.561444054762122   -0.794646376150360    0.230906280216386
   31   -0.478831964663711    0.860257008813769    0.175150873258109
   32   -0.896686725353433    0.225453425917754    0.380951006452123
   33   -0.211586735267080   -0.513910064463424   -0.831340783976233
   34   -0.249082012867943    0.885662109932200    0.391868317035324
   35   -0.565423547599189   -0.371653799524646    0.736321713057032
   36    0.186609048040189    0.925785117086284   -0.328784093549354
   37   -0.571401948028197   -0.743749098794473   -0.346896370450874
   38   -0.362914457685946    0.926915171954303   -0.095505813453636
   39   -0.556271725073023    0.470073431337429    0.685268368622789
   40   -0.551083104149160   -0.083794415693841   -0.830232442283397
   41   -0.396224919609921    0.665171635646117   -0.632892177398315
   42   -0.181299709195243   -0.976400607627547   -0.117355310362494
   43   -0.684262236711276   -0.092965010826857    0.723286041737876
   44   -0.757791106848563    0.488173852784221    0.432942176091727
   45   -0.297990304527140   -0.871730376537148   -0.388957490004016
   46   -0.094069532070250    0.969282228560648   -0.227250708541444
   47   -0.337166321214009   -0.820246327719096    0.462076653491982
   48   -0.276631413626123   -0.204607055977892   -0.938941432486219
   49   -0.554125168232138    0.713085949447495    0.429480763983987
   50   -0.496379610877221   -0.385416395685222   -0.777856981611910
   51   -0.137876105106218    0.848889944264268   -0.510270557810018
   52   -0.416987371580402   -0.663476424162340   -0.621225053038931
   53    0.144625959266835    0.784066428644343   -0.603591888099115
   54   -0.253734537830574   -0.416879363433816    0.872828952690572
   55   -0.532424154383232    0.220118004164644   -0.817357072564907
   56    0.150965816090849    0.988493862891824   -0.009444860889625
   57    0.124468272299678   -0.984269071324254   -0.125387576837672
   58   -0.508674461240774    0.143964590757953    0.848837139320201
   59    0.017692917078241   -0.915304318195424   -0.402374161419533
   60    0.085495171136968    0.944307882656715    0.317762802204180
   61   -0.276972865702375   -0.942965767608476    0.184666165778063
   62   -0.281980539561198    0.108609816842991   -0.953252790708796
   63   -0.096953488724531    0.641149691542816   -0.761266769311976
   64   -0.322387947865114    0.378953402661428    0.867444712752719
   65    0.137590409051017    0.061051604697290    0.988605877436028
   66   -0.338674321936992    0.693926630937949    0.635425475201952
   67    0.009679792146405   -0.308441077156893   -0.951194198650464
   68    0.007707792297752    0.339617389305716    0.940532093455117
   69    0.049131878089310   -0.484171276380772    0.873592716134488
   70   -0.322177640389574    0.439832851793718   -0.838301038121755
   71   -0.051286936386064    0.328072181110266   -0.943259399178023
   72   -0.143813486130401    0.983156251479622    0.112789478159796
   73    0.096025927648940   -0.602898520374127   -0.792017926154357
   74    0.173541279210461    0.513738780333489   -0.840211812575529
   75    0.562516008115692   -0.702389802615320   -0.436147114854148
   76   -0.118721529609157    0.588215335872788    0.799942446086795
   77    0.004868974361231    0.004526473445684   -0.999977901819243
   78   -0.116054128871020   -0.761735513479538   -0.637409167392541
   79    0.396953313382526    0.630159135559199   -0.667328652813527
   80    0.238609907610013   -0.783270311887137   -0.574067008725086
   81   -0.016694725814125    0.808843369992953    0.587787111927809
   82   -0.036093268864501   -0.890369867291321    0.453804776707243
   83   -0.100253196414715   -0.700966669834054    0.706112614524333
   84    0.377489906702058    0.903781847373348    0.201692197906835
   85    0.253533590845239    0.217869913127089   -0.942471972669275
   86    0.357742077672567   -0.884770407366059   -0.298666925038265
   87    0.300102093492315   -0.088716316988812   -0.949772682583296
   88    0.315371432177339    0.337017501127686    0.887107695660490
   89    0.453221081263089    0.790566437936836   -0.411819570572575
   90    0.030666899634027   -0.985876480736397    0.164642357847712
   91    0.486064268282271    0.366066113869804   -0.793559781853567
   92   -0.065663818076586   -0.187878360122884    0.979994890187261
   93    0.251245101302469   -0.235060554771467    0.938947514327634
   94    0.176386363333607    0.608074617631186    0.774036892029464
   95    0.608428050971340   -0.784279439448849   -0.121330406943252
   96    0.369011180627183   -0.928357804530052    0.044525670576357
   97    0.293167326733372    0.802850421964668    0.519118597708811
   98    0.550558096732559    0.061817297400660   -0.832504897201392
   99    0.193324826812467   -0.745033026276995    0.638397447593952
  100    0.440170235515690    0.040356960152879    0.897006956234611
  101    0.580490653363838   -0.786374695460069    0.211294675033016
  102    0.294205957683607   -0.383258770500071   -0.875531592404435
  103    0.559989202892082   -0.255614120966769   -0.788082174526665
  104    0.337001598853439   -0.514205360892314    0.788684201185640
  105    0.271779244602240   -0.898271522836335    0.345317699321548
  106    0.596806360418175    0.277783324023474    0.752767290109554
  107    0.437075215641422   -0.576207233063781   -0.690616015190052
  108    0.731312798820920    0.248145524138920   -0.635299448394639
  109    0.471365713042276   -0.725374124224065    0.501644041601530
  110    0.654774714541320    0.539005787424673   -0.529851709745322
  111    0.440726394797378    0.890471481825750   -0.113228905249316
  112    0.787713014611475   -0.552861742041081   -0.271757430071383
  113    0.541490592491650   -0.238220963591931    0.806249781859427
  114    0.688229440361362    0.685464923784145   -0.237651163854677
  115    0.453985424730740    0.572664660275724    0.682607076584575
  116    0.742592470942794   -0.560894497467421    0.365996973771430
  117    0.719266438266649   -0.004927464545582    0.694716856623157
  118    0.564412841405977    0.732031669430698    0.381533457781276
  119    0.693764002352391    0.488885536844928    0.528850111944621
  120    0.596963840116603   -0.488485269795580    0.636408921045249
  121    0.653081840950830    0.753589775915691    0.074743285020223
  122    0.858471920462361    0.511258345286719   -0.040507606104925
  123    0.791000911219076   -0.275511067159396    0.546270272230955
  124    0.849370615060072    0.402211875851265   -0.341753076352915
  125    0.768075999040912   -0.086449593554091   -0.634496436137853
  126    0.808133329776696    0.530923814910661    0.255030241470969
  127    0.695477990902725   -0.435271861972618   -0.571706891986443
  128    0.968900174464094    0.226293747087827   -0.100117890271410
  129    0.797449041821969   -0.600841031931173    0.055363165056804
  130    0.877426391175599   -0.265743017483800   -0.399378988840386
  131    0.933678214127981   -0.351076764920872   -0.070640622841806
  132    0.911988001813134   -0.331228933003074    0.242002641494949
  133    0.914375359113213   -0.038279954694894    0.403053777696153
  134    0.832035951353549    0.230207318478026    0.504698688500724
  135    0.900488521575625    0.102537239582139   -0.422618666186693
  136    0.943686868135789    0.255621600062313    0.210030218039332
  137    0.979128593897301   -0.071044227968570   -0.190420362054703
  138    0.992761540493540   -0.048035537866586    0.110077748972086
   
 U =    8627.40638992164     


 http://math-lab.ru/  - см. Задача Томсона
