    173
    1   -0.123911920910590   -0.056950367105717    0.990657605604869
    2   -0.992552536317009   -0.085414415627445    0.086855283395395
    3   -0.842763312407674    0.158792979672510    0.514329455569455
    4   -0.922331205214793   -0.352253747140822    0.158815759647072
    5   -0.939886217589818    0.187727728210671   -0.285258125292805
    6   -0.836196232560384   -0.358184676208876    0.415306631756542
    7   -0.931481526803440   -0.095841992193606    0.350936572269537
    8   -0.938444089957413   -0.325843553303683   -0.114667644932796
    9   -0.949968339799613    0.174598804727716    0.258989209748245
   10   -0.896145371387021    0.431124695563376    0.105142618461809
   11   -0.891948441133317   -0.229916437147118   -0.389315309600613
   12   -0.821785879756948   -0.569458918375287   -0.019608878472453
   13   -0.980195423774499   -0.060854386657039   -0.188450722567272
   14   -0.403365086834682    0.024694403581878    0.914705850617883
   15   -0.764196757681793    0.641280841369841   -0.069008680907728
   16   -0.728976556877207    0.569723323051557   -0.379484538149505
   17   -0.883696329257225    0.430246709407302   -0.184305633938561
   18   -0.637336869416816   -0.766774508821627    0.076541279734045
   19   -0.869684776864089    0.026632483381605   -0.492888526666819
   20   -0.683180852245300   -0.344954376964786    0.643638408532479
   21   -0.982131828648548    0.187895099492668   -0.010606730980780
   22   -0.765818910426346   -0.587932361041769    0.260493637682873
   23   -0.810167635365161   -0.503774460702640   -0.299732706507961
   24   -0.797910006044196   -0.104112432997173    0.593717292614894
   25   -0.811956772739405    0.326646286865322   -0.483764821457398
   26   -0.459889867767256   -0.438013914026862    0.772428068265185
   27   -0.703447061834798    0.170194305457822   -0.690069655604215
   28   -0.738089717663498    0.636315488861534    0.224334944478839
   29   -0.683549317896449    0.369875489525053    0.629247528602141
   30   -0.633387553454127   -0.574832662467419    0.518061403011278
   31   -0.586773637074656    0.806787280201817    0.069216929567371
   32   -0.826724345103383    0.412608352930698    0.382467259128411
   33   -0.541094841351246   -0.496374036454831   -0.678844009030505
   34   -0.322246606547214    0.935339524139206    0.145935256712858
   35   -0.565724846955939   -0.160245160251647    0.808873838217434
   36   -0.146652137975857    0.977958705786425   -0.148626781582767
   37   -0.650177142343435   -0.733327574823364   -0.198746953631517
   38   -0.590064600904471    0.766885000320820   -0.252410703105835
   39   -0.467737143277929    0.557959525871236    0.685494808359441
   40   -0.731513476035421   -0.120640052767623   -0.671069304950540
   41   -0.619453352083918    0.460137248740858   -0.636043439486008
   42   -0.428409139001054   -0.895409962539992   -0.121270806893111
   43   -0.665283483350291    0.094770303885218    0.740551467679868
   44   -0.628791433177732    0.614258792699136    0.476767730822980
   45   -0.413662908138392   -0.824731912394352   -0.385616741219624
   46   -0.325651401464311    0.870106970503083   -0.369952732935273
   47   -0.392583090017264   -0.663734926131617    0.636658829566947
   48   -0.536183188426263   -0.255030147807364   -0.804653473340171
   49   -0.488270628700936    0.805847846601604    0.334964238801026
   50   -0.742866451221272   -0.375283325188770   -0.554357160578966
   51   -0.499242004516839    0.694339148084396   -0.518315124575238
   52   -0.616361087185061   -0.641825520988972   -0.456244463869189
   53   -0.219043011120925    0.770443477638522   -0.598696089049643
   54   -0.198344960962056   -0.524434626529314    0.828026327454640
   55   -0.523286848995115    0.017607742120403   -0.851974671622452
   56    0.217683617418539    0.972732217465354    0.080036715403084
   57   -0.168499510918892   -0.943794537567368   -0.284358551265989
   58   -0.489529138410098    0.283142827543955    0.824737147131061
   59   -0.146521605868959   -0.833076956964025   -0.533398727772331
   60   -0.053323860069928    0.992366751790432    0.111197103775910
   61   -0.539167946474963   -0.763649775504537    0.355157635235173
   62   -0.299993340423390   -0.175524656539926   -0.937654035691287
   63   -0.373782015209036    0.560941905663998   -0.738668520769847
   64   -0.277086238297818    0.454116236249919    0.846759505715863
   65   -0.207945556654240    0.212781952953516    0.954715918985876
   66   -0.332825171730887    0.761726787571435    0.555877420083248
   67   -0.315132646931792   -0.452147302930155   -0.834418498890544
   68    0.066286719988206    0.176310279818119    0.982100176144807
   69    0.184742700966582   -0.759027369807708    0.624297674448948
   70   -0.483612339581729    0.294751756202729   -0.824160486325141
   71   -0.272578374395502    0.100334148287525   -0.956887709451492
   72   -0.404820531418264    0.907824335787173   -0.109431771870933
   73   -0.112430590657946   -0.632392026382029   -0.766446141129784
   74   -0.230517745424070    0.369545512748782   -0.900165364281388
   75    0.780558391606663   -0.599526301211950   -0.176909048517979
   76   -0.147995111779937    0.660592988606786    0.736012466125947
   77   -0.028929457693952   -0.100323516734151   -0.994534201758605
   78   -0.357749322628545   -0.689237496434564   -0.630053248279407
   79   -0.093235168461649    0.614976614234562   -0.783014027528577
   80    0.100509543404550   -0.762538680507566   -0.639087312043033
   81   -0.180837487292799    0.909123192884827    0.375223697743792
   82   -0.289670659332986   -0.839019277858152    0.460583934266033
   83   -0.108661564788910   -0.738924998681822    0.664968052360935
   84    0.111812829152966    0.932559124699989    0.343265742793540
   85    0.003286455451896    0.164484876022135   -0.986374130221665
   86    0.105374059928444   -0.911866429947126   -0.396731548316592
   87   -0.072252241264386   -0.365513171726081   -0.927997702005244
   88    0.268770802345362    0.404120415262545    0.874327710743894
   89   -0.039862693107250    0.909694361454304   -0.413360779993075
   90   -0.405788866626139   -0.900650649810056    0.155447105855967
   91    0.041733349604385    0.416711099984709   -0.908080495705272
   92   -0.303882632114800   -0.256544553285226    0.917518521926759
   93   -0.023741005461533   -0.330535389906159    0.943494950001991
   94   -0.004388811504086    0.438595740587207    0.898673753189855
   95    0.092884532386390   -0.986913226579906   -0.131813302989497
   96   -0.169810338617490   -0.985304846578308   -0.018406743544435
   97   -0.006876920344170    0.820545243230501    0.571540210115070
   98    0.208646482306181   -0.259068823819509   -0.943053545640985
   99    0.017112100586526   -0.890599443575633    0.454466508244876
  100    0.152199230442949   -0.102997800029865    0.982968385779310
  101    0.090675384589465   -0.983697946144836    0.155294318569562
  102    0.136655530107481   -0.518973302970214   -0.843796170230246
  103    0.423197021196445   -0.400542396284972   -0.812693097072166
  104    0.437598554567774   -0.741333700664911    0.508853465448221
  105   -0.158576274579249   -0.953767736879570    0.255305051317418
  106    0.257124476929572   -0.368521038521959    0.893352812460111
  107    0.361428906043763   -0.797311671487131   -0.483387261299267
  108    0.251709672122989    0.017872278251942   -0.967637753826205
  109    0.277059916381319   -0.896246347181234    0.346381708378304
  110    0.084971341991960    0.770512436451235   -0.631736065389706
  111    0.471957237812879    0.879188211350863    0.065455746101531
  112    0.958192942721018   -0.082897496107749   -0.273850852944996
  113    0.372680041452321   -0.569975510843237    0.732282393439913
  114    0.121373743267757    0.976131618160868   -0.180098524346589
  115    0.141419586952047    0.638144585435037    0.756817011242650
  116    0.333706210674211   -0.941964994000173    0.036634888231208
  117    0.082807098100288   -0.575153859004640    0.813843365136240
  118    0.277161674524473    0.782809629200515    0.557126996838013
  119    0.423496322183998    0.580732002089325    0.695270599727870
  120    0.655926082964099   -0.663598540603407    0.359719266368097
  121    0.387543271270092    0.863002733251770    0.324093343488031
  122    0.645835879567985    0.755902456642714   -0.107272982172392
  123    0.542462745528453   -0.340106565742979    0.768154732884104
  124    0.249377664995435    0.868261672910491   -0.428873463338664
  125    0.657639539998665   -0.318012787764376   -0.682918810876281
  126    0.646412688296775    0.732037501992638    0.215108651814181
  127    0.334404727236082   -0.632654975668763   -0.698513536134926
  128    0.389002066370953    0.901007715913643   -0.191996063040908
  129    0.595995467245030   -0.723605066325051   -0.348116519303662
  130    0.571111870047524   -0.573094002989704   -0.587702727259333
  131    0.691247649333862   -0.041819729549877   -0.721406818314594
  132    0.358224039815921   -0.903365345766405   -0.235810494605953
  133    0.416929491043761   -0.139477178353802    0.898173655935450
  134    0.329634119485237    0.139009049097560    0.933818950086249
  135    0.284933879933986    0.292440130115688   -0.912847990830721
  136    0.536640136842939    0.754026958149105   -0.378762075601029
  137    0.473014867231120   -0.138527163913491   -0.870096063797792
  138    0.578658155547039   -0.811498798161733   -0.081390660403773
  139    0.557889982241103    0.681329762303337    0.473865511210406
  140    0.225290317305009    0.574888914882863   -0.786604734586192
  141    0.705169245119292   -0.128425653277446    0.697311399102402
  142    0.386181995256165    0.694547522942437   -0.607014995625719
  143    0.506082736939854    0.141535690866482   -0.850792519702903
  144    0.625533490393194   -0.516730333691815    0.584549069487972
  145    0.514972685642095   -0.832413153653012    0.204674069359104
  146    0.766619353560354   -0.473426267014014   -0.433776827928694
  147    0.757332449853587    0.585589798819081   -0.289019286411464
  148    0.626029937842320    0.545230373634426   -0.557503683029633
  149    0.475193763351975    0.437350518462447   -0.763488972593591
  150    0.845429368634055    0.071487720811319   -0.529281294232307
  151    0.795787923112793   -0.309473979373298    0.520526116077458
  152    0.685647005124759    0.262988842260544   -0.678767304169777
  153    0.743678773776154   -0.662492235888269    0.089699045828583
  154    0.571766020178566    0.069941430585977    0.817430005845608
  155    0.840162233234758   -0.208702485513861   -0.500570369065450
  156    0.904724537618003    0.402706852016200   -0.138926967760377
  157    0.811984605167556    0.367768883038374   -0.453240608992172
  158    0.874414828130120   -0.029202778001793    0.484299397174052
  159    0.809293488825278    0.586106358897948    0.039030565002314
  160    0.909727717925808   -0.345763823557988   -0.229875743731393
  161    0.527330784238249    0.337363279893443    0.779812965636127
  162    0.830604663137169   -0.468549867430234    0.300926760700839
  163    0.683306425854291    0.449352017162001    0.575478142989528
  164    0.937047741113098    0.184790366063791   -0.296300609997431
  165    0.787937990871282    0.521156173339517    0.327948114084896
  166    0.749989149282204    0.177002519869348    0.637327532685399
  167    0.873126391021521    0.263956832786741    0.409850089333803
  168    0.938336292379797   -0.215779839168800    0.270118609894288
  169    0.928827632794486    0.341909249984035    0.142749057204403
  170    0.904977805229442   -0.423881484186488    0.036601357979755
  171    0.970906705253302    0.060316151751703    0.231737203599342
  172    0.987929611584787   -0.154898573266888    0.001230672098684
  173    0.991696413631735    0.123882839608689   -0.034514710493388
   
 U =    13708.6553027050     


 http://math-lab.ru/  - см. Задача Томсона
