    166
    1   -0.045070718455200   -0.003493442470372    0.998977690540504
    2   -0.974941127346737   -0.125031179436247    0.184002723829442
    3   -0.792943657008654    0.094076647169641    0.601988323198267
    4   -0.894307140460963   -0.389085374494823    0.220969024695224
    5   -0.957158737002172    0.127888537680579   -0.259791597459059
    6   -0.785457006284537   -0.385276101541159    0.484375491596942
    7   -0.882940991821343   -0.131362729042007    0.450731670043475
    8   -0.933836523854283   -0.352543753046126   -0.060516517612145
    9   -0.938253185564788    0.126691366639667    0.321916537935691
   10   -0.897363069253950    0.407030027049582    0.170487767945819
   11   -0.923268111752729   -0.191873741756885   -0.332806942603010
   12   -0.802724091979822   -0.595087297290120   -0.038796143611321
   13   -0.992832762632377   -0.083195176928516   -0.085800163051104
   14   -0.318899506789587    0.033988644373207    0.947178904232474
   15   -0.777675778270713    0.628622953616301    0.007318885007968
   16   -0.760764858751486    0.585817864967724   -0.279381922775060
   17   -0.909698280623111    0.394680007133782   -0.129138414889735
   18   -0.602447535211222   -0.797152148631003    0.040067683373261
   19   -0.859194289589669    0.024667779642142   -0.511054472032122
   20   -0.568685953624289   -0.430592233583299    0.700847069287001
   21   -0.984520503061835    0.169888049015166    0.043097910073362
   22   -0.746413489919621   -0.622676923745920    0.234819826037603
   23   -0.826533132800530   -0.470557350020547   -0.308899272780922
   24   -0.704482559170461   -0.175445007667263    0.687694243911691
   25   -0.848809378575118    0.322535028783280   -0.418919794293240
   26   -0.315799859706241   -0.487470511424557    0.814028838003298
   27   -0.709462474510436    0.222650898597481   -0.668647571307384
   28   -0.736815474325784    0.610152754240262    0.291232850631747
   29   -0.632801072685269    0.302811216974010    0.712648699769453
   30   -0.626455339007679   -0.609140847660463    0.486313824541588
   31   -0.568059260356679    0.804374701614107    0.174040271564484
   32   -0.826239378495552    0.341579211108643    0.447942107823858
   33   -0.581342771734101   -0.367148810340717   -0.726114545246071
   34   -0.318598026838364    0.888876611402937    0.329231934957006
   35   -0.458591369560127   -0.217261947941640    0.861679291698235
   36   -0.117899610939333    0.983061238566007   -0.140322068718436
   37   -0.651722139913771   -0.716485011166193   -0.248812140219071
   38   -0.587355879179593    0.801076062234757   -0.115283189180480
   39   -0.429297086782184    0.550859849438294    0.715721620154896
   40   -0.692087222561585   -0.068899952674944   -0.718517969774161
   41   -0.676638530507438    0.491159886835104   -0.548563819985298
   42   -0.422174199708047   -0.894366638258853   -0.147909639545323
   43   -0.573981488400448    0.048262598642186    0.817444782566939
   44   -0.651235028112034    0.525019503538409    0.547948409126444
   45   -0.448306367993935   -0.782853383935326   -0.431464922881451
   46   -0.347332868640415    0.897982281370827   -0.270162359898756
   47   -0.395626309952964   -0.687672745957421    0.608757765733121
   48   -0.468653581046962   -0.147564316892153   -0.870969915296740
   49   -0.499329903898700    0.734732145365150    0.459171342354506
   50   -0.783059246996811   -0.289957681695753   -0.550220645303692
   51   -0.550257986916439    0.737348461230965   -0.391833376009491
   52   -0.650802179969154   -0.564892738330392   -0.507299434977990
   53   -0.262769317587706    0.807702366309108   -0.527796526317821
   54   -0.038433810435202   -0.491553665511995    0.869998756399774
   55   -0.498001473542749    0.131627899528015   -0.857128128353686
   56    0.114379134025040    0.993370529951831    0.011506690353859
   57   -0.211146348139711   -0.922305357922167   -0.323682014352555
   58   -0.392771909139871    0.304783472174569    0.867661951729955
   59   -0.208503836207040   -0.770057324261731   -0.602941015056872
   60   -0.108863489260279    0.978289853036046    0.176345411487762
   61   -0.510700819209129   -0.800256348869768    0.314284026563159
   62   -0.211491965205621   -0.184731843664060   -0.959763145046705
   63   -0.451562336130729    0.630054531222592   -0.631761619817189
   64   -0.175657927633583    0.537835416762441    0.824546758489442
   65   -0.125676217198008    0.279765704046235    0.951807038884623
   66   -0.249662800388524    0.752663143725519    0.609234501796623
   67   -0.314361249875624   -0.421042978560082   -0.850823022009801
   68    0.154331757425021    0.226579838593222    0.961687727587897
   69    0.140422415690346   -0.660052349350993    0.737978618449018
   70   -0.488821549496806    0.395200732492877   -0.777733806507493
   71   -0.238651992160617    0.091490020129217   -0.966785810226093
   72   -0.358057938500428    0.933324885413966    0.026441840779918
   73   -0.099928452535049   -0.595311016830965   -0.797257234281153
   74   -0.237005466140336    0.359120795044489   -0.902696329662537
   75    0.749503179402189   -0.595577482997279   -0.289019801765616
   76    0.024743347397340    0.717142045484350    0.696487654849744
   77    0.034691200562926   -0.058777344296689   -0.997668153446291
   78   -0.421216890637275   -0.608370365391387   -0.672652829887318
   79   -0.214760959507446    0.605141286861875   -0.766604039388389
   80    0.123773562410203   -0.722635180313916   -0.680057719183424
   81   -0.048347501651701    0.888478658552533    0.456364100670430
   82   -0.262492399267994   -0.867804942190641    0.421915065666101
   83   -0.136185229125558   -0.711812416454588    0.689040395876105
   84    0.182459342074574    0.943103619345421    0.277964299267516
   85    0.024907737984555    0.235068547601514   -0.971659602184329
   86    0.012935922131134   -0.876626123231614   -0.480998234909992
   87    0.000913056220224   -0.363576017222117   -0.931564085841249
   88    0.378969211249197    0.355392936832586    0.854446134858524
   89   -0.037899398399561    0.912908273848033   -0.406401426105712
   90   -0.335433220063002   -0.933026175631703    0.130179531663948
   91    0.031762646289569    0.508569444529959   -0.860434921647868
   92   -0.190941997025318   -0.248028654858642    0.949748882674255
   93    0.108370480332685   -0.273446552997493    0.955762952643726
   94    0.100058964761022    0.488166769907233    0.866995621862816
   95    0.100767756796169   -0.967120730061254   -0.233502361178759
   96   -0.127542953540373   -0.990211254729345   -0.056696260983731
   97    0.232981392819085    0.819581761434516    0.523455257805263
   98    0.266160672623199   -0.234705177947090   -0.934918165292338
   99    0.002950030687884   -0.868235075191312    0.496144284988225
  100    0.240880221588446   -0.033856902969719    0.969964137980781
  101    0.172679885781109   -0.984470043866812    0.031628938893037
  102    0.219015848903453   -0.509763427928406   -0.831969533982934
  103    0.475855284237128   -0.400479205888549   -0.783056929038036
  104    0.266609870653808   -0.797535000497599    0.541162729547458
  105   -0.057716406503522   -0.972498187310700    0.225645944119817
  106    0.435860376919137   -0.211829050586965    0.874730921574934
  107    0.291255008858901   -0.847303613250378   -0.444125102631517
  108    0.277106654647875    0.068761515632421   -0.958375581866418
  109    0.230171693389455   -0.927431119359507    0.294775355831865
  110    0.001987930123609    0.753897228113928   -0.656989358799638
  111    0.379621565825495    0.925141624578770    0.000664252929146
  112    0.968970360232661   -0.127029890803119   -0.212037373670622
  113    0.449220142145663   -0.612214483835797    0.650687858863448
  114    0.195044033713431    0.947935890405331   -0.251744657528708
  115    0.312068627457106    0.616863186818805    0.722560018617683
  116    0.454993678166996   -0.883166196868370    0.114009743167538
  117    0.299408054467785   -0.451971086060561    0.840283853400179
  118    0.491285754920445    0.708608046358036    0.506471068915981
  119    0.565248686646324    0.461946498721334    0.683446672801694
  120    0.495314640013697   -0.777785120064878    0.386928564975196
  121    0.449905111860932    0.852209540155833    0.267066077944740
  122    0.614917092063015    0.788356817352514   -0.019248335579464
  123    0.594175199696374   -0.381080869191494    0.708331280688655
  124    0.242030806000541    0.827613724833304   -0.506435199620122
  125    0.694021710558031   -0.255420028474896   -0.673122926609982
  126    0.683706057396254    0.691705211930673    0.232572412094840
  127    0.404592476454259   -0.655084667745785   -0.638097959627676
  128    0.458621189362739    0.843416993675277   -0.279847064389221
  129    0.540581275276733   -0.752378942448499   -0.376427697945116
  130    0.641322602688539   -0.527082369998018   -0.557574653762230
  131    0.719431342949345    0.021541958356039   -0.694229419437327
  132    0.385859901695138   -0.907125362586219   -0.168034855957441
  133    0.667733736999215   -0.097196435197688    0.738027444921884
  134    0.471431542570272    0.090822823455076    0.877213494771633
  135    0.277111146109260    0.366044270348679   -0.888381114638822
  136    0.690090563491327    0.672435072878002   -0.267593136951940
  137    0.506722165192309   -0.108798247993367   -0.855216690983281
  138    0.632854179406875   -0.769679090062812   -0.084200272727188
  139    0.707190937051293    0.536766910621875    0.460176338172620
  140    0.255196553073271    0.636968221439318   -0.727424363199331
  141    0.797918313412631   -0.286743822309189    0.530192743715206
  142    0.494622861727465    0.693554815491775   -0.523765159746907
  143    0.501091908789130    0.185777419333573   -0.845218107598166
  144    0.678056974445733   -0.558988862815397    0.477252753427204
  145    0.685284659354324   -0.698064599855513    0.207583116081705
  146    0.831415897918667   -0.334604912204615   -0.443606985310915
  147    0.818726318090188    0.574104539234451   -0.009549560036067
  148    0.710454282158725    0.506715940842849   -0.488358135243058
  149    0.487399780015579    0.485833243382734   -0.725539464167855
  150    0.855627138876742    0.226788707875502   -0.465262378876436
  151    0.850854192150415   -0.441437769254938    0.284920760169013
  152    0.682591810382561    0.296891538391258   -0.667775287675674
  153    0.825164971741496   -0.564637948982995    0.016933870766391
  154    0.841672647502469    0.006330604868050    0.539950995821093
  155    0.878922178609495   -0.057024044821706   -0.473544150275887
  156    0.953674335696912    0.300476859629287    0.014795886603263
  157    0.868305242358936    0.428855869017634   -0.249256192904247
  158    0.937910841976661   -0.143113000014915    0.315977723470125
  159    0.865834610608654    0.437869813953072    0.242075304607599
  160    0.903313532127755   -0.388840028877471   -0.181185249447762
  161    0.666403420727346    0.200018182103477    0.718261239153911
  162    0.957408043804604   -0.279650036560542    0.071872767512667
  163    0.816604695267679    0.286400110330175    0.501130470506079
  164    0.963902387140345    0.147788250100548   -0.221474199845855
  165    0.946734353717334    0.150991059505318    0.284421805494732
  166    0.998827712395693    0.006067008683394    0.048024913909575
   
 U =    12597.6785460118     


 http://math-lab.ru/  - см. Задача Томсона
