    117
    1   -0.175504381848191    0.087162474966063    0.980612520269793
    2   -0.994315788458023    0.049094547717102   -0.094476654299103
    3   -0.863086868343146   -0.020099097009518    0.504655411140140
    4   -0.870789099754108   -0.480889348179657    0.102331708462118
    5   -0.717460184373613    0.419746893862827   -0.555934734416811
    6   -0.824010772290003   -0.368630450882898    0.430253225242884
    7   -0.968371531592194   -0.166552853995662    0.185786769248213
    8   -0.947859799562638   -0.267735096101961   -0.172857509782912
    9   -0.958125213478934    0.167672448286489    0.232125021015750
   10   -0.844751869028724    0.481735953130460    0.233076706759740
   11   -0.885191412318552   -0.097928212864051   -0.454803505574376
   12   -0.795894260704879   -0.568005084433350   -0.209577073733977
   13   -0.901854383877964    0.224125906812181   -0.369359240003164
   14   -0.112902851052458   -0.236511957437366    0.965046651832631
   15   -0.496660852513861    0.841207002022876   -0.213772723535745
   16   -0.243015640082393    0.856783162763395   -0.454825252905442
   17   -0.751082148956679    0.598486468624529   -0.278728456372787
   18   -0.622517063976190   -0.781677200741562   -0.038121632956887
   19   -0.718630942431734    0.117137570326175   -0.685454854966947
   20   -0.580245688430769   -0.539857074126763    0.609810856391384
   21   -0.917735850963750    0.390203613957310   -0.074175787899389
   22   -0.680820621216850   -0.674808615720322    0.284809785427969
   23   -0.762013914469537   -0.419434780430899   -0.493365239067059
   24   -0.672181105035633   -0.223826064831914    0.705743901663298
   25   -0.506406374586358    0.675823552299913   -0.535551220645633
   26   -0.418686859048867   -0.786938792685569    0.453242375144219
   27   -0.474346821233738    0.398083477942880   -0.785190828890881
   28   -0.701417471261075    0.712066621165553    0.031219513634789
   29   -0.648579468794319    0.139784469175761    0.748201159338670
   30   -0.386378112007240   -0.910483322046696    0.147418027515406
   31   -0.434485622398332    0.887647495100591    0.152657028566589
   32   -0.787554645578850    0.329509637732587    0.520750495792861
   33   -0.184104192671415   -0.590543725252864   -0.785724986751266
   34   -0.108174224119223    0.965142388635689    0.238324373270549
   35   -0.361789791007096   -0.422701589717863    0.830922086102562
   36    0.363858584056534    0.876445021471982   -0.315358613558203
   37   -0.557992037900298   -0.728556445770177   -0.397303902531299
   38   -0.207000438603893    0.973773213354204   -0.094427471488040
   39   -0.542832160253805    0.521552516317893    0.658267588839570
   40   -0.659073454489714   -0.204646233426394   -0.723700283771801
   41   -0.220441990253564    0.641274170503944   -0.734964466608779
   42   -0.335424913416565   -0.919795231728918   -0.203634130607411
   43   -0.441003053125640   -0.085304167095987    0.893442503024075
   44   -0.626646403479423    0.680496702345934    0.379787470965820
   45   -0.014014424921479   -0.946941927946822   -0.321099020538021
   46    0.044662623959809    0.942938844075172   -0.329956946214508
   47   -0.110453814994855   -0.915574549560107    0.386682297178044
   48   -0.384771747302475   -0.273449772908777   -0.881575818732535
   49   -0.341283229530521    0.805450544278319    0.484536044028696
   50   -0.496846100891113   -0.541875684433628   -0.677875132047847
   51    0.086993510168296    0.783577895223668   -0.615172992990951
   52   -0.257808372390058   -0.807139824920613   -0.531093349753799
   53    0.407342879018380    0.693845836678564   -0.593843189602137
   54   -0.212561676416988   -0.697006757010215    0.684835100152513
   55   -0.448531824521447    0.069842099020434   -0.891033828536202
   56    0.482520074971665    0.875521134174417    0.025241253203462
   57    0.222694468351763   -0.972999011606218   -0.060663804520065
   58   -0.386373359626001    0.318166599482193    0.865728388090199
   59    0.302551172412662   -0.856716691835082   -0.417731131235004
   60    0.240532931055786    0.928995419628076    0.281267522810166
   61   -0.082544049171111   -0.995764243457159    0.040497548057009
   62   -0.132524478723120    0.011411709801740   -0.991114037544906
   63    0.098467347238873    0.540040930477097   -0.835858824764787
   64   -0.222304421064036    0.619593317901128    0.752784740007165
   65    0.158130581931149    0.075412643836527    0.984534231100017
   66   -0.017762277628553    0.838884847928244    0.544019037727407
   67   -0.072216009475260   -0.316684042776377   -0.945778021010363
   68   -0.027889095891506    0.379744505267357    0.924670919327305
   69    0.014703610704679   -0.528881350725731    0.848568394819635
   70   -0.177570411559446    0.340281775788869   -0.923405145104023
   71    0.150976586404097    0.221069965379006   -0.963500981195708
   72    0.149605210997414    0.988467921035866   -0.023440348236573
   73    0.177774085345306   -0.504564795294081   -0.844873210564450
   74    0.407266616866501    0.432218245969324   -0.804562794713573
   75    0.628191595560175   -0.667641833559546   -0.399536858561022
   76    0.136249723743881    0.617849763236216    0.774401499771706
   77    0.202425776201572   -0.134869425339311   -0.969966001073149
   78    0.072414087802927   -0.767059566859627   -0.637476133495829
   79    0.643686635646737    0.726686535206903   -0.239987905192680
   80    0.420209152190954   -0.624118728303174   -0.658710923999434
   81    0.319595067015640    0.770497105537545    0.551537127941114
   82    0.447425789701027   -0.745295826091410    0.494311940297961
   83    0.119251733850906   -0.786665220808787    0.605753129866793
   84    0.572995036890706    0.749043196640114    0.332582286458221
   85    0.448933136741330    0.074242868240947   -0.890475735352148
   86    0.507605896655457   -0.848108525144929   -0.151816281264901
   87    0.463253822070690   -0.303846615421936   -0.832510138456903
   88    0.338178079771773    0.359394354293769    0.869753576861654
   89    0.764649755917150    0.639162066495800    0.082356563361160
   90    0.206247890768776   -0.935493633919139    0.286903238828346
   91    0.681410108543082    0.529171976068431   -0.505625635939415
   92    0.220396575063498   -0.252920981036493    0.942049004591490
   93    0.519575895967612   -0.274518321046147    0.809123340251322
   94    0.525592717445827    0.544308268764798    0.653820161758704
   95    0.755887320026473   -0.653575298787561   -0.038388647253398
   96    0.510275051379455   -0.841313950959479    0.178354164124771
   97    0.772153588194898    0.479121697840118    0.417398173087218
   98    0.666456647330500    0.260565337205566   -0.698527910878254
   99    0.339074538912791   -0.558863840003299    0.756769228627754
  100    0.477314599078721    0.047878892179783    0.877427139533510
  101    0.733381775018217   -0.607949527400417    0.304217922228028
  102    0.698419142691989   -0.395906222398689   -0.596212180509076
  103    0.699762406508390   -0.073528124527257   -0.710581585281444
  104    0.873658057191619   -0.259394625516446    0.411626077110463
  105    0.659223326828600   -0.469028346391176    0.587738900913145
  106    0.672621089964621    0.255134030746699    0.694613198614702
  107    0.853348989787346   -0.438535813294255   -0.281925242018629
  108    0.869379996122774    0.213980788056722   -0.445410647250591
  109    0.914599910553116   -0.389843747877513    0.107372509782749
  110    0.861823188367851    0.466579058468905   -0.198908959551204
  111    0.929040578068900    0.339312860485397    0.147480124120579
  112    0.888253559946917   -0.118713522600908   -0.443748479201127
  113    0.748722660248926   -0.083936890453369    0.657547698992849
  114    0.978905014474180    0.156042180639398   -0.131893178362673
  115    0.883850609060281    0.146427992348039    0.444259995859061
  116    0.977393913220347   -0.168692988586856   -0.127451222047700
  117    0.982696331630842   -0.023950137686699    0.183669024890081
   
 U =    6146.40378365230     


 http://math-lab.ru/  - см. Задача Томсона
