    213
    1   -0.122433468170784    0.013544784253948    0.992384292847880
    2   -0.998738798115541   -0.042488505035806   -0.026749580904123
    3   -0.919555825167466    0.078483233427928    0.385042161939804
    4   -0.958500200975900   -0.281987959626624    0.041954205448007
    5   -0.837673462996814    0.097714105643297   -0.537359398307368
    6   -0.888732821594579   -0.339018735781288    0.308577816133622
    7   -0.967615546684274   -0.108241071347778    0.228043908685100
    8   -0.947781130027242   -0.237079559374298   -0.213317163142521
    9   -0.977392793860965    0.150432044347879    0.148571620917234
   10   -0.912581039375740    0.408189865327409    0.024018334994048
   11   -0.867569962733178   -0.143001736025249   -0.476311729077625
   12   -0.872345334360798   -0.466281215967423   -0.146953888192482
   13   -0.959013454219968   -0.006482808974927   -0.283286370679707
   14   -0.591234259763105    0.012257510569620    0.806406723382816
   15   -0.871228869573659    0.432310712788856   -0.232524631876703
   16   -0.719397772737375    0.576447478490973   -0.387524385196472
   17   -0.913327405055351    0.222723974098677   -0.340920932969143
   18   -0.737106939379552   -0.671198852689141   -0.078520443626422
   19   -0.712624977943793   -0.034001657774469   -0.700720720458012
   20   -0.745909128798875   -0.384856274154356    0.543603918141260
   21   -0.974463045345343    0.201952060234790   -0.098168929011188
   22   -0.861637432817310   -0.495569431046175    0.109507412445762
   23   -0.837326790393728   -0.378358547938148   -0.394624701825766
   24   -0.863537966833358   -0.157577958482681    0.479031697111726
   25   -0.785294382534809    0.363270115691156   -0.501345744776005
   26   -0.496489162421077   -0.225585885937469    0.838218062120010
   27   -0.677779955704731    0.229522368662917   -0.698522593713516
   28   -0.792039678441380    0.595324288251184    0.135137484040131
   29   -0.825082037084500    0.270503613914544    0.496051838964097
   30   -0.750740373309409   -0.549573289664802    0.366548893287455
   31   -0.777074234695057    0.618516646550514   -0.116588128525155
   32   -0.896939607890559    0.351616273078921    0.268077108875822
   33   -0.524978360065858   -0.408900172535940   -0.746457212680433
   34   -0.631895628895232    0.774838750645189    0.018243483266683
   35   -0.699081215190370   -0.191693104867800    0.688868062922137
   36   -0.198912402714304    0.957224369584979   -0.210131773701796
   37   -0.725984920403965   -0.609842326827070   -0.317865115664167
   38   -0.606879509995739    0.755173654079882   -0.247810436686937
   39   -0.680439132384141    0.443649430690934    0.583247605882722
   40   -0.543195361666345   -0.177824581923314   -0.820559088139280
   41   -0.609683514765115    0.478005987112689   -0.632294463132549
   42   -0.556494549165006   -0.807464550601385   -0.195741708053597
   43   -0.785065840287794    0.041614818629943    0.618012809967251
   44   -0.760121910805203    0.533961419815837    0.370270013452484
   45   -0.529020805000821   -0.734567163843663   -0.424909484100979
   46   -0.401552963579741    0.843205749255553   -0.357434304261228
   47   -0.556066884958830   -0.434868359064833    0.708293110044452
   48   -0.340434832509703   -0.092587274808589   -0.935698520549012
   49   -0.619220506329469    0.734092648224689    0.278700463515114
   50   -0.722808929880919   -0.276330047258916   -0.633394786737533
   51   -0.524445152679122    0.682747841417036   -0.508736343179599
   52   -0.674614199438701   -0.504834058250448   -0.538551998924954
   53   -0.290486476125197    0.744391521169811   -0.601247761242285
   54   -0.331582833896358   -0.450143098938154    0.829110375489063
   55   -0.524597536825741    0.080061091177689   -0.847577516240139
   56    0.009364435124019    0.993009999709133    0.117658182173941
   57   -0.333694243554586   -0.880988682127934   -0.335420771242657
   58   -0.654811995162716    0.237464006966843    0.717518011192942
   59   -0.288512272812627   -0.772656223153044   -0.565475931635791
   60   -0.222419951016829    0.974461544490769    0.030887921560645
   61   -0.712969182364233   -0.681481181550924    0.165101012083006
   62   -0.123533410435562    0.004378223856685   -0.992330755172901
   63   -0.392934684009329    0.564094817827253   -0.726222672878593
   64   -0.447746425362585    0.243918521235699    0.860248158134161
   65   -0.370459095808997    0.010553753849930    0.928788822398319
   66   -0.557214344123665    0.648200227085358    0.518988092646956
   67   -0.322021729051975   -0.345611420275959   -0.881393642019961
   68   -0.206496999751661    0.237468889150152    0.949193086668543
   69   -0.152360064680267   -0.795781444251356    0.586104345382161
   70   -0.474260915073190    0.334685814828812   -0.814286184204493
   71   -0.305799616053690    0.178077397447132   -0.935294090294530
   72   -0.433802817539886    0.894861943961537   -0.105058158863726
   73   -0.282738454077787   -0.573016453308696   -0.769227606643980
   74   -0.235445928344577    0.430816207756880   -0.871184601539731
   75    0.467199011137687   -0.837979761790199    0.281984047105522
   76   -0.490900239410782    0.471527709015197    0.732583493246549
   77    0.118311674667489   -0.138158662097380   -0.983318123358273
   78   -0.472945993238846   -0.617886356715303   -0.628123027490962
   79   -0.122957631053320    0.630138764849756   -0.766685436146651
   80   -0.079564444261129   -0.715606188580758   -0.693957694729541
   81   -0.447311136909512    0.881003090054262    0.154098352072829
   82   -0.575578062104105   -0.616949326597933    0.536734033609608
   83   -0.366941185368222   -0.642717124588274    0.672509378552854
   84   -0.236091769870382    0.931575624233327    0.276455299341066
   85   -0.067063607734915    0.278300208007555   -0.958150023086431
   86   -0.095242415114403   -0.883007497504464   -0.459593996603611
   87   -0.109161729908025   -0.251881036352722   -0.961581853119830
   88   -0.025468707695246    0.420378007018333    0.906991552410291
   89   -0.170036590053085    0.881781742424634   -0.439941492439274
   90   -0.549376298149684   -0.833632657078344    0.056940987731594
   91    0.051938547612741    0.483646243410044   -0.873721178927941
   92   -0.272077516002533   -0.224914747429742    0.935621281114590
   93   -0.082883163448675   -0.433399639071811    0.897382378960699
   94   -0.278559922190566    0.455571852947570    0.845493144000058
   95   -0.133136087027822   -0.969598089469125   -0.205315189961050
   96   -0.358871166248833   -0.929911345132110   -0.080475935718656
   97   -0.407319151724531    0.812893944603511    0.416286612162044
   98    0.130798479353951   -0.377864612003926   -0.916575197566362
   99   -0.366187954234759   -0.803645637523400    0.469105608006311
  100   -0.030039561569600   -0.210236478330435    0.977188952004638
  101   -0.368054247835701   -0.906612229322670    0.206374262670213
  102   -0.077755512268086   -0.494702756925522   -0.865576838069397
  103    0.136402372312153   -0.616093043424559   -0.775773004603461
  104    0.048524631547459   -0.884556345456630    0.463902394740095
  105   -0.554787458453631   -0.764019225938147    0.329371368426940
  106    0.137636376913975   -0.549643574808391    0.823983111733394
  107    0.098458904655843   -0.943520956419603   -0.316344825927356
  108    0.101574459092794    0.106369393910888   -0.989124957373454
  109   -0.167328735404124   -0.924581463648425    0.342272130600480
  110   -0.012980648987343    0.791655213579881   -0.610830193722986
  111    0.226669349573296    0.945966106381848    0.231881718858528
  112    0.507420914415055   -0.732331557383338   -0.454108473467170
  113    0.097599241457052   -0.737117009896104    0.668679969633333
  114    0.034909600812810    0.990911894270666   -0.129903570251210
  115   -0.345149325892638    0.670746847292389    0.656483518211370
  116   -0.166582139217923   -0.984080389049475    0.061936893543465
  117   -0.124797581171429   -0.630461047831711    0.766122986798269
  118   -0.184812902321906    0.823797497610418    0.535912188764323
  119   -0.125097039431211    0.629211095061026    0.767101120177549
  120    0.241975836482434   -0.918862456584808    0.311672071956341
  121   -0.019659209141429    0.930308391324779    0.366251023925716
  122    0.397953453314776    0.827240884480185    0.396617659767296
  123    0.350772784154179   -0.631548226012275    0.691451583350183
  124    0.057289685581040    0.926650927297896   -0.371531897505415
  125    0.338687342429952   -0.461921427617496   -0.819706946893554
  126    0.174737108717499    0.862074911103786    0.475703469067073
  127    0.119274880565633   -0.810734193782801   -0.573134861875812
  128    0.258969376923185    0.965652306410833   -0.021224630490433
  129    0.316143036976997   -0.933538948782271   -0.168992932625756
  130    0.309314652059353   -0.856551680617174   -0.413090382910685
  131    0.518691885596356   -0.524072560732044   -0.675504758609630
  132    0.075912759480595   -0.995233305442413   -0.061220263689488
  133    0.181646800147525   -0.324551261243278    0.928262311430106
  134    0.064018531644210    0.190308928906379    0.979634696805205
  135    0.225238277218652    0.305965876302698   -0.925014919346654
  136    0.278802931921397    0.921167894857089   -0.271511757823840
  137    0.349796366783533   -0.212151812685601   -0.912487868499770
  138    0.291393372791631   -0.953708445089949    0.074364669415180
  139    0.027973764963654    0.765672484537386    0.642622062254405
  140    0.161037103005145    0.659528178673091   -0.734227235256134
  141    0.383639718552778   -0.422622583000654    0.821103354448513
  142    0.227159488675701    0.817120455065214   -0.529823299429736
  143    0.333935309631918    0.044912850548011   -0.941525381939694
  144    0.302170748110319   -0.799506759230010    0.519116346238468
  145    0.036629687059500   -0.980190335722281    0.194641135895177
  146    0.517604217249807   -0.854969735949434    0.033356032374525
  147    0.452294688303587    0.882728001569292    0.127360865959074
  148    0.406721563522956    0.656260248151109   -0.635531318238595
  149    0.334940671226726    0.486811702716197   -0.806739804928918
  150    0.547960025633702   -0.284262746706256   -0.786723904011139
  151    0.572744979517545   -0.500952331167446    0.648852795582595
  152    0.465209682143506    0.246077962790928   -0.850309113128046
  153    0.528916500879706   -0.695205622130713    0.486761212562193
  154    0.156138750854969   -0.050045224873599    0.986466505234111
  155    0.334061491157864   -0.691491612057160   -0.640501577343862
  156    0.594642476254025    0.746998501665543    0.297310551349788
  157    0.542767323834658   -0.024150965999116   -0.839535802106541
  158    0.376710725820163   -0.162203977358484    0.912019132902997
  159    0.518597322505956    0.653289694719066    0.551606192734928
  160    0.709177392728567   -0.704845024503447   -0.016152927767063
  161    0.234419910581540    0.362619762177930    0.901972401795623
  162    0.720611507501925   -0.547438408482726    0.425476490741502
  163    0.137081506126888    0.582931684830220    0.800874092163671
  164    0.667742078359903   -0.561103671478753   -0.489165806900544
  165    0.292755738956434    0.711396862935605    0.638912028931567
  166    0.326366280636525    0.116353126792335    0.938054902843713
  167    0.391746031110884    0.516481326779849    0.761434229724798
  168    0.572196394499065   -0.268022930404487    0.775083863139765
  169    0.610549481735848    0.435441558161866    0.661528517735747
  170    0.665228328584086   -0.707986137631264    0.237122119953386
  171    0.540239435220475    0.007259953175132    0.841480032866234
  172    0.746791172720681   -0.333506975485128    0.575392076456769
  173    0.475482354894564    0.283445740023039    0.832811528886765
  174    0.719416087880986   -0.096035531627489    0.687908183672096
  175    0.671382183253718    0.181868717178451    0.718449534568250
  176    0.530056333014544   -0.820115205922023   -0.215525712727396
  177    0.865896250856366   -0.374010484496040    0.332174412379892
  178    0.713241101940812    0.546447477599582    0.438955902941640
  179    0.791268366743802    0.318379178983974    0.522043168885570
  180    0.446450118067771    0.792435808540549   -0.415605319287373
  181    0.562159552674905    0.432291446200782   -0.705053716306770
  182    0.710771202653849   -0.653752761157588   -0.259637487194802
  183    0.482079419613608    0.865160340855537   -0.138191959953313
  184    0.715347167187316   -0.343019305773236   -0.608782544316055
  185    0.648265235042818    0.761152516702167    0.019975769142575
  186    0.856933419611266   -0.503418620429449   -0.110611061645079
  187    0.668466606286971    0.171171428991531   -0.723776718454094
  188    0.828083774208405   -0.540025296985969    0.150498975106078
  189    0.720535617943114   -0.098502256739390   -0.686385991037537
  190    0.616426567576017    0.594919103166269   -0.515838683576844
  191    0.873883771813539   -0.143403467038066    0.464502528521002
  192    0.632917757247617    0.720238082380751   -0.284028550059930
  193    0.763494753951741    0.614332179693320    0.199177643528143
  194    0.750325899334449    0.346413584063004   -0.563035232969105
  195    0.941700198717888   -0.332003336651006    0.054539161959911
  196    0.874771345296844    0.380082921871236    0.300519659838376
  197    0.786294554007455    0.498790974622476   -0.364620951089454
  198    0.826162510846705   -0.427863800579499   -0.366589789581128
  199    0.934906793974516   -0.274443180823201   -0.225011615433371
  200    0.830139199104837    0.078696889739201    0.551974374092635
  201    0.874692917931181    0.482355994193387    0.047381369616594
  202    0.859430892269787   -0.186597546621941   -0.475983084790868
  203    0.832085515697408    0.075119828888120   -0.549536810299727
  204    0.957431150085747   -0.162641194768264    0.238481518382107
  205    0.893527549760634    0.239603361729253   -0.379735100914832
  206    0.777826710923060    0.614879223751370   -0.130035179753508
  207    0.908434816366685    0.379032182032592   -0.176297445802369
  208    0.991406446851073   -0.111684630825589   -0.068116080182898
  209    0.932251120796076    0.123643610025061    0.340029565588687
  210    0.980260115543778    0.141359798553845   -0.138229928839293
  211    0.945974718793354   -0.018227393476319   -0.323727653330534
  212    0.960069340335383    0.264947414180491    0.089831672961456
  213    0.992280844563547    0.034344464966245    0.119160325773455
   
 U =    20969.0374720544     


 http://math-lab.ru/  - см. Задача Томсона
