    284
    1   -0.046075642937640    0.025245424525986    0.998618898112982
    2   -0.961590998725913   -0.155658314633996   -0.226082374931362
    3   -0.982838560177133   -0.072166485849684    0.169765611797702
    4   -0.926688204977737   -0.363093748134239   -0.097014951533099
    5   -0.788570700951887   -0.098638670220465   -0.606981599669535
    6   -0.849184664269662   -0.430858976859874    0.305361995062392
    7   -0.940447383063302   -0.306298495040477    0.147444740921221
    8   -0.884233942691674   -0.343453494735381   -0.316496495313914
    9   -0.984115558150837   -0.176744952520461   -0.016667032249546
   10   -0.997867076454255    0.028137212286747   -0.058903268274085
   11   -0.796492809930255   -0.312447152523156   -0.517663964951762
   12   -0.830165230055621   -0.528409505730899   -0.177789440237390
   13   -0.896039341513460   -0.130333064124417   -0.424413466864643
   14   -0.591348532115395   -0.089314903007733    0.801454778303608
   15   -0.913407000479984    0.267016779650335   -0.307229052759212
   16   -0.821253606805613    0.463993001143608   -0.332043684172008
   17   -0.876924438379392    0.084760168832369   -0.473095384835337
   18   -0.760060444563093   -0.649839397999314   -0.004108213534142
   19   -0.668224207986877   -0.268272556061299   -0.693906509210461
   20   -0.801552999297655   -0.330466980899146    0.498301478878336
   21   -0.959793128791035    0.058514382976003   -0.274541830893680
   22   -0.867241167836786   -0.492204334216586    0.075017665836094
   23   -0.763085756409429   -0.506153195549988   -0.401881911759642
   24   -0.916708680032463   -0.210330032474134    0.339715282836332
   25   -0.814738730454913    0.291767796623892   -0.501071206466662
   26   -0.537332657533340   -0.295402988241000    0.789943472462711
   27   -0.750351799184955    0.113164224312999   -0.651280305088016
   28   -0.931825806763259    0.350216104712981    0.095128049752258
   29   -0.937195551723824    0.029870776724384    0.347522998558310
   30   -0.715526858055716   -0.536704099020695    0.447180081729161
   31   -0.968326126136449    0.231031089505190   -0.094705591828695
   32   -0.980899004178500    0.142816448581368    0.132062885082190
   33   -0.498543453041080   -0.426509596788861   -0.754681382622415
   34   -0.836911771347035    0.543959548663451    0.060718171897900
   35   -0.715681748044843   -0.214525915584260    0.664664025698858
   36   -0.621798764990746    0.761340856918568   -0.183647476003577
   37   -0.697685632659726   -0.668093794169208   -0.258622195823926
   38   -0.895321351028052    0.427558183113652   -0.124874650933876
   39   -0.850677379262177    0.144120167904241    0.505546608746303
   40   -0.508769312383447   -0.219520889595431   -0.832444812469935
   41   -0.705653727934413    0.483798106366213   -0.517679638897197
   42   -0.621794562311045   -0.778682273688304   -0.083817891431542
   43   -0.853671643265937   -0.104065885786061    0.510308746641870
   44   -0.916287834021274    0.250507473558774    0.312510177299561
   45   -0.531091295629349   -0.780404352259067   -0.330016791514985
   46   -0.778089524016916    0.608036331656735   -0.157697533273512
   47   -0.645736094085983   -0.425672107244035    0.633899166988727
   48   -0.457727869243897    0.004184301821681   -0.889082498610622
   49   -0.846764919920596    0.455059044248066    0.275518486929467
   50   -0.649821127566479   -0.467572375002284   -0.599256686489982
   51   -0.678214681727667    0.639492984229470   -0.362040838318451
   52   -0.601356664821518   -0.639926601496858   -0.478397435581988
   53   -0.537727164997064    0.646345421313933   -0.541375186327130
   54   -0.340471555696261   -0.325208642787597    0.882223587543439
   55   -0.640499932924027   -0.049535646164338   -0.766358960072497
   56   -0.532461666783123    0.846429654459276   -0.006435328934013
   57   -0.453330005661098   -0.877461667034893   -0.156693742222385
   58   -0.755638270599534    0.009538015891533    0.654919712833716
   59   -0.399767215746226   -0.764455361922882   -0.505760983906297
   60   -0.589739890910529    0.777850720403608    0.217152291805601
   61   -0.754257364812368   -0.614408613346679    0.231512167005782
   62   -0.463774683259423    0.350721050140069   -0.813577155625863
   63   -0.370316191973490    0.578473501356678   -0.726797307500790
   64   -0.622923878933369    0.121468956116793    0.772794367056659
   65   -0.449727779160044    0.095913439748948    0.888000865273959
   66   -0.800996960249914    0.368286114873246    0.471984329466527
   67   -0.325612561095291   -0.159676783856002   -0.931922628094398
   68   -0.345034884551778    0.288607654846256    0.893116201849729
   69   -0.352419373832627   -0.664997181548158    0.658467412618442
   70   -0.671456422951571    0.311862455018247   -0.672226212838411
   71   -0.575234362807957    0.163770634225083   -0.801426607500923
   72   -0.702924866841525    0.710603286845180    0.030652900362777
   73   -0.322041737796142   -0.369657655153140   -0.871574630828550
   74   -0.550396735912866    0.487156984507044   -0.678042406890945
   75    0.157806409255705   -0.942166678457649    0.295667189931351
   76   -0.722737686970549    0.258372461897684    0.641010067600650
   77   -0.158793259060301    0.262281530665422   -0.951836697941832
   78   -0.457780976675009   -0.609285307279183   -0.647462733852835
   79   -0.127604076416656    0.577195179494326   -0.806574810200744
   80   -0.287240200875239   -0.557607230876441   -0.778824269701105
   81   -0.734052729996425    0.631308392877206    0.250232497225271
   82   -0.546883562571239   -0.616260526123292    0.566693332351487
   83   -0.457739855059774   -0.490074202909487    0.741823092612038
   84   -0.557138091577427    0.715009458251631    0.422325255607773
   85   -0.271401923695951    0.426517027318760   -0.862800220920988
   86   -0.323057038838837   -0.888411494505206   -0.326127530404455
   87   -0.355602247051777    0.191918600541378   -0.914720882377770
   88   -0.137025569432514    0.254432185151824    0.957333931541426
   89   -0.499858072785182    0.785479552973748   -0.364916125885998
   90   -0.624926939716413   -0.766590527768264    0.147666119176520
   91    0.097323447276954    0.593378454376567   -0.799018245406077
   92   -0.402860630343283   -0.119346471879872    0.907446820573658
   93   -0.196384960546233   -0.144023292351235    0.969891869504825
   94   -0.535719148042029    0.312911741094683    0.784277525309897
   95   -0.275299309447778   -0.957711171347121   -0.083663627069958
   96   -0.461722346441925   -0.884997044857449    0.059939180756383
   97   -0.696725912127638    0.556500636231663    0.452636769654948
   98   -0.037838541601123    0.095350338573396   -0.994724362677138
   99   -0.410194089671135   -0.777820707251208    0.476167781533043
  100   -0.255384148822833    0.070829560317123    0.964241727947572
  101   -0.447234177891192   -0.851508475891177    0.273705874272868
  102   -0.224187077345290    0.013459317436278   -0.974453180571302
  103   -0.141373667211682   -0.253605034593864   -0.956921090084112
  104   -0.201204031335182   -0.811557442611713    0.548535737318916
  105   -0.598844104014026   -0.711833141906552    0.366986807897891
  106   -0.031642844833905   -0.516063676556006    0.855965543763483
  107   -0.132899029285288   -0.958332524539629   -0.252856916900706
  108   -0.022744045145967    0.421720072429594   -0.906440780702400
  109   -0.246530280868284   -0.901450375638560    0.355823047140153
  110   -0.216242457852589    0.709037733836900   -0.671196462607861
  111   -0.192982862028515    0.965419434346759   -0.175279578813014
  112   -0.063678619387941   -0.641790800992042   -0.764231379357612
  113   -0.253326054290230   -0.514643311933261    0.819126468684847
  114   -0.417250562097033    0.889159088592856   -0.187877842233810
  115   -0.628427532218367    0.453590288162658    0.631929337216156
  116   -0.271305287627104   -0.951988834675593    0.141812198200932
  117   -0.125090124957714   -0.344002105483222    0.930599275768670
  118   -0.497324561229268    0.621314992003889    0.605504716339455
  119   -0.423840528316317    0.486600096850574    0.763923786971945
  120   -0.026597978493800   -0.908123614063785    0.417856493451728
  121   -0.419066597237143    0.891828661031355    0.170366741012153
  122   -0.100854885777457    0.993418633517711    0.054292822680531
  123    0.065553127446656   -0.664854686606974    0.744090742570222
  124   -0.362868872787857    0.762008059502961   -0.536348672426996
  125    0.003582204237444   -0.114400779680679   -0.993428220568177
  126   -0.309885014093170    0.950773951593619   -0.000413535404856
  127   -0.238768205984172   -0.721017481950118   -0.650479465112782
  128   -0.286234709691967    0.886372448164526   -0.363886759998740
  129    0.060789423046242   -0.984035623858758   -0.167267860100531
  130   -0.186699092853281   -0.855307293221550   -0.483314476184800
  131    0.068397888416612   -0.333949305850383   -0.940106158889620
  132   -0.086073444463095   -0.996267874922788   -0.006456280282900
  133    0.124900172182737   -0.377230444579059    0.917658508744625
  134    0.073026738034187    0.203595379077949    0.976327822583272
  135    0.205885483169240    0.420178237977944   -0.883776790909288
  136   -0.136370411250082    0.845156249265642   -0.516830751080772
  137    0.175240248763953    0.036074357359052   -0.983864571958092
  138    0.108377859907528   -0.990381377228503    0.086017248972743
  139   -0.389258760908048    0.842541823041634    0.372291409358329
  140   -0.001254037360392    0.740818821669015   -0.671703729966740
  141    0.168634378795058   -0.030698739796300    0.985200504295102
  142    0.088013876348610    0.861597283358249   -0.499903669600230
  143    0.105191529733666    0.250651990068506   -0.962345219735095
  144   -0.147340376196616   -0.680075852109944    0.718183576057802
  145   -0.068139842997110   -0.973269378764989    0.219325507305334
  146    0.198025482632209   -0.925036500253102   -0.324181093569278
  147    0.021400068890815    0.991818864519153   -0.125846640938110
  148    0.302038080491023    0.835640496192688   -0.458778769186345
  149    0.213553591576647    0.734074409873166   -0.644615873442531
  150    0.224465871395557   -0.182044953502667   -0.957326855093309
  151    0.222212814413067   -0.540644657177255    0.811372183265062
  152    0.409618065676699    0.374531867166009   -0.831828660691865
  153    0.020140386001815   -0.804666006842314    0.593386031419803
  154    0.028405200358527   -0.193041941211490    0.980779258307338
  155   -0.108085577421403   -0.461536463939317   -0.880512123941445
  156    0.110047039809518    0.988470373290920    0.103999856515628
  157    0.375214385497647   -0.013557435248005   -0.926838907720818
  158    0.281597392266693    0.141214092339483    0.949084553026407
  159   -0.221689829551261    0.947149191953856    0.231866400443638
  160    0.251119621445986   -0.965543045312467   -0.068304929350317
  161   -0.014577606247831    0.428975301136468    0.903198585257395
  162    0.249989440203433   -0.717313082983709    0.650359301284437
  163   -0.221556758729195    0.462452701404909    0.858516220944436
  164   -0.016777532822104   -0.791981711823003   -0.610314248998258
  165   -0.337037431063836    0.759194889480532    0.556802379528440
  166    0.188497671438009    0.375590350548879    0.907414192327307
  167   -0.275324194607640    0.636006509997079    0.720896876886695
  168    0.369086391057837   -0.395835691494528    0.840886045356296
  169   -0.175981448377140    0.880842468616749    0.439485011471649
  170    0.422269238429287   -0.738717040122715    0.525343530376728
  171    0.271658366759871   -0.221671580806162    0.936516653366216
  172    0.416801185687107   -0.580048197692562    0.699872031133858
  173   -0.064431924997088    0.617164294652040    0.784191788051762
  174    0.497255684767962   -0.228070965544591    0.837090448303828
  175   -0.118604908164381    0.771413857502837    0.625182802236203
  176    0.007795291896894   -0.911112686455339   -0.412083615306866
  177    0.587279633609457   -0.589678284972174    0.554420555336666
  178   -0.016024391064242    0.958647290658138    0.284145369493913
  179    0.038568037293433    0.871152733195571    0.489495068356382
  180    0.165331047742431    0.939569436884933   -0.299791457390166
  181    0.317359591560958    0.571109902459727   -0.757044496021669
  182    0.189634763752012   -0.827282972059156   -0.528811441364205
  183   -0.052250434059083    0.939690982771024   -0.338009983638745
  184    0.281002087801911   -0.390156829024815   -0.876821233442866
  185    0.229310099994642    0.969861288846721   -0.082376929033712
  186    0.160485818586571   -0.692622314571949   -0.703220186989534
  187    0.520889615702726    0.516137806244708   -0.679908650642104
  188    0.388136594635165   -0.819625411569454   -0.421383635912241
  189    0.324726173650997    0.203025358230515   -0.923760583734418
  190    0.374164785984986    0.891131853065854   -0.256680216183925
  191    0.560635751398611   -0.418469565583637    0.714542354891547
  192    0.424998450386695    0.904302165170618   -0.040173514118626
  193    0.191656045833699    0.925491299501458    0.326701415121658
  194    0.421891167030387    0.688718152607763   -0.589639847237522
  195    0.372091428770197   -0.706867529664199   -0.601569833138420
  196    0.250848951721756    0.816154901159518    0.520543927765365
  197    0.508367203765138    0.759620260984386   -0.405635113418486
  198    0.112303083120434   -0.529290086362571   -0.840975636983585
  199    0.429941574873475   -0.235969751663729   -0.871474909848284
  200    0.148939082086799    0.572328850475021    0.806385042483479
  201    0.395907517531665    0.844042476005860    0.361731303953380
  202    0.556378580052810   -0.062564378913670   -0.828570198685402
  203    0.530926433253376    0.145155792009245   -0.834893357572701
  204    0.720542502833399   -0.416712052799621    0.554228803529831
  205    0.625466146826077    0.596014268380224   -0.503546513305104
  206    0.316010399251841    0.937151076266158    0.147936769661482
  207    0.706699322701485    0.691083972873821    0.151588290214643
  208    0.510535768117480    0.839625446361587    0.185424753727222
  209    0.095458024953585    0.738451502839141    0.667515650323328
  210    0.665346733627869    0.565589464304888    0.487259973646549
  211    0.495426506475495   -0.418641056193535   -0.761112503346678
  212    0.313500332137850    0.672530282378151    0.670388365825229
  213    0.399432943615396   -0.047111170236532    0.915551124292732
  214    0.842232578420922   -0.391972045826500    0.370138081176516
  215    0.471123375309595    0.711439566706023    0.521436964706224
  216    0.206917083338137   -0.850287615210068    0.483938314295545
  217    0.384587518445045    0.306565596520805    0.870695110636396
  218    0.726738944448882   -0.574665716296597    0.376310803903694
  219    0.359148439312728    0.501035777932071    0.787385260067291
  220    0.525699275704816    0.545821411000289    0.652471653650245
  221    0.569125494297977    0.795648685983085   -0.207459249573196
  222    0.555151880837626    0.350777002388184    0.754163035290120
  223    0.334190617851804   -0.562997222613277   -0.755877475699314
  224    0.507632521189158    0.132545201177419    0.851317210607172
  225    0.816290600875520    0.390909021429256    0.425276136042811
  226    0.378049892998341   -0.858987297731687    0.345281190827934
  227    0.379871793555427   -0.898159061085015   -0.221376876506710
  228    0.574595400222430   -0.730528416285487    0.369009971467768
  229    0.559700568076700   -0.794312825089686   -0.236225337321509
  230    0.566028279379607   -0.698976967897657   -0.437084871954131
  231    0.700116081343372    0.378919126108121    0.605192340098468
  232    0.677674041286243   -0.235072670540633    0.696777391518744
  233    0.700048440878768    0.645563852382203   -0.305253162015817
  234    0.591418477308752    0.318860166141459   -0.740643219874481
  235    0.609952975840744   -0.045482641217570    0.791131276471165
  236    0.324034537119202   -0.934811830603774    0.145356321215027
  237    0.526474201064049   -0.831414243396031    0.177694320371185
  238    0.466746435906634   -0.884094852638715   -0.022892271756721
  239    0.629181101521883   -0.247265774116538   -0.736879079929848
  240    0.645156105763211   -0.763470538689923   -0.029771391451633
  241    0.708169575451636    0.402334693417596   -0.580191905215179
  242    0.542787769965063   -0.573175416454999   -0.613882218954086
  243    0.603370266556060    0.718421639279487    0.346142556833226
  244    0.792481945309319   -0.608954176968040   -0.033869997223718
  245    0.684351747433323   -0.407683858366874   -0.604530030198712
  246    0.712008481978269   -0.026562196111146   -0.701668277271215
  247    0.815190871411982    0.190924166158078    0.546819719782870
  248    0.679213543473175    0.167270810281153    0.714625383253702
  249    0.817855292432163   -0.216209579960439    0.533259916151619
  250    0.778229215458455    0.555078957619682    0.293677780934762
  251    0.715276583396035   -0.546104468157561   -0.436061141474040
  252    0.714557743661698   -0.657290638962173   -0.239533394134933
  253    0.695764853704303   -0.696433891011068    0.175758652136995
  254    0.841528405602359    0.536810641049856    0.060533281919900
  255    0.603525897502680    0.797342988592188    0.000805969268955
  256    0.768587802267648   -0.024145766823285    0.639288488985921
  257    0.724879146984492    0.177232618880819   -0.665686728928617
  258    0.742598195686484    0.663702461582434   -0.089704861922836
  259    0.827602623494441   -0.354744668561396   -0.435005882388254
  260    0.888565780100356    0.002798612661485    0.458740691678661
  261    0.932322989388779    0.359768111294260   -0.036616247116973
  262    0.838371623254689   -0.486860337326189   -0.245153081277651
  263    0.918579145845877   -0.186614904328740    0.348406702431848
  264    0.787774075043176   -0.197856997799970   -0.583322050938803
  265    0.844110286223654    0.029401572711392   -0.535362841644353
  266    0.905025623394072   -0.133984476150751   -0.403703828506469
  267    0.899613766078046    0.386066448780460    0.204077850363334
  268    0.913288398169519    0.214448258629091    0.346289252128772
  269    0.793010835440266    0.465326661451428   -0.393198312581323
  270    0.838660955720073    0.251535664574724   -0.483091720895365
  271    0.846795736724721    0.500771819365282   -0.179344822045197
  272    0.902925261847283   -0.427750402543776   -0.041899458727449
  273    0.827651038027525   -0.533390584370617    0.174608830695164
  274    0.967038487710727    0.034169785698869    0.252327146838075
  275    0.908278332600052    0.313218309209975   -0.277353134658531
  276    0.973509708975232   -0.222854917438630   -0.051132497537085
  277    0.972934563081527    0.203431261022217    0.109608658418340
  278    0.922512416513156   -0.349336310240766    0.164118809788596
  279    0.932954299512424    0.097466769691375   -0.346549424797113
  280    0.976752743205519    0.167192548921535   -0.134166800012575
  281    0.925052277335759   -0.288177732834884   -0.247450759736300
  282    0.978052164297343   -0.147852301913037    0.146811650533261
  283    0.999920238576543    0.010953380318563    0.006288079565756
  284    0.976897609599015   -0.061161654869241   -0.204768924237510
   
 U =    37685.9367344747     


 http://math-lab.ru/  - см. Задача Томсона
