    199
    1   -0.069094041701043    0.015698594471976    0.997486625240168
    2   -0.997161158352889   -0.042147413192743   -0.062395671592547
    3   -0.924371766281254    0.085182505128460    0.371861235573319
    4   -0.958297278436626   -0.285321816914927    0.016055744558291
    5   -0.803403493279876    0.093446324149374   -0.588056639694394
    6   -0.892260968887020   -0.339411323618007    0.297775614852307
    7   -0.972460571627007   -0.105588584623649    0.207777494998976
    8   -0.936746941182929   -0.244140602167846   -0.250799789787688
    9   -0.980297144015225    0.156163077395387    0.120957028295158
   10   -0.908418519481917    0.418059389060155   -0.001463106602921
   11   -0.838126365509531   -0.151643897285860   -0.523973590797990
   12   -0.861661607490899   -0.477180507770636   -0.172736901616179
   13   -0.944092647763728   -0.009311771331528   -0.329548726826767
   14   -0.575117888961196    0.023923910233301    0.817720649314891
   15   -0.857917333336837    0.440330946507130   -0.264738562941528
   16   -0.696747139845725    0.584329280907274   -0.416056143556600
   17   -0.893539404121264    0.225905551246836   -0.388012905968963
   18   -0.721524220257056   -0.686109445548189   -0.093041003390999
   19   -0.659623625166281   -0.042302272554007   -0.750404684726355
   20   -0.743222619688783   -0.379746878840535    0.550828871423616
   21   -0.968720321766712    0.206515024247548   -0.137595359501083
   22   -0.859219745833337   -0.502842541976559    0.094291072475861
   23   -0.813144579463100   -0.389932521930346   -0.432144097762331
   24   -0.865727136037486   -0.156200740824579    0.475518511200337
   25   -0.753237882481362    0.367054553448646   -0.545805503075600
   26   -0.455169343969845   -0.203701006210183    0.866791075391885
   27   -0.628120639502049    0.227908892619575   -0.743990590596719
   28   -0.783309949216923    0.609690808159847    0.121254451065410
   29   -0.824946766603879    0.282541162452352    0.489523568165905
   30   -0.750229871363792   -0.551057717319893    0.365363561806123
   31   -0.761411838381341    0.633542692734717   -0.137388750832046
   32   -0.897805432755157    0.361437761772022    0.251611107228112
   33   -0.470080008135594   -0.422839772854888   -0.774745966393673
   34   -0.610133005818700    0.792185875140976    0.013388593569296
   35   -0.684546361115224   -0.184883941612044    0.705134177031506
   36   -0.147586927998344    0.968246917834165   -0.201782072515504
   37   -0.703009090826409   -0.624693340580155   -0.339906528990298
   38   -0.580354295812726    0.769781869346927   -0.265753203097282
   39   -0.667905025813416    0.461427815744504    0.583941133463329
   40   -0.468404377819927   -0.183283257232100   -0.864294270753613
   41   -0.565292545691514    0.485062036632497   -0.667202486808571
   42   -0.527583861583387   -0.831771391553024   -0.172660421610476
   43   -0.785869408100365    0.043229577529448    0.616879629294571
   44   -0.753473156835222    0.547488381734462    0.364053119468224
   45   -0.499468824056113   -0.759826271309491   -0.416166951143312
   46   -0.355676011817965    0.862336446978979   -0.360375397091613
   47   -0.539978452159608   -0.415823127987037    0.731788492280652
   48   -0.233447817536443   -0.085674860985133   -0.968587597836484
   49   -0.600219705381084    0.749883066882787    0.278229565781048
   50   -0.677017084568649   -0.286781113499097   -0.677793818312313
   51   -0.490537071735841    0.694984560114564   -0.525708895164607
   52   -0.636577563775374   -0.520821262503906   -0.568783102616145
   53   -0.246898869540588    0.765478328699183   -0.594208613629494
   54   -0.298156724028830   -0.415425488775371    0.859374325420617
   55   -0.453337283046703    0.075230944123923   -0.888158551637069
   56    0.044177299742319    0.991184338064205    0.124907862697673
   57   -0.304492401571637   -0.909048026204378   -0.284457489687057
   58   -0.654705866378854    0.245929131560513    0.714758064507849
   59   -0.254454809178970   -0.805174494550551   -0.535674139203078
   60   -0.196302347657094    0.979666057626964    0.041470517695778
   61   -0.704823191908939   -0.691785690586301    0.157024923013287
   62    0.017896345892390    0.003950413133205   -0.999832043415181
   63   -0.338135679133222    0.574364504953460   -0.745499616328997
   64   -0.439011679080100    0.263568672249758    0.858953025863330
   65   -0.334685169780037    0.025044303804420    0.941997144356744
   66   -0.532818515918804    0.668036073594728    0.519453783767356
   67   -0.247348981880561   -0.337500321710829   -0.908246670243132
   68   -0.201361508084678    0.262189310320383    0.943774500935253
   69   -0.138467659425023   -0.777918243057053    0.612919174453193
   70   -0.410962237130770    0.336197481028708   -0.847396774481957
   71   -0.218672996357233    0.173035465017921   -0.960333717261964
   72   -0.406541944128695    0.907450811458149   -0.106097466736999
   73   -0.238607135380978   -0.576613949796398   -0.781398098183941
   74   -0.163827347499324    0.429851107267327   -0.887912510212796
   75    0.579873719247381   -0.775379989998028    0.250064673308460
   76   -0.467176411908415    0.489999890390217    0.735966240784150
   77    0.259565937261213   -0.158701380588661   -0.952596134787960
   78   -0.426907127965488   -0.645370346503974   -0.633440936430224
   79   -0.075515277546060    0.655264427138356   -0.751615575533253
   80   -0.061024449353051   -0.730811480523882   -0.679846009413638
   81   -0.411222416036139    0.895614563733831    0.169619214056840
   82   -0.570285994188938   -0.605842160688856    0.554733414500869
   83   -0.352487330303920   -0.622040596369523    0.699155332128322
   84   -0.161730307068857    0.940561270806320    0.298643271537489
   85    0.027699159372197    0.257539920866749   -0.965870563652306
   86   -0.070018061432055   -0.914396555948806   -0.398718458993635
   87    0.003273321352586   -0.247056585600300   -0.968995525726948
   88    0.019634401579379    0.474450453992291    0.880063211923512
   89   -0.100181071228106    0.895160023759263   -0.434341207843448
   90   -0.518776337423604   -0.850903526568369    0.082669826435430
   91    0.095077540562230    0.506447776222981   -0.857012783591607
   92   -0.190366577627467   -0.204202488944365    0.960240547795880
   93   -0.000555720764411   -0.372876017643500    0.927881008880318
   94   -0.233771657172695    0.496575307059553    0.835920915351113
   95   -0.073260493119066   -0.987501295704057   -0.139549600969550
   96   -0.304826207393314   -0.952128798687051   -0.023059358121167
   97   -0.362164497953032    0.830554463178143    0.423103013599874
   98    0.232258011939813   -0.400619700433458   -0.886318267618564
   99   -0.352829464599927   -0.796189017212206    0.491522550633021
  100    0.121746876081500   -0.153767989388970    0.980577943665709
  101   -0.324265542260890   -0.912832909097414    0.248169172483214
  102   -0.020688758932790   -0.487218474382329   -0.873035012742545
  103    0.160664431518762   -0.628547322496439   -0.760996191729834
  104    0.122067612610066   -0.861804480647327    0.492333763912115
  105   -0.547783246326514   -0.762569015161715    0.344124994964443
  106    0.186661863284698   -0.526654507059657    0.829332490011596
  107    0.158657850294928   -0.949303811232921   -0.271385262161459
  108    0.270630626802052    0.088994541005220   -0.958560919038534
  109   -0.106466466502019   -0.916580843453446    0.385414645446620
  110    0.070865712907050    0.798357250391800   -0.597999792208175
  111    0.272428953031974    0.937425999096270    0.216829337886418
  112    0.562151759859107   -0.639123210209683   -0.524887531818560
  113    0.086947970690165   -0.710611119338247    0.698191870094250
  114    0.096672508109955    0.987802409230873   -0.122068941559325
  115   -0.303407766118749    0.689699074947838    0.657464001657069
  116   -0.084359365149129   -0.988033505046254    0.129125096002480
  117   -0.107620486428501   -0.578036282907145    0.808883110556639
  118   -0.113620523487392    0.833017429547473    0.541453911900701
  119   -0.041173083209797    0.676816083158567    0.734999841358415
  120    0.365442359837973   -0.846635558009903    0.386859294252205
  121    0.087142017077974    0.914251729950669    0.395664053385939
  122    0.509574123940912    0.842898586742145    0.172789422934239
  123    0.436922902706008   -0.512488150997711    0.739225454227534
  124    0.142091518900436    0.921803450823294   -0.360677693109560
  125    0.425594899657279   -0.514506174627244   -0.744414117045177
  126    0.363522122703237    0.828064550233050    0.426802960337285
  127    0.124083209354764   -0.835830516357049   -0.534780987959119
  128    0.332023537534840    0.942925009785910   -0.025549881469244
  129    0.390654652831397   -0.910569875012446   -0.135097908721778
  130    0.364432736686996   -0.845255999473013   -0.390808234030074
  131    0.643899768938134   -0.404289574691790   -0.649571418211230
  132    0.160528623177536   -0.987010052132242   -0.006458957395250
  133    0.303111699804073   -0.318009862873196    0.898327904808293
  134    0.048740411195167    0.239920011082112    0.969568337250596
  135    0.269739285545845    0.333185604138082   -0.903453413867233
  136    0.376650486442303    0.887810020312003   -0.264438610827497
  137    0.479406107022568   -0.276392302290226   -0.832932818289791
  138    0.386966640074347   -0.913172219885915    0.127958259984262
  139    0.166088219937513    0.779734911341519    0.603678864325414
  140    0.246291525830068    0.655673426927811   -0.713745642035759
  141    0.550388081658792   -0.276939596547144    0.787640412518466
  142    0.334261988413952    0.794418611018033   -0.507117337082583
  143    0.499430429036224   -0.024107305940330   -0.866018524255107
  144    0.327049779459562   -0.712843920762882    0.620396636343924
  145    0.148095127725719   -0.956134188985165    0.252735525396774
  146    0.597433420874347   -0.801602858795884   -0.022498097533822
  147    0.570378395749455    0.816684190472197   -0.087723535582257
  148    0.518451507333167    0.627057361608713   -0.581383780128314
  149    0.420761403716058    0.482598188088595   -0.768152868898175
  150    0.686591249659264   -0.141558573504107   -0.713129459606608
  151    0.653872051385524   -0.452743103936043    0.606197181002389
  152    0.500778370583306    0.229158603778297   -0.834689977099468
  153    0.545906384829557   -0.669701193249014    0.503474458898533
  154    0.238396593095283    0.079924034469051    0.967873552234357
  155    0.339246204192963   -0.717479067828276   -0.608387869840396
  156    0.711009882974867    0.695318240403908    0.104868922344419
  157    0.696581603705125    0.123542670255388   -0.706761118063073
  158    0.413387669437310   -0.085446431644576    0.906537115663996
  159    0.596570917256452    0.707994861386223    0.377950283680934
  160    0.757163561697435   -0.628194572920134   -0.179094721841112
  161    0.272403264477224    0.356918872557256    0.893535326618153
  162    0.735232843523022   -0.576796633340088    0.356003243766953
  163    0.232037151991437    0.592240064486122    0.771628450818900
  164    0.816323008585663   -0.261164206708796   -0.515179583046356
  165    0.429514059884974    0.666253589851775    0.609609568798547
  166    0.468173088628828    0.189344142067777    0.863112249332821
  167    0.473968313364072    0.451090179341265    0.756221983301651
  168    0.745151832962229   -0.187939378443605    0.639865248207200
  169    0.645773930825906    0.521921311397619    0.557291822095613
  170    0.759964639296310   -0.641689074913394    0.103387030888902
  171    0.626213656688728    0.001356789013373    0.779650316039252
  172    0.826933051364902   -0.347564713115182    0.442018663358792
  173    0.659995249185307    0.278442283253742    0.697765122336498
  174    0.896943011865449   -0.106176243546842    0.429208386185567
  175    0.796452008433907    0.082285967369090    0.599076971545167
  176    0.580625521967118   -0.759977063055323   -0.292076816728437
  177    0.891355019400713   -0.404651127350284    0.204312737055961
  178    0.783135853693730    0.542617238417631    0.303751160049499
  179    0.808711733108520    0.342059672935763    0.478519083092507
  180    0.573585331966493    0.739692742212643   -0.351929700467051
  181    0.642516269626604    0.390006750247365   -0.659596526693859
  182    0.747330890878634   -0.516754923950488   -0.417685154286661
  183    0.746756847268310    0.640375112627683   -0.179649453617248
  184    0.845966706646271    0.008642665506969   -0.533165673669073
  185    0.860314845637713    0.509585715854746    0.013444871593439
  186    0.889404051417923   -0.364546600871967   -0.275801031749483
  187    0.815241076237963    0.281662816843379   -0.506011902253514
  188    0.885872710600662   -0.462320572181787   -0.038590531876887
  189    0.934573376288649    0.161823593775564   -0.316837069848204
  190    0.724159682770309    0.531706861811604   -0.439181701522800
  191    0.967729787301792   -0.160745007215958    0.194062107130606
  192    0.870791586556083    0.417151441109079   -0.260205088274149
  193    0.915920894210055    0.343992244129954    0.206780684610267
  194    0.958842017296839    0.277935015224787   -0.058087117144219
  195    0.973311112650567   -0.223443241721813   -0.052331593896646
  196    0.918511712751956    0.138010528708216    0.370525744723828
  197    0.987065108951033    0.085617738906018    0.135543622041414
  198    0.939631162910853   -0.114688079479057   -0.322397149665135
  199    0.994169643874985    0.019745608832158   -0.106003915632079
   
 U =    18251.1775563879     


 http://math-lab.ru/  - см. Задача Томсона
