    182
    1   -0.097633407335606   -0.020486815628048    0.995011561820998
    2   -0.994224053298921   -0.101495996190029   -0.034886882911171
    3   -0.906749477618478    0.107764981269036    0.407666645251610
    4   -0.932703851115324   -0.356716711822294    0.053072720123761
    5   -0.875425782934271    0.199026497703288   -0.440474916182389
    6   -0.859845256821536   -0.393312040474383    0.325533059979143
    7   -0.963407256273191   -0.133737141105339    0.232294717221751
    8   -0.928434629345844   -0.296102395543346   -0.224349081533527
    9   -0.978693685710227    0.136038454702237    0.153792744930179
   10   -0.919012032801763    0.392144918495924    0.040487608763635
   11   -0.854469710017819   -0.188477111587315   -0.484105249991949
   12   -0.824852857755493   -0.548669275277419   -0.136307701246657
   13   -0.950091223118385   -0.022846155887556   -0.311134570426645
   14   -0.544736766756947   -0.026306455679194    0.838194383978314
   15   -0.793107736039838    0.592713908207133   -0.140250996615311
   16   -0.642525673915583    0.681119499457287   -0.351051258106819
   17   -0.897269699752655    0.372705903130531   -0.236637688624267
   18   -0.651259856752581   -0.755648135338683   -0.069688553879227
   19   -0.783690248003254    0.035331219820522   -0.620146192514791
   20   -0.710105223770838   -0.415173359817032    0.568666556491241
   21   -0.980711954132322    0.156755878525167   -0.116754689712085
   22   -0.800624952197576   -0.583934130644305    0.134240891636302
   23   -0.792205415142232   -0.466724564471636   -0.393165055845615
   24   -0.863714036849924   -0.164134778227995    0.476505862633876
   25   -0.764565984097194    0.464670176070096   -0.446677157947970
   26   -0.499153619743017   -0.313186539544295    0.807935551480261
   27   -0.693194113210427    0.299144374403226   -0.655739708019357
   28   -0.783841975653272    0.602878061993527    0.148760880512671
   29   -0.766818998367113    0.329269403643605    0.550972125944173
   30   -0.681005524898608   -0.611235353548860    0.403265195162651
   31   -0.635320882722955    0.771431088783593   -0.035516914763029
   32   -0.876888941387953    0.371050075758957    0.305593890237989
   33   -0.487128741585515   -0.368931244585610   -0.791577744690833
   34   -0.429397869236522    0.899502595722637    0.080700372882491
   35   -0.700335151196609   -0.185447766798134    0.689303853019847
   36   -0.004943847442056    0.989390491540170   -0.145196465598756
   37   -0.641683812510502   -0.692267513493151   -0.330162951470932
   38   -0.472404014052562    0.848075968864540   -0.240003330271681
   39   -0.569905213986651    0.498780877299841    0.653012774385640
   40   -0.637387315710386   -0.130246690714780   -0.759455863977201
   41   -0.567094154263658    0.552436279027147   -0.610916015352869
   42   -0.437944694536320   -0.867165235641473   -0.237126334729732
   43   -0.768022597176489    0.067237890252874    0.636883314540915
   44   -0.706813890542576    0.570477213115561    0.418294003605084
   45   -0.406850846974385   -0.769936765104858   -0.491599192489261
   46   -0.209493861238867    0.904206481024285   -0.372186729716294
   47   -0.493489629101529   -0.542461638416239    0.679855394047885
   48   -0.406706863707139   -0.111257031864220   -0.906758733001379
   49   -0.589714406026856    0.766587886040802    0.254125819821377
   50   -0.701724282222231   -0.346953245137642   -0.622259172233044
   51   -0.412983635372349    0.758663912490515   -0.503858695270036
   52   -0.581334751204338   -0.577612398001500   -0.573074013297713
   53   -0.144509458076477    0.786184965697833   -0.600857900203651
   54   -0.266862253921900   -0.458129625586366    0.847880760243927
   55   -0.561895976340615    0.121975469581956   -0.818165567958276
   56    0.123948053300015    0.987834504614863    0.093914171323850
   57   -0.195682489467272   -0.909884524211035   -0.365812131998310
   58   -0.599499264849929    0.233381855248125    0.765593587411322
   59   -0.165734747682490   -0.764343493918128   -0.623146063708703
   60   -0.149628776060197    0.980668680226672    0.126095872244908
   61   -0.612838711380635   -0.765178861893836    0.197306926244814
   62   -0.146134193230347   -0.083321519537261   -0.985749624372699
   63   -0.326006275853782    0.602828618672940   -0.728229060538525
   64   -0.392776620551682    0.373391107784600    0.840419899202410
   65   -0.348067419680663    0.115796272395999    0.930290435646866
   66   -0.476516643092432    0.724563184971695    0.497935818996377
   67   -0.246537455586555   -0.345869484758451   -0.905314079480614
   68   -0.119856367712318    0.252137269582852    0.960240203493956
   69    0.020466871335189   -0.787827897104365    0.615555287299088
   70   -0.457140788674614    0.373474644763425   -0.807179651037354
   71   -0.311494790542325    0.150033011919273   -0.938328882002160
   72   -0.264963938424768    0.957050259047340   -0.117681404613707
   73   -0.106629947929618   -0.560558624374737   -0.821221092546720
   74   -0.194008340236703    0.389970603994995   -0.900157592834932
   75    0.682408812441130   -0.711019885464222   -0.169614077178549
   76   -0.329716954624687    0.631769500627953    0.701536904167792
   77    0.151985117166118   -0.056349650742267   -0.986775172479135
   78   -0.355006518288946   -0.590947204841063   -0.724397524197105
   79   -0.065345165278570    0.605014216364569   -0.793528706079045
   80    0.106278525808271   -0.711482781971310   -0.694620130654436
   81   -0.323801647939361    0.885628056494469    0.332889528735261
   82   -0.459192903121809   -0.729794618118687    0.506499450234218
   83   -0.240958118035622   -0.685220608280424    0.687322270365610
   84   -0.033409440935843    0.933094237267093    0.358076742661817
   85   -0.028892767587006    0.157026956819971   -0.987171587320574
   86    0.047159781681801   -0.871357037187134   -0.488377793041600
   87    0.017913169946352   -0.297434448836617   -0.954574180976906
   88    0.100109111606179    0.438247503797093    0.893262162631463
   89    0.062991167639289    0.914471068627592   -0.399718372660737
   90   -0.422462862635877   -0.906032489651393    0.025104927595945
   91    0.090084049033846    0.379440064010631   -0.920820341832909
   92   -0.308410817327130   -0.174679288244121    0.935077490914062
   93   -0.060616730612716   -0.309837368309963    0.948855319407854
   94   -0.159314018267644    0.493259951979241    0.855168792319302
   95    0.052346286784334   -0.972769239293080   -0.225787230252409
   96   -0.189057436731976   -0.977224011118311   -0.096387331689249
   97   -0.185314114144863    0.811092638000736    0.554785915177838
   98    0.306625710509402   -0.277138807773682   -0.910590333179738
   99   -0.192614068405785   -0.859720417925805    0.473054567310845
  100    0.147867811976255   -0.122333480906595    0.981412059040763
  101   -0.175552772194023   -0.966195496273285    0.188805421416373
  102    0.153304198405148   -0.501425290870067   -0.851510716566282
  103    0.394234614487858   -0.517544061307044   -0.759425581176603
  104    0.272477132710270   -0.830636870442898    0.485590981805488
  105   -0.395511426800314   -0.869527561915218    0.295791362855911
  106    0.185499963758785   -0.411459036522209    0.892351514096158
  107    0.281279646173362   -0.881409362294193   -0.379472392551464
  108    0.278070858040901    0.178196074584678   -0.943887046690974
  109    0.048695080090298   -0.932415747014314    0.358091697606546
  110    0.127786983490212    0.774793107937620   -0.619165669867796
  111    0.383302568748897    0.922168802618317    0.051805793768618
  112    0.756213863743051   -0.287491895636966   -0.587783125162564
  113    0.229937053838112   -0.660088164220447    0.715131153515443
  114    0.256856680510669    0.948013898252578   -0.187867757736633
  115   -0.021627049137435    0.679231742234959    0.733605146578232
  116    0.053339090829150   -0.996194801753448    0.068926470596782
  117   -0.017701634663896   -0.577361233714726    0.816296917753360
  118    0.118777427364525    0.820127420547378    0.559716836279712
  119    0.246729032362834    0.617738687686832    0.746675095556461
  120    0.513240759184948   -0.794444025017738    0.324719285267867
  121    0.239768311044578    0.914064988034158    0.327102972577360
  122    0.613644252776514    0.789565973605532    0.005128777505662
  123    0.418789726107126   -0.486183391385935    0.766968627290314
  124    0.334023878976013    0.831521901362436   -0.443846117284377
  125    0.553896457566179   -0.284485000151500   -0.782474919076924
  126    0.482992133445416    0.825388923497819    0.292321268464951
  127    0.347935662517473   -0.725546978507370   -0.593735931814265
  128    0.499796418109874    0.834780917439980   -0.230963980574038
  129    0.472545660422969   -0.856153126099970   -0.209051246072988
  130    0.554438730791184   -0.713306605181099   -0.428708969819476
  131    0.675438846797827   -0.043676598050308   -0.736121402364565
  132    0.274637587655837   -0.959100603801940   -0.068558203253420
  133    0.379181297155327   -0.210905337189442    0.900966415929368
  134    0.135390900419544    0.162990876292812    0.977293854646025
  135    0.387678342273798    0.401455556266359   -0.829782465032076
  136    0.586497628287052    0.670849918372563   -0.453851208033192
  137    0.438767292235800   -0.041796973588759   -0.897628139188431
  138    0.510551888074366   -0.857597521343953    0.062155136299486
  139    0.380229867052652    0.749395367626177    0.542062571278953
  140    0.198813578626140    0.582147432168716   -0.788401882400872
  141    0.588168441579645   -0.284383894041681    0.757088954574997
  142    0.408023903981805    0.647869000550803   -0.643259086142396
  143    0.552728234006701    0.193201008489807   -0.810657060445633
  144    0.482271239416076   -0.670257100007195    0.564065485136280
  145    0.288477794890695   -0.931860271234441    0.220038625586229
  146    0.761198440130223   -0.522483581585490   -0.384171630546704
  147    0.721236788147250    0.655284249724097   -0.224544088068615
  148    0.767463897134733    0.457170725642288   -0.449437530932245
  149    0.601279365803606    0.447440658404838   -0.662012070482902
  150    0.848538462995245   -0.036088728176806   -0.527901582225559
  151    0.664324009311253   -0.469285278677503    0.581760206501958
  152    0.752742992113123    0.215629161653908   -0.621998434458653
  153    0.715756363510429   -0.690826755580260    0.102231217682164
  154    0.378389384603437    0.069306004609414    0.923048293072747
  155    0.605471874374952   -0.514261032957784   -0.607403818988714
  156    0.817806629856382    0.574968520091760    0.024566584346177
  157    0.895992604624044    0.214242739067417   -0.388969537645189
  158    0.600574924256524   -0.020754828544159    0.799299066336483
  159    0.693169268313996    0.681168677222076    0.235638703604835
  160    0.846534173025453   -0.518564196813283   -0.120295750895479
  161    0.343683364947221    0.346072297931848    0.872992387860699
  162    0.709548672297703   -0.607315843133484    0.357362768513500
  163    0.490216104473927    0.513598005966748    0.704205409792759
  164    0.958002466262353   -0.038903388867100   -0.284108783690165
  165    0.612968428242958    0.622170890811896    0.487004197726970
  166    0.576223910077006    0.249564308300036    0.778256809464775
  167    0.716887963619454    0.382654628544575    0.582792486971963
  168    0.775355529795232   -0.178117937432211    0.605885965162464
  169    0.818371583904412    0.470652302834774    0.329779260254656
  170    0.869927511265961   -0.469211170897911    0.151878248104271
  171    0.773555522306227    0.103680373758282    0.625189758398907
  172    0.843115318874102   -0.354289608021802    0.404518766842256
  173    0.883156140161215    0.228329387636202    0.409757151050744
  174    0.957416503534774   -0.211326026090116    0.196710318631756
  175    0.908521781046896   -0.055609515428161    0.414120459718209
  176    0.890262104853995   -0.290902448746304   -0.350441364530985
  177    0.953047566307725   -0.291276263059715   -0.082815909901960
  178    0.930165538873472    0.349962472105583    0.110988010208187
  179    0.975727476010312    0.099831545383752    0.194909094464157
  180    0.879725896424012    0.431599042095248   -0.199510937102288
  181    0.972758767253531    0.201806119129073   -0.114081861018539
  182    0.998841063679652   -0.044281942687496   -0.018858394924344
   
 U =    15206.9936275108     


 http://math-lab.ru/  - см. Задача Томсона
