    240
    1   -0.097258456318031    0.005276890607761    0.995245169342784
    2   -0.998129923825065    0.046667120991489   -0.039482084333722
    3   -0.912594840337722   -0.044612674128760    0.406423875647149
    4   -0.982458336500384   -0.185350716003173    0.020511682476300
    5   -0.842564359598612    0.210336717557294   -0.495826345791955
    6   -0.829470915957080   -0.458713254835280    0.318685031684493
    7   -0.937127351647722   -0.237506282129838    0.255701178610090
    8   -0.968753882202243   -0.110346793293836   -0.222124966916934
    9   -0.981566165639886    0.000977858265795    0.191120135684924
   10   -0.959414087197403    0.234488317253927    0.156651965702941
   11   -0.895637436056408   -0.021475946611207   -0.444266099147185
   12   -0.926790864045992   -0.341053759166936   -0.157292808732583
   13   -0.953024656753959    0.130496500628816   -0.273339837825794
   14   -0.523005835911628   -0.161738364013342    0.836842635869293
   15   -0.869180167393767    0.479077430979264   -0.122517964950660
   16   -0.754491183464497    0.589313611413041   -0.288881500753617
   17   -0.878616279537726    0.355608887880377   -0.318709510670399
   18   -0.828852813778107   -0.551632036789541   -0.093301174052296
   19   -0.754198640379578    0.057701564430724   -0.654106214854929
   20   -0.695459163807513   -0.464419460387101    0.548316620475714
   21   -0.959119460016878    0.272337274714870   -0.076956287708085
   22   -0.908928263621963   -0.407923346990455    0.086301532832672
   23   -0.882645494709315   -0.267741704535640   -0.386330571300924
   24   -0.834012255432331   -0.285131899993572    0.472359351971285
   25   -0.743402049111003    0.454208794265008   -0.490966154220317
   26   -0.524862258330417   -0.434492324768549    0.731939908392429
   27   -0.688034110318891    0.295504966423231   -0.662786449663009
   28   -0.848231976013773    0.414574880425460    0.329590933412898
   29   -0.800256163072979    0.138101349093406    0.583539279605319
   30   -0.673307270547617   -0.633258817929080    0.381628862827200
   31   -0.882977891333278    0.457078720873133    0.106906905023102
   32   -0.905314531685652    0.190694426411683    0.379527646495361
   33   -0.642570906184879   -0.311347235755115   -0.700118225239418
   34   -0.748611347683352    0.626729181395897    0.216313622563497
   35   -0.674045978178055   -0.265838707155725    0.689196489456934
   36   -0.451187167121922    0.888513224656843   -0.083512812396619
   37   -0.807503002033846   -0.496098017601685   -0.319101329733997
   38   -0.756464572623826    0.653593463683684   -0.024019462837808
   39   -0.632935548034384    0.249368093635972    0.732944845067331
   40   -0.616771146298528   -0.097125096663171   -0.781127434348436
   41   -0.567610389884220    0.523085150787319   -0.635767544249698
   42   -0.671831515645647   -0.684246461337975   -0.283635672530328
   43   -0.795292738938360   -0.094165123524322    0.598867588790353
   44   -0.758411062615562    0.360437105743239    0.543044890322863
   45   -0.612773625853939   -0.614724160961657   -0.496611205459365
   46   -0.620437678702263    0.761166908004902   -0.188896863406475
   47   -0.520086551890630   -0.632810444064843    0.573638318476870
   48   -0.416098487689752   -0.082904542994592   -0.905532376722754
   49   -0.693137518618271    0.568186835693988    0.443535906131351
   50   -0.790102671074068   -0.170123899162018   -0.588893562620220
   51   -0.600882260308667    0.667638034657208   -0.439545178480447
   52   -0.741449794894179   -0.419433727165266   -0.523762875896749
   53   -0.411085514918582    0.710663879202203   -0.570933928069966
   54   -0.347105518614723   -0.583587316422485    0.734127783875537
   55   -0.570811726190002    0.128310712550963   -0.810993424318998
   56   -0.249474612504208    0.968157637440920    0.020813620076553
   57   -0.454744852591235   -0.778272504903513   -0.433011578543794
   58   -0.657980949723038    0.010333689321031    0.752963667560783
   59   -0.376785489587104   -0.678077988078474   -0.631064922904177
   60   -0.417140469333600    0.891571875623385    0.176333262436624
   61   -0.779709965154613   -0.609322304607486    0.144148185373292
   62   -0.134025690299194    0.153421712720841   -0.979029566665700
   63   -0.354837955018334    0.559495868231675   -0.749035646087748
   64   -0.477756792727689    0.097028361063095    0.873117371349329
   65   -0.324295638485445   -0.077002273859644    0.942816519095716
   66   -0.580928670580093    0.472727998609310    0.662608571502725
   67   -0.453866447863288   -0.308608271317856   -0.835922354275902
   68   -0.265702511513093    0.168854480055820    0.949152432405203
   69   -0.227438076042623   -0.901817596886338    0.367419302040844
   70   -0.497013443818752    0.352617599274959   -0.792867243203419
   71   -0.363174542900665    0.144489053780750   -0.920449436268194
   72   -0.604562477459999    0.792784839447224    0.077436484876754
   73   -0.308807265296272   -0.507079882421777   -0.804678858765007
   74   -0.287754595519365    0.366476093085119   -0.884812164221624
   75    0.456818322903784   -0.873380258961211    0.168890328663963
   76   -0.434799669616590    0.333173126321015    0.836627106421245
   77    0.050185923655576   -0.006440983597465   -0.998719123075719
   78   -0.522831866117348   -0.507399824996736   -0.684976099849865
   79   -0.122398821858900    0.562611074457160   -0.817610730913993
   80   -0.154811594724005   -0.675109224422592   -0.721291137640369
   81   -0.573692470728719    0.754029984223138    0.319868304027819
   82   -0.472737206561537   -0.790835934960428    0.388713335901484
   83   -0.312979076789511   -0.770750950105905    0.554965828139742
   84   -0.366550427866042    0.836672321598224    0.406964630038851
   85   -0.063259125001612    0.366677305847756   -0.928195042262272
   86   -0.225315822219227   -0.825923318806222   -0.516801172318513
   87   -0.192418663257559   -0.069222620291201   -0.978868370553567
   88   -0.028095529483869    0.243760052735051    0.969428531617275
   89   -0.449108960190995    0.826423484650227   -0.339595886156973
   90   -0.684347298933647   -0.727372321271366   -0.050973333131420
   91    0.128123667748849    0.478978976207475   -0.868425855277134
   92   -0.368228705219423   -0.327290814434745    0.870223157264313
   93   -0.188672595437750   -0.470158314256615    0.862179686182736
   94   -0.208976912846380    0.392106140243109    0.895869089030785
   95   -0.286418909108857   -0.911945390684101   -0.293802336469462
   96   -0.501599457633260   -0.837569483224587   -0.216507147394531
   97   -0.507932688705241    0.668300682651908    0.543487425164244
   98   -0.011734682143595   -0.243300539255431   -0.969879964136287
   99   -0.378802306769008   -0.904404424992136    0.196370691400529
  100   -0.154737170167562   -0.240062328749697    0.958345703013170
  101   -0.505018704131532   -0.863048663496630    0.010154452914273
  102   -0.242307767889989   -0.293615488280998   -0.924703677218644
  103   -0.083918779399520   -0.470543675608963   -0.878377076094602
  104    0.006484754400171   -0.952793231173824    0.303550665605782
  105   -0.609918842503978   -0.767703560810230    0.196545791809189
  106    0.009293914268861   -0.582478944112734    0.812792656723028
  107   -0.063763068794851   -0.930285809973397   -0.361251412204858
  108    0.118237848368809    0.228143637389618   -0.966421384247963
  109   -0.158966482498425   -0.978810895850847    0.129069313183808
  110   -0.180327290622229    0.726377331119333   -0.663217943886323
  111   -0.060276051631681    0.991931144101854   -0.111532071443516
  112    0.213146270080620   -0.737570104408981   -0.640748787461079
  113   -0.061683724963291   -0.850871343197831    0.521740429140172
  114   -0.265604621005970    0.935956945889838   -0.231168295276065
  115   -0.374976827991240    0.545514208577134    0.749537608602858
  116   -0.303171355692081   -0.951043700138652   -0.060025074047495
  117   -0.145681198234531   -0.702356884115092    0.696758061178406
  118   -0.300392547458450    0.728670590488984    0.615470135740036
  119   -0.145205412069836    0.589257124358233    0.794790179669261
  120    0.237394811009486   -0.942062715934271    0.236984267309698
  121   -0.190930714980210    0.948934593345247    0.251134624514095
  122    0.197046896277321    0.980198923265754   -0.019559946220069
  123    0.104081696968698   -0.744081911658859    0.659931139663991
  124   -0.244967219420681    0.848451251727325   -0.469171114681665
  125    0.151027565783513   -0.406883423463802   -0.900908737932918
  126    0.001592194819914    0.993018425937588    0.117948593311198
  127   -0.003440337100595   -0.807635028932524   -0.589672641490001
  128   -0.057415983781939    0.929781413446309   -0.363606831641178
  129    0.140100976831701   -0.970958711222328   -0.193935291765784
  130    0.151864264671240   -0.893608754427417   -0.422374998226153
  131    0.298790919696976   -0.548505321702686   -0.780939113100674
  132   -0.085272013194426   -0.988148198359954   -0.127639421197945
  133    0.042342409509297   -0.382163312915430    0.923124218411829
  134    0.142429051510179    0.074828845834649    0.986972445976566
  135    0.319498180632226    0.333586819332749   -0.886927700852870
  136    0.011510824363128    0.825318310642668   -0.564550429138454
  137    0.220822544418114   -0.171740220934229   -0.960074320243059
  138    0.286485905857448   -0.958072394881888   -0.004807484822834
  139   -0.135169523006685    0.876386498783349    0.462250911086618
  140    0.072505664353644    0.673800338575236   -0.735347558894795
  141    0.269691805364238   -0.351438537515421    0.896525116473822
  142    0.266215574899542    0.744400168736059   -0.612370522205824
  143    0.286528861845740    0.073196055681717   -0.955271452919024
  144    0.176888044885617   -0.868638453695901    0.462793535323623
  145    0.066074845233662   -0.995973213291632    0.060592682997940
  146    0.364042980479886   -0.896018733377296   -0.254210813696559
  147    0.133376953477634    0.962183306991466   -0.237516045832679
  148    0.486086308983461    0.634914622073089   -0.600502725136715
  149    0.312160806849893    0.567425281598863   -0.761960747328414
  150    0.382294666876894   -0.322928895690279   -0.865775788530576
  151    0.233719838034247   -0.562005124744649    0.793426289626199
  152    0.484447236580755    0.171551042792092   -0.857835132578641
  153    0.400773126435899   -0.825346596293525    0.397723392715953
  154    0.076890309986364   -0.160153537910399    0.984092843447702
  155    0.066006704169514   -0.621499176596969   -0.780629161954617
  156    0.425310320772231    0.905026514953545    0.006175619455824
  157    0.442569842078105   -0.087124215281056   -0.892491627968925
  158    0.301001084235959   -0.122081543055377    0.945777164100506
  159    0.062520595195034    0.938793719755328    0.338758803464079
  160    0.490864675964263   -0.868348163773520   -0.070875499022272
  161    0.212444201968751    0.306099964110209    0.927992603969228
  162    0.329255025705265   -0.719682144275384    0.611268140228992
  163    0.039666327795703    0.462730899296894    0.885610917545110
  164    0.448602803106893   -0.651006386940373   -0.612328514122508
  165   -0.076383457484802    0.756079029951616    0.650007744484703
  166    0.368420229467060    0.119670108315749    0.921924942549629
  167    0.106113936992599    0.655755333787678    0.747478945914158
  168    0.480284892788322   -0.313616415978098    0.819128296049137
  169    0.116130610252907    0.830468373292516    0.544826543335738
  170    0.610868578684983   -0.731315617936216    0.303343116846186
  171    0.505791709138725   -0.080220664523988    0.858917569938965
  172    0.442784985752892   -0.526980945078487    0.725418872042902
  173    0.278551333715388    0.522032977984405    0.806158002120002
  174    0.684068065117425   -0.017632532901111    0.729205030200693
  175    0.309974928221570    0.715326991344172    0.626276966947154
  176    0.356761760949482   -0.808692491403832   -0.467693810383768
  177    0.538918832843380   -0.660760024080211    0.522458306646807
  178    0.256804546442703    0.945781525455484    0.198868627574725
  179    0.305995840332109    0.858128634545395    0.412288481857912
  180    0.436529789609540    0.793516785223847   -0.423996290492573
  181    0.498202904880722    0.427479288552652   -0.754357556750728
  182    0.553004736752080   -0.743973995478521   -0.375084597366365
  183    0.206534816953982    0.876005617511809   -0.435841172301951
  184    0.601274076846412   -0.221702294855408   -0.767670226704372
  185    0.359652864896811    0.905995686216962   -0.223207601411269
  186    0.644548423706246   -0.564895156658094   -0.515219168395374
  187    0.650506180032715    0.262345745498481   -0.712752705752908
  188    0.647222015057449   -0.742226774817859   -0.173790327603276
  189    0.633156834279235    0.002885129778484   -0.774018151745590
  190    0.634324437398438    0.662718807084963   -0.398040564333636
  191    0.669093539681450   -0.246856071445989    0.700982107579645
  192    0.564253257053615    0.800957879144315   -0.200211732276177
  193    0.478308854028467    0.845901898041198    0.235946220669611
  194    0.661571173935575    0.482189183249364   -0.574297112455579
  195    0.754432812783385   -0.578049910902155   -0.310949242645420
  196    0.497662840525768    0.732258521843337    0.464896928735429
  197    0.792719791357269    0.489442281322333   -0.363375268344558
  198    0.517275833563574   -0.455192251181924   -0.724724586636222
  199    0.702487567486296   -0.357814921789520   -0.615207037729533
  200    0.431134398265838    0.356509958331462    0.828868976523101
  201    0.657831948915771    0.701906599189976    0.273101177220534
  202    0.797717987033359   -0.148437864915119   -0.584476016122891
  203    0.777392689191652    0.079035231792860   -0.624030479164937
  204    0.633472086589226   -0.462519976774659    0.620313135921416
  205    0.799942531449510    0.296022906049952   -0.521979296018426
  206    0.622247211500417    0.782038809554297    0.034981539858236
  207    0.739035178686586    0.651582926296186   -0.171075114563705
  208    0.875485279540745    0.461976932055121   -0.141784482777213
  209    0.480941102938087    0.566512067913256    0.669148512972526
  210    0.781942529536827    0.620097856086386    0.063596614521661
  211    0.915999214551788   -0.174115436347039   -0.361426692105311
  212    0.624058407890485    0.384955298625355    0.679970971146164
  213    0.568502070683790    0.172145331122935    0.804469626897634
  214    0.797300472959844   -0.331586810297166    0.504343278982639
  215    0.656979441798319    0.568916636267464    0.494683610030171
  216    0.654484800438990   -0.752742997483850    0.070905752470184
  217    0.753601929668016    0.181259702428420    0.631845750065792
  218    0.730332124043764   -0.547662891991799    0.408265042986665
  219    0.783810059378983    0.371246424296739    0.497813100734805
  220    0.801389564407525    0.520259851160758    0.295134635935708
  221    0.965017998568901    0.240594321592002   -0.104185578924139
  222    0.901278404133205    0.297512124556069    0.314934555082859
  223    0.823180531077320   -0.373698234846973   -0.427461626964946
  224    0.884403543000696    0.108744349165616    0.453877780522865
  225    0.900922765720319    0.424600836377634    0.089734608453291
  226    0.788719602397484   -0.588870991948028    0.176500265257876
  227    0.801916537341384   -0.593713388498774   -0.066590385610150
  228    0.877047556756730   -0.392986074367646    0.276314184471512
  229    0.891294019693130   -0.403905437524290   -0.206047004340207
  230    0.970937089133836   -0.204943167722755   -0.123610140959699
  231    0.971854949244735    0.203105691906706    0.119356757427517
  232    0.822736413452810   -0.089923025621296    0.561265216668482
  233    0.907437969018492    0.271223859040341   -0.320926706072990
  234    0.897673197073177    0.054056731298596   -0.437333626717330
  235    0.966526899712278    0.018832337223304    0.255873201424612
  236    0.911735683823584   -0.409312380727559    0.034661474663946
  237    0.914640371678488   -0.173112141354727    0.365328861454193
  238    0.970175368320096   -0.204861140547057    0.129582667817591
  239    0.974220333331869    0.027771294758732   -0.223882775822896
  240    0.999976900696949   -0.003700384734563    0.005701335399778
   
 U =    26747.7870093402     


 http://math-lab.ru/  - см. Задача Томсона
