     55
    1   -0.298743562879383    0.012148155943020    0.954256100816398
    2   -0.975755531890083   -0.150148289443760   -0.159237662514290
    3   -0.645172709629994    0.364103425664292    0.671699985237620
    4   -0.884874756208920   -0.363265642497375    0.291607165215764
    5   -0.478707590800873   -0.056728009904461   -0.876139814984974
    6   -0.674104167835741   -0.157902851178590    0.721560988757121
    7   -0.923548567810010    0.117693681272383    0.364974300855053
    8   -0.726741551599552   -0.371949862444588   -0.577494603443294
    9   -0.729103877772737    0.634249311703966    0.257167933498332
   10   -0.329746541264419    0.800038526061072    0.501204125424144
   11   -0.299852515854587   -0.517551361979610   -0.801391949328620
   12   -0.793257228536459   -0.594074182896493   -0.133487207591291
   13   -0.947740984074811    0.312117989360982   -0.066101345085911
   14    0.143733006088413   -0.209679370911995    0.967148067451276
   15   -0.318643374519370    0.823120464502820   -0.470041594746222
   16   -0.131604108528691    0.295797513536701   -0.946141738643779
   17   -0.713209409327656    0.645048555245142   -0.274307673648863
   18   -0.446865699163193   -0.803514720646650   -0.393287605468983
   19   -0.829548436912682    0.136457171367847   -0.541506076787706
   20   -0.227469365950361   -0.491984836878866    0.840362188485070
   21   -0.374166916223397    0.927205527393919    0.017000846274186
   22   -0.566748484461574   -0.619508422693741    0.543144059685846
   23    0.001530739398357   -0.858103410739560   -0.513474627721787
   24   -0.220281840077669    0.473029440182548    0.853064510838765
   25   -0.524597097723541    0.454445744960000   -0.719914543503456
   26   -0.105165775934727   -0.862903633159751    0.494305046961639
   27    0.041644726163814   -0.143000976854430   -0.988846012987573
   28    0.074370837502804    0.968682257232566    0.236904333121943
   29    0.219097669520253    0.261895249223780    0.939897382507691
   30   -0.504103206582056   -0.852478282306385    0.138422307846833
   31    0.095998549835987    0.955799378821567   -0.277906145800509
   32    0.163458580375986    0.712313360407307    0.682562062443202
   33    0.346332367555635   -0.918673203146427   -0.189982728172831
   34    0.501026288826857    0.862790746803776   -0.067563193635068
   35    0.277851441043884   -0.621567323645075    0.732429272275853
   36    0.050989208628987    0.677738463117441   -0.733533009628468
   37   -0.084315683693055   -0.996434296280810   -0.003091711296436
   38    0.487281017055886    0.664643897908986   -0.566397121628748
   39    0.614292240528065    0.363675972554430    0.700274824774959
   40    0.205501421249478   -0.549713156921611   -0.809681796122231
   41    0.370958927316663    0.273195500678139   -0.887554895571700
   42    0.360397616700993   -0.879996500018393    0.309386033672533
   43    0.583347959838135   -0.151451703635668    0.797977154571821
   44    0.527489978494392    0.754619829031455    0.390260472275278
   45    0.725603831041886   -0.687794403091957   -0.020927002955928
   46    0.862152683138137    0.441411319829609    0.248694185062686
   47    0.697868475627644   -0.526845524303206    0.485194171695032
   48    0.549897133870508   -0.187791325056390   -0.813847381512385
   49    0.888918233225195    0.001369723302018    0.458063858537075
   50    0.576524154137330   -0.633380767521104   -0.516186693968967
   51    0.776209937429546    0.201978153486392   -0.597246145696937
   52    0.869586506267176   -0.274309045741063   -0.410577465946044
   53    0.808573537953889    0.541449245938813   -0.230307507027064
   54    0.946178197255402   -0.306777256076993    0.103123877896388
   55    0.987267637526110    0.110533762845918   -0.114389244095478
   
 U =    1287.77702754355     


 http://math-lab.ru/  - см. Задача Томсона
