    177
    1   -0.089092374569727    0.010552212971301    0.995967469144919
    2   -0.997074582103778   -0.070792925711876   -0.028820815250947
    3   -0.917808344636355    0.157621018070654    0.364394644826519
    4   -0.939367815027577   -0.332040099898342    0.085659092627785
    5   -0.876726607282160    0.158260701860374   -0.454207008235425
    6   -0.865299631885812   -0.350209597125940    0.358622064490132
    7   -0.965711294896409   -0.093363010457197    0.242249960140082
    8   -0.932358116876428   -0.303547596449632   -0.196385331896996
    9   -0.977917184900882    0.181413677853713    0.103764430144069
   10   -0.900540391911378    0.434333161517333   -0.019537332020021
   11   -0.851617371141142   -0.227648087889895   -0.472148494915239
   12   -0.835681204181478   -0.541859960926727   -0.089580732985839
   13   -0.951569574902362   -0.047737213321580   -0.303704630495532
   14   -0.480851084466344    0.082126793577409    0.872947549595183
   15   -0.751963150636140    0.634591662012618   -0.178451233084654
   16   -0.658193671201489    0.606824569673049   -0.445583923443637
   17   -0.859550111761404    0.414606882481741   -0.298788785548806
   18   -0.673284554248721   -0.739339540732880   -0.008059312563421
   19   -0.777191924734511   -0.020702916708310   -0.628922969343015
   20   -0.716374505361763   -0.320256156508256    0.619873827715164
   21   -0.966257769567907    0.193878173210249   -0.169579411198150
   22   -0.802901329901513   -0.564539323594171    0.191428332694557
   23   -0.791226922312103   -0.495188240211396   -0.358815501567111
   24   -0.859267241397938   -0.114015122854701    0.498658560159960
   25   -0.749257736625156    0.375198879028755   -0.545745953061417
   26   -0.513235082604878   -0.255466555246751    0.819345219754117
   27   -0.658497428895176    0.205053974342481   -0.724109110386547
   28   -0.760171131369789    0.639221261866393    0.116344442969621
   29   -0.766481936067299    0.384152537433305    0.514715717329555
   30   -0.692665591008335   -0.547778786964735    0.469204411301213
   31   -0.593343566432796    0.803871152050672   -0.041648326179273
   32   -0.872180002092030    0.416544733694197    0.256500543434859
   33   -0.467548788502322   -0.451944445740128   -0.759700170024108
   34   -0.385411555423100    0.917437365870574    0.098826173915660
   35   -0.671536637744018   -0.059965055934590    0.738540950952769
   36   -0.075871921032783    0.978622363405232   -0.191158890564768
   37   -0.642919157451108   -0.711493942376115   -0.283604173002534
   38   -0.519920038386207    0.793281272472014   -0.316840616761278
   39   -0.550466183736868    0.543536468365017    0.633683744559897
   40   -0.623879123023110   -0.201190970730500   -0.755180132916931
   41   -0.537409939990205    0.482587377040915   -0.691592350970204
   42   -0.446753707823244   -0.874835401189189   -0.187280926344177
   43   -0.789105416095825    0.129250448642546    0.600505590160438
   44   -0.687621646340713    0.609682935002345    0.394288207090466
   45   -0.383566867419754   -0.807428173909948   -0.448259079321594
   46   -0.251044104222288    0.872292327333335   -0.419622393838345
   47   -0.505889789262168   -0.503137998736159    0.700662311922121
   48   -0.375794177674797   -0.219014878972561   -0.900450564336742
   49   -0.554067063683238    0.791108739908968    0.259146002440862
   50   -0.693507599293372   -0.401979140102592   -0.597879570352361
   51   -0.414975037322728    0.704887444225054   -0.575264642901745
   52   -0.562646103113393   -0.628421195353498   -0.537137006621024
   53   -0.140103266413737    0.749043977270916   -0.647537021995167
   54   -0.277832133767526   -0.400203085722909    0.873296510713312
   55   -0.516589118030576    0.023261302089526   -0.855917399611371
   56    0.135663868345351    0.989091663201247    0.057384637416000
   57   -0.187740701678771   -0.936007771162954   -0.297729543807333
   58   -0.611040506829776    0.277989686896328    0.741182321019931
   59   -0.109735013669952   -0.828946665477248   -0.548457521207438
   60   -0.128121450037552    0.988293566105203    0.082829470814057
   61   -0.609488414808527   -0.739952314652278    0.284595228798595
   62   -0.117148564889670   -0.186297959999087   -0.975484127930572
   63   -0.283867223258890    0.546876102844279   -0.787620421076765
   64   -0.392466205590242    0.412642656351533    0.822007491224227
   65   -0.254995528366399    0.215543512991812    0.942612473140627
   66   -0.425246986272522    0.750912247787213    0.505268044496475
   67   -0.210007364364762   -0.451138587403447   -0.867393152998217
   68    0.040571787816886    0.246601190482745    0.968267412900917
   69    0.026858247016416   -0.725602207355451    0.687590045919880
   70   -0.417748493132807    0.293050689354428   -0.860004354613489
   71   -0.267179514081447    0.058784655868534   -0.961852104790347
   72   -0.338459150785081    0.926809281231580   -0.162695911051397
   73   -0.039657082941478   -0.651247574383196   -0.757828418992436
   74   -0.156645789559081    0.330739864415069   -0.930630559728249
   75    0.758961987101766   -0.640559177954282   -0.116878747739153
   76   -0.273473603834585    0.645706721097096    0.712934091158335
   77    0.153990097927118   -0.142051932585360   -0.977807904544221
   78   -0.307522736600703   -0.664308550942803   -0.681266405760543
   79   -0.007371291129639    0.564062054794018   -0.825699498854536
   80    0.170295461210884   -0.786877020070216   -0.593147545874034
   81   -0.264568447770448    0.902154139062277    0.340765969276772
   82   -0.463635917998335   -0.709896522070513    0.530177954553026
   83   -0.250704036199503   -0.631848254617501    0.733427071609779
   84    0.015955709336108    0.944994992808590    0.326695391620810
   85    0.000451792486011    0.093290645470510   -0.995638815711423
   86    0.097526340276169   -0.924690077696975   -0.368017490292375
   87    0.057195379002803   -0.409196752816744   -0.910651802888985
   88    0.161011396690712    0.470250436580015    0.867721070985378
   89    0.024810787421123    0.894434801305470   -0.446509586729319
   90   -0.465586868155523   -0.880756921204842    0.086580101356488
   91    0.121056442644067    0.340888160962314   -0.932277104411609
   92   -0.314518861169107   -0.120113590657306    0.941621267446895
   93   -0.049103105942208   -0.261231503099962    0.964026445059970
   94   -0.121231664241551    0.467482187062166    0.875650208910383
   95    0.010485864248885   -0.993713495552871   -0.111460914257188
   96   -0.232848794686476   -0.972492893078807   -0.006245936620575
   97   -0.122691413977291    0.822117128227014    0.555940864132166
   98    0.330835072707672   -0.317041281780668   -0.888837994413707
   99   -0.201347787308554   -0.817719457630793    0.539253147564250
  100    0.170830657050221   -0.052604930786157    0.983895120360282
  101   -0.113623885566964   -0.965092700930458    0.235978158394839
  102    0.226452758828146   -0.586270970470888   -0.777820993032616
  103    0.473987295340452   -0.477955039739488   -0.739523511352727
  104    0.282404594624121   -0.764779180149476    0.579103143269902
  105   -0.351347468630355   -0.878022120767133    0.325010940939882
  106    0.216192231073007   -0.332973982492738    0.917817654115784
  107    0.373289260012579   -0.850522183147581   -0.370495808792938
  108    0.287972376608014    0.090766404778160   -0.953327525079592
  109    0.037618286132443   -0.892111160112764    0.450247201602314
  110    0.141514875004340    0.742039716437039   -0.655248502007097
  111    0.398386446105463    0.916580624709495    0.034178911138453
  112    0.823744142844298   -0.241108117638339   -0.513139808179612
  113    0.262269527869566   -0.570774431274866    0.778094623650574
  114    0.188925507169829    0.958499041381182   -0.213510515928319
  115    0.021908920915157    0.675439952145213    0.737089458770376
  116    0.131057965255305   -0.983428432973907    0.125269018362979
  117   -0.009670378558119   -0.514760347743658    0.857279574100171
  118    0.166962391030353    0.827856747860167    0.535515419949618
  119    0.308858441829052    0.650907498949229    0.693488205179144
  120    0.506703517793273   -0.774461945608986    0.378761455086796
  121    0.292949248060203    0.910948199195655    0.290437801333015
  122    0.641492586818759    0.764062894408099   -0.068521197050952
  123    0.473400768963895   -0.380213157664939    0.794562563101767
  124    0.305969162271877    0.834173188443983   -0.458844160276498
  125    0.630501410602882   -0.256431763860156   -0.732605433853275
  126    0.571334780162784    0.794356601887367    0.206335062493747
  127    0.436151879524393   -0.690638402145745   -0.576879654233802
  128    0.441266990769849    0.868476524893029   -0.225902564320659
  129    0.546291713774052   -0.826359255504351   -0.136732382061105
  130    0.625772071594748   -0.689228469819795   -0.365203273262826
  131    0.745289528239053   -0.022181248699470   -0.666371901646027
  132    0.282985379324825   -0.950019487655690   -0.131841754246541
  133    0.415386703753034   -0.125768529035775    0.900908521132621
  134    0.303962960472098    0.183930205119628    0.934759968283671
  135    0.388273095846862    0.320550024464328   -0.863997502807394
  136    0.599135060156702    0.711459158244853   -0.367237043121401
  137    0.476796487978384   -0.086584246254431   -0.874738976696495
  138    0.419288533310439   -0.901808923839370    0.104583893205682
  139    0.447947255492062    0.766975064646233    0.459448045493760
  140    0.281090262840508    0.552701057317949   -0.784544329771030
  141    0.651152243849052   -0.146408529612238    0.744691411114112
  142    0.456502412551436    0.657603219671574   -0.599302555319347
  143    0.585122861556050    0.149805378393016   -0.796987820163511
  144    0.506988024071270   -0.603065536923186    0.615853149398344
  145    0.274041742851628   -0.901067969365930    0.336121462804151
  146    0.820728395456038   -0.462378958060968   -0.335575028919928
  147    0.794879709186500    0.570507604925931   -0.206609101070747
  148    0.718751578088634    0.503324670920345   -0.479646166082898
  149    0.571673401388237    0.430930593122862   -0.698203656575918
  150    0.898117824426403    0.045546323604524   -0.437389878545100
  151    0.688496836498634   -0.388203494083760    0.612592975239296
  152    0.768021473842527    0.248281956127748   -0.590338111575164
  153    0.645790252612389   -0.752084975916498    0.131617394866741
  154    0.542807933904674    0.105090461458573    0.833255988157639
  155    0.671983162550017   -0.488719146608327   -0.556410123009732
  156    0.923740993811577    0.379137653421287   -0.054380291560456
  157    0.882942257621137    0.325896069499400   -0.337941890850679
  158    0.766297005963827    0.098564722827372    0.634881007799759
  159    0.791614277529537    0.604745488636237    0.087348323312521
  160    0.914277704293860   -0.392488479762806   -0.100245063143435
  161    0.413143661108397    0.408745585908993    0.813780904965129
  162    0.700282895280732   -0.593690043433576    0.396403833110975
  163    0.562869161444865    0.568704748826528    0.599794311207192
  164    0.976129090705664    0.122321277500062   -0.179470062542161
  165    0.702975537164053    0.615823152457639    0.355791004728967
  166    0.635692068496598    0.323306387381163    0.700976871179826
  167    0.781977160438321    0.389639736231472    0.486510633493543
  168    0.838739566639111   -0.134421927066720    0.527680476119503
  169    0.888550419834923    0.396524945548697    0.230751205779699
  170    0.823063357706577   -0.549656376230393    0.142984535073020
  171    0.902302671044497    0.159550303711791    0.400491685820620
  172    0.847217199231782   -0.363810083399488    0.387124321817568
  173    0.980919031056637    0.158167941845377    0.113052008753963
  174    0.942158182652306   -0.301322581580656    0.146774182644197
  175    0.956561193220624   -0.071517852786078    0.282623212700594
  176    0.944935861020861   -0.175807910426719   -0.276021370890290
  177    0.995466853443446   -0.093322468188171   -0.018348314000835
   
 U =    14364.8749344366     


 http://math-lab.ru/  - см. Задача Томсона
