    183
    1   -0.102884349645074   -0.016563395137859    0.994555410492355
    2   -0.994588201283302   -0.102497282643960   -0.016988729165268
    3   -0.896643078576675    0.104995862603307    0.430124468586396
    4   -0.932378148647141   -0.356128387054523    0.061996450376402
    5   -0.865443229097320    0.178078410912659   -0.468290611454497
    6   -0.856187807961438   -0.396859452751652    0.330824745537341
    7   -0.959379797640559   -0.135697699584413    0.247338913652214
    8   -0.935154633099025   -0.278468839570432   -0.218954144929308
    9   -0.973326416521796    0.136587495404205    0.184335408969753
   10   -0.917624768028638    0.395368232520737    0.040604751123694
   11   -0.868780246019658   -0.154813390298830   -0.470376124298636
   12   -0.836471508653228   -0.530423217548876   -0.137719372262910
   13   -0.958098288336996    0.003687604086657   -0.286415906439950
   14   -0.538078957606022   -0.033916708308511    0.842211785882347
   15   -0.809210632573562    0.567145772524926   -0.153374785532041
   16   -0.653141105692107    0.670515374622852   -0.351874734031400
   17   -0.908086869285563    0.335110117913403   -0.251156219718346
   18   -0.664691284926033   -0.744138338577135   -0.066660549075445
   19   -0.760380864442150    0.021414977168393   -0.649124286822705
   20   -0.703981240128313   -0.422651894090860    0.570767719802733
   21   -0.984319494053799    0.159228267210941   -0.075904496221725
   22   -0.799690251803461   -0.585032147413409    0.135029210407870
   23   -0.805612380712705   -0.435313835268069   -0.401858876804548
   24   -0.856735475662418   -0.169632307281150    0.487061808262529
   25   -0.772357857473586    0.451444098209247   -0.446835054791867
   26   -0.491416829567529   -0.324350377330291    0.808273674162097
   27   -0.687753936779620    0.297363963984322   -0.662245570289198
   28   -0.786663975140639    0.599218815810333    0.148649254941925
   29   -0.762211442698816    0.327080763798095    0.558616049332853
   30   -0.678672415677056   -0.615002148784934    0.401467444743635
   31   -0.655918068766271    0.753636678996260   -0.042464610411657
   32   -0.874556847475696    0.371560914348041    0.311597187827843
   33   -0.487545901277074   -0.373974281276670   -0.788950081495353
   34   -0.449139309789319    0.890273618387099    0.075410641198146
   35   -0.691905572604060   -0.195508377060874    0.695013059660372
   36   -0.021737526110399    0.990817767338895   -0.133445239271270
   37   -0.671889638133947   -0.664120167981959   -0.327885218708998
   38   -0.488113000536485    0.840129237033929   -0.236492206611672
   39   -0.567814154500705    0.500526839053203    0.653498255036736
   40   -0.599336228464382   -0.130411372927820   -0.789803114112100
   41   -0.572599350892915    0.548690428590012   -0.609154165159133
   42   -0.466270419954333   -0.853736266705879   -0.231789306023203
   43   -0.756103517090715    0.060761003483326    0.651625330921651
   44   -0.707252605379822    0.567892504180961    0.421060394573665
   45   -0.456778954656742   -0.749620469434441   -0.478980311064643
   46   -0.228552051982558    0.902038077316543   -0.366184743818795
   47   -0.488204183353793   -0.552695848284435    0.675413928376521
   48   -0.375633941486873   -0.095482725811053   -0.921836314686468
   49   -0.596270253832518    0.762004231465445    0.252609056890803
   50   -0.717456247823438   -0.303314228610780   -0.627102073973098
   51   -0.423802753950580    0.754739157380803   -0.500759453290718
   52   -0.604135088258552   -0.545342993068928   -0.581052334170903
   53   -0.151295940363837    0.790140215051000   -0.593959576897773
   54   -0.261846297512346   -0.464385557976855    0.846039343069576
   55   -0.544675606594366    0.132183161830055   -0.828164292462353
   56    0.119651588096795    0.987266276128193    0.104827465322239
   57   -0.228306844174478   -0.911654134728222   -0.341705609459412
   58   -0.592926749818015    0.233090668661785    0.770783114457658
   59   -0.220753777991273   -0.777832931416164   -0.588424761806569
   60   -0.161605441704205    0.978514798120423    0.128033085844778
   61   -0.608128122791706   -0.768622270090690    0.198494312740866
   62   -0.113813907710953   -0.098006394565681   -0.988656229958522
   63   -0.326518583564413    0.608572873204295   -0.723204447294787
   64   -0.390869747935788    0.379342890735775    0.838641646590986
   65   -0.349028944334166    0.118044886266507    0.929647352948044
   66   -0.478636129250112    0.726291523324130    0.493364042998662
   67   -0.251448250918566   -0.334888381674547   -0.908087853089885
   68   -0.125022580865616    0.258873240056554    0.957785988546670
   69    0.024119724816864   -0.788677109641213    0.614334319082648
   70   -0.449977360304981    0.381530183089500   -0.807437362650908
   71   -0.291475364750241    0.159356911716793   -0.943211262884302
   72   -0.280704676615830    0.953112099623782   -0.113058436557158
   73   -0.120463591951661   -0.545567170705855   -0.829364205438185
   74   -0.188846993189351    0.400284800690998   -0.896721189388937
   75    0.665419657983628   -0.738552663247037   -0.108428051627151
   76   -0.330058921019322    0.639254362850038    0.694560989570212
   77    0.162400676561754   -0.091515771185380   -0.982471823451762
   78   -0.360959804752507   -0.593088940873498   -0.719689882912484
   79   -0.062727709065973    0.614063341947617   -0.786760094686721
   80    0.014097165921471   -0.721112432331651   -0.692674620474659
   81   -0.329760126286043    0.886346201167419    0.325036414556735
   82   -0.456574308766666   -0.737860521353862    0.497093302712528
   83   -0.239151338395616   -0.689921923659783    0.683238155109308
   84   -0.027449915898869    0.935608500784611    0.351970503560623
   85   -0.022409525096984    0.150964531708883   -0.988285142735054
   86    0.014951989400263   -0.881583675912210   -0.471790907477127
   87    0.034070245759241   -0.333931092172511   -0.941981551854589
   88    0.092562818435903    0.444300372740015    0.891083219136286
   89    0.040923219532529    0.920622740811420   -0.388302793196188
   90   -0.427702353966765   -0.903658642057521    0.021719922790974
   91    0.085161593793214    0.384821182237529   -0.919053948712430
   92   -0.305953188824142   -0.178132640242878    0.935233344534101
   93   -0.061476210453746   -0.311638142630070    0.948210073562988
   94   -0.161549655441881    0.502004329061847    0.849643079433814
   95    0.040151766788327   -0.975575182167277   -0.215965042456088
   96   -0.194688210182906   -0.977385700809403   -0.082545094760917
   97   -0.187866108117845    0.818352382087291    0.543144275632829
   98    0.316247927561059   -0.321061014285673   -0.892696518095142
   99   -0.189747873107210   -0.861429627767019    0.471099502288492
  100    0.139104746325822   -0.123001910441124    0.982608975929623
  101   -0.159815367450775   -0.968888883881239    0.188979837596344
  102    0.174902616599927   -0.541899245545369   -0.822042749730121
  103    0.431096248520625   -0.534688440284892   -0.726817925162246
  104    0.277859557802570   -0.828298468878220    0.486534389937399
  105   -0.384804382568686   -0.877473169100821    0.286297790183744
  106    0.182893577633970   -0.414947661416137    0.891273458342346
  107    0.261838240991169   -0.886566820935023   -0.381365975896929
  108    0.255894095877610    0.160161489630258   -0.953344905548038
  109    0.054327313457286   -0.931245966665843    0.360318598716626
  110    0.120904324000190    0.782742564375939   -0.610488511236891
  111    0.386892196719901    0.919392496865521    0.070935638607347
  112    0.780747805219412   -0.240708344766534   -0.576621502724991
  113    0.233926214013783   -0.659935054620139    0.713977765816760
  114    0.239468011061710    0.956843492057854   -0.164637794520821
  115   -0.026716258189486    0.687601049570654    0.725597021891413
  116    0.070898609035636   -0.995448152001594    0.063689590306604
  117   -0.015723656423019   -0.581573929808964    0.813341583097316
  118    0.116133998335043    0.824664627246061    0.553571266414570
  119    0.239443172133834    0.622288787167492    0.745267490693173
  120    0.511378028922048   -0.795036543607216    0.326204546051847
  121    0.257376186725865    0.908598285487245    0.328947798466705
  122    0.626183383225006    0.779285559021049    0.024665523998840
  123    0.420201064157384   -0.483809416532388    0.767697540803403
  124    0.307903323175881    0.854618798619545   -0.418117510543789
  125    0.567371204828936   -0.293636539627841   -0.769329252353210
  126    0.509495217295204    0.808234822482574    0.295247515281458
  127    0.263391415673097   -0.741012188470106   -0.617677827583657
  128    0.487550334408714    0.851351731313889   -0.193636001318958
  129    0.482021274231656   -0.837493191189213   -0.257411433117877
  130    0.494654476272237   -0.708432258261093   -0.503428927018429
  131    0.666253968277951   -0.040074813098815   -0.744647338751021
  132    0.288185803331177   -0.953003585020498   -0.093451108588620
  133    0.370570994409061   -0.213731180542177    0.903878377087718
  134    0.126518830848959    0.165864563844752    0.977998942689205
  135    0.368111222085985    0.397219513158283   -0.840660922453672
  136    0.550276178399612    0.718191244186270   -0.425907811926590
  137    0.429224643426229   -0.075582392747622   -0.900029725832525
  138    0.493402625013353   -0.867890803481237    0.057614259195315
  139    0.376334062848599    0.750868395333763    0.542742412225879
  140    0.200962962740978    0.589350646975884   -0.782483036567231
  141    0.584402041785390   -0.275649145105990    0.763211505651876
  142    0.394880219030878    0.670044101738844   -0.628578168840687
  143    0.510948466420426    0.175932609183508   -0.841415106643860
  144    0.487212669913059   -0.664810470703735    0.566260410340390
  145    0.287223815768582   -0.932608530757343    0.218503565220264
  146    0.697369067601775   -0.625543723798124   -0.349816284882520
  147    0.715571414648763    0.665330734280308   -0.212820498447857
  148    0.716505909861839    0.519301997410196   -0.465773245924279
  149    0.565463059604681    0.469831127757246   -0.677871846009898
  150    0.841950395185428    0.020447225434742   -0.539167360862212
  151    0.668199092313441   -0.452704702234017    0.590396837395581
  152    0.700077746443742    0.238569474861450   -0.673034735060966
  153    0.710622456076348   -0.689102028281403    0.141965205379614
  154    0.365797067803370    0.064365687875099    0.928466242472402
  155    0.658032201337052   -0.481000942596661   -0.579337306950481
  156    0.834880596801447    0.550400849282515    0.005770112091294
  157    0.840190128031376    0.287655213674693   -0.459711895434942
  158    0.594977417636712   -0.019751384528467    0.803499692166437
  159    0.725682842405128    0.648499503381354    0.229853880439184
  160    0.837538172768864   -0.536027636734914   -0.105849807800371
  161    0.331101439962742    0.348915400858347    0.876715392529673
  162    0.709551520708262   -0.594021027865902    0.379045720083647
  163    0.481682834815419    0.515047707551085    0.709018691989537
  164    0.930874024178668   -0.148892824292785   -0.333623257557879
  165    0.606184957905130    0.624262713036837    0.492783788208828
  166    0.557589109442579    0.242531809064663    0.793897163757910
  167    0.701762047568517    0.364863491786202    0.611886150320485
  168    0.777272111143879   -0.176024077416190    0.604039393920394
  169    0.799883209130122    0.456944234483596    0.389087160317451
  170    0.872719668258369   -0.463603784415546    0.153074856559091
  171    0.771061678034208    0.095745320873366    0.629521026017342
  172    0.851178095166485   -0.345851068703272    0.394820071153378
  173    0.887294156187264    0.201445886600848    0.414883881547028
  174    0.964907901562309   -0.203422300027732    0.166048515061256
  175    0.913472127285777   -0.068471370789306    0.401098920534862
  176    0.844469127184080   -0.399832209911633   -0.356379148029369
  177    0.949359193789077   -0.299520475414858   -0.094892602321845
  178    0.915932383980338    0.361271595747403    0.174787591327932
  179    0.980876825234240    0.083692302238088    0.175716397255600
  180    0.871486653824401    0.430855772678947   -0.234252674168675
  181    0.950000366655322    0.120003326797602   -0.288268112895376
  182    0.997060733695117   -0.036377909390262   -0.067428043362901
  183    0.965719666782012    0.253210291716871   -0.057184555249613
   
 U =    15378.2857900549     


 http://math-lab.ru/  - см. Задача Томсона
