    298
    1   -0.005550391968382   -0.000064887331439    0.999984594350649
    2   -0.187672952696871   -0.086375234976763    0.978426380270252
    3   -0.968300066124703   -0.167223569142346   -0.185556621725529
    4   -0.978337364038675   -0.058704941598785    0.198518845346581
    5   -0.921133924496707   -0.370785234564112   -0.118450846221252
    6   -0.817300158064397   -0.086970464590839   -0.569610910988163
    7   -0.838911997555764   -0.484507477987213    0.247949922628478
    8   -0.920376322328792   -0.381362811491718    0.086428185840382
    9   -0.884150784329466   -0.344047926556543   -0.316082923932524
   10   -0.981112922309810   -0.191271721699052    0.028854153166995
   11   -0.999468783459486    0.005352016544285   -0.032148200710524
   12   -0.810390080667259   -0.301907096902850   -0.502115546458986
   13   -0.816667831362430   -0.544809840837350   -0.190357270795123
   14   -0.913066615447331   -0.131836365752909   -0.385912591684466
   15   -0.702714440700521   -0.059652251818750    0.708966870653281
   16   -0.921980813189446    0.256740894357599   -0.289888760173603
   17   -0.829966056125299    0.461927833178384   -0.312696374483205
   18   -0.893918679903606    0.084214003133282   -0.440246970910262
   19   -0.706679400802727   -0.706188532392144   -0.043611709424526
   20   -0.701451889643523   -0.236813861750875   -0.672223505538276
   21   -0.832802002157001   -0.357276580861991    0.422840714656070
   22   -0.968319500529511    0.042530101159300   -0.246066119954899
   23   -0.831210903151591   -0.555542473948938    0.021470773637899
   24   -0.765318675511606   -0.512420940121194   -0.389502381300131
   25   -0.930866176513267   -0.262231202019030    0.254407071661199
   26   -0.830255023130999    0.290824005771895   -0.475497627998850
   27   -0.638124934652120   -0.281651427494838    0.716567541244611
   28   -0.775721198048507    0.114346548656610   -0.620629913642994
   29   -0.936152079711722    0.344499767175848    0.070279400020228
   30   -0.930808024592850    0.077178272002898    0.357267316843008
   31   -0.722697469564407   -0.564674159038174    0.398561741264428
   32   -0.974192267167825    0.206948073943368   -0.090121702611212
   33   -0.980485867505857    0.143199824821840    0.134689545965089
   34   -0.564584025813706   -0.380690119207857   -0.732338658636492
   35   -0.829236189149817    0.558685865293133    0.015409299982550
   36   -0.787113618407840   -0.216082833356907    0.577719967497548
   37   -0.668015144751212    0.743511121702573   -0.030773012325699
   38   -0.674929390271867   -0.692607803979753   -0.254489190366878
   39   -0.900255623437389    0.416522503140112   -0.126683924975716
   40   -0.836875853751710    0.209671472753672    0.505644814984444
   41   -0.537610255037147   -0.183060117896179   -0.823082138619671
   42   -0.727610543182051    0.485295937038302   -0.484840954277211
   43   -0.549392980041814   -0.826320211570587   -0.123944590163168
   44   -0.902049225104402   -0.131907799213180    0.410983610373070
   45   -0.915572207109125    0.277674636306714    0.290902612434572
   46   -0.491353525503450   -0.805944798035227   -0.330188878515446
   47   -0.766741761768338    0.617873006273612   -0.174183865150577
   48   -0.698200542322214   -0.430878325249624    0.571716600713190
   49   -0.483814979610863    0.019081897243056   -0.874962254444011
   50   -0.855823398606550    0.473047838832470    0.209265507366752
   51   -0.680369707734861   -0.458246743117794   -0.571932673676469
   52   -0.672263940562424    0.649714698756835   -0.354868996164496
   53   -0.609614098818107   -0.655302978640924   -0.446036609155033
   54   -0.549115672931477    0.649631657368991   -0.525785780984071
   55   -0.459177929994335   -0.333887728509796    0.823209944884466
   56   -0.670470022866422   -0.033332483193463   -0.741187489102223
   57   -0.555574378948764    0.816987470832059    0.154494601715176
   58   -0.356564485900524   -0.914215184698562   -0.192541848596792
   59   -0.832119883594911    0.006305827633221    0.554559947944180
   60   -0.406826278286531   -0.752945433330559   -0.517267390932569
   61   -0.595016527584432    0.722913741865977    0.351213686696145
   62   -0.728399085646151   -0.660154124035169    0.183388398076896
   63   -0.509075723828949    0.358511567803300   -0.782503267187589
   64   -0.419075602753474    0.568117758520879   -0.708249851133076
   65   -0.713135218890771    0.154653259936512    0.683754728516463
   66   -0.560480294873459    0.099382437660498    0.822183051481370
   67   -0.808812940317523    0.399999618241493    0.431070682117889
   68   -0.340748995801341   -0.135448955439851   -0.930346012153882
   69   -0.380850149568005    0.244404188972644    0.891750949529437
   70   -0.384739538701582   -0.651556740857050    0.653796069736912
   71   -0.700274860508457    0.305486535127639   -0.645207793346896
   72   -0.604917208197516    0.165670617791012   -0.778863542366227
   73   -0.721094371115412    0.674890300604041    0.156671599520318
   74   -0.377871907996022   -0.328220573339319   -0.865727483902558
   75   -0.595496580540419    0.483745334174982   -0.641384653876753
   76    0.095200697178827   -0.942013695061615    0.321787236498014
   77   -0.698738731179915    0.354511854481409    0.621357812038470
   78   -0.195634860435273    0.279116170933055   -0.940117633334330
   79   -0.517710250564495   -0.593023515882162   -0.616684040713887
   80   -0.227577895092701    0.628915853293964   -0.743419902303335
   81   -0.402179094133108   -0.506304336127611   -0.762828876918442
   82   -0.740190951168833    0.579553439051649    0.340932789697888
   83   -0.573431501994579   -0.620338287995111    0.535123089548129
   84   -0.528431858557742   -0.486867962934313    0.695499358396112
   85   -0.500616930057203    0.678528536452512    0.537570195006861
   86   -0.315853747065879    0.432546352930824   -0.844476206314119
   87   -0.280649414534026   -0.875700143735552   -0.392918775808997
   88   -0.400154012536432    0.219169094280098   -0.889854861403496
   89   -0.192498687444587    0.134366431911244    0.972054482684768
   90   -0.582829336935485    0.783503987787873   -0.215479616501987
   91   -0.585867976087483   -0.803345218060628    0.106748185999940
   92   -0.026758847949846    0.664991069158457   -0.746371785369657
   93   -0.546075443704711   -0.115216332036002    0.829775154252568
   94   -0.365667835356184   -0.167040442613969    0.915633400830950
   95   -0.552944706538854    0.305951648680143    0.775013380646143
   96   -0.209276274839174   -0.976964234582888   -0.041765118643562
   97   -0.417321656929974   -0.908511229807728    0.021212731329815
   98   -0.656162808527631    0.541024429876358    0.526063622561087
   99   -0.066862478737094    0.105483862677661   -0.992170632326785
  100   -0.433558179995244   -0.767272848386427    0.472567117654403
  101   -0.381327439241333    0.039834787271395    0.923581384505280
  102   -0.443138522807574   -0.859763085069050    0.253841854619113
  103   -0.272536337201391    0.065674649404649   -0.959901445634095
  104   -0.136330073155210   -0.113028874050094   -0.984194383637939
  105   -0.227989219753778   -0.780506871800376    0.582091005555364
  106   -0.595303001343694   -0.731486225970104    0.332478928365698
  107   -0.111969847407547   -0.482001800922662    0.868986200798862
  108   -0.143545217743889   -0.958676950805156   -0.245628325845754
  109   -0.112961302606216    0.484169770651737   -0.867651645132164
  110   -0.277709701115365   -0.876709690988768    0.392756208904192
  111   -0.355677314911232    0.733872569342699   -0.578726791866319
  112   -0.274625095650123    0.959756566171776   -0.058722998299829
  113   -0.209871416185584   -0.506848897910262   -0.836096993987785
  114   -0.326238544887502   -0.504601399462066    0.799340878155628
  115   -0.482624603964518    0.874821179480894   -0.041968983544404
  116   -0.526636508206832    0.499902935357181    0.687568937231016
  117   -0.269522734546687   -0.948894979114172    0.164182259012328
  118   -0.243704573882853   -0.331032651144335    0.911605980972553
  119   -0.351819237615703    0.627272246498513    0.694804111110617
  120   -0.366238976490360    0.442327008722593    0.818667105393772
  121   -0.057888977400168   -0.871343544705533    0.487246645340489
  122   -0.427297120087947    0.835790198286562    0.344778067186205
  123   -0.158145895621321    0.980382732212727    0.117641719118855
  124    0.047919582046644   -0.602619629098131    0.796588536373771
  125   -0.470076771445672    0.789898349745812   -0.393812678841168
  126    0.065217882169206   -0.077731333265096   -0.994838915440180
  127   -0.366546176077814    0.919531911887665    0.141791973760672
  128   -0.298383483894991   -0.667417548926325   -0.682291075658963
  129   -0.379041680438097    0.895546426791257   -0.233075099382315
  130    0.012717188299183   -0.996353181165063   -0.084371864410022
  131   -0.181826689009639   -0.799003109468350   -0.573178058044531
  132    0.029418820381548   -0.289367623951286   -0.956765860185315
  133   -0.044468155364209   -0.992956403000625    0.109818782084690
  134    0.079147370851676   -0.405545118387339    0.910641999162935
  135   -0.002342736936772    0.228158627516750    0.973621154388768
  136    0.096084988149158    0.511769476523423   -0.853732790720444
  137   -0.265049818234905    0.867019126333047   -0.421931781721079
  138    0.138736817564911    0.144344268027784   -0.979753452527463
  139    0.165695438479911   -0.978101829723274    0.125943766653746
  140   -0.327117700696682    0.783298880097582    0.528617890662802
  141   -0.154356502487439    0.786973654412159   -0.597366334338501
  142    0.128451228035911   -0.164737491807637    0.977937544431645
  143   -0.050798754078962    0.903317674754164   -0.425953829728946
  144    0.012125011078880    0.319457478455497   -0.947523035902132
  145   -0.172017093059947   -0.648281922675122    0.741714681281052
  146   -0.108119742979857   -0.948194098268205    0.298727422891363
  147    0.076342532776157   -0.957791671848997   -0.277140634021836
  148   -0.046270211529295    0.996792265848757   -0.065301196536786
  149    0.169087673780614    0.897084310664850   -0.408226772927048
  150    0.052770406574336    0.805267555240261   -0.590558590376393
  151    0.233848217525508   -0.249417073835943   -0.939737268835954
  152    0.245580625150916   -0.525642849907952    0.814487416042220
  153    0.317335991771799    0.513849549881259   -0.797029803967855
  154   -0.004849716913502   -0.755578741009301    0.655039881519178
  155   -0.056842666531027   -0.252506484391730    0.965924110166928
  156   -0.176041936917000   -0.316988933732069   -0.931948095302478
  157    0.078245803507009    0.990820774786038    0.110235141792161
  158    0.262275379274347   -0.038630857339160   -0.964219519760795
  159    0.173658294484323    0.094704516469060    0.980241731062883
  160   -0.240041378679980    0.914783917635095    0.324885396036206
  161    0.222651816503891   -0.972108999174505   -0.073690313688160
  162    0.004071263212685    0.440323544736690    0.897829939780563
  163    0.207533266642334   -0.702739213520465    0.680505357082073
  164   -0.188188604152188    0.346633660574582    0.918928808245729
  165   -0.090695091156593   -0.664434323069297   -0.741823045454603
  166   -0.161951124556658    0.716235980941971    0.678806196833033
  167    0.183616317362635    0.326999103214708    0.927014905217258
  168   -0.178181298955291    0.545989959719613    0.818624693365636
  169    0.431040069870633   -0.429710128047350    0.793444178263001
  170   -0.140383324783216    0.852559634866488    0.503422875045553
  171    0.354177101852340   -0.771759430603231    0.528153350645865
  172    0.262836568469502   -0.319062270857144    0.910558183528466
  173    0.404089642583883   -0.615022510652904    0.677095910596592
  174    0.022253114440139    0.621860583646944    0.782811735606970
  175    0.433903248313990   -0.220865667373334    0.873467989154897
  176    0.040187250738308    0.771172787468964    0.635356212486700
  177   -0.055835192243767   -0.897354169329266   -0.437764692608351
  178    0.543882732387055   -0.671480813542142    0.503294238449016
  179   -0.038131913403389    0.956988359131348    0.287609522907860
  180    0.054525480990234    0.886308198709336    0.459874709919339
  181    0.064616086291249    0.968098165260556   -0.242096476247689
  182    0.182081146341292    0.665916734122572   -0.723464829388802
  183    0.034597711220348   -0.787296692842401   -0.615602888084300
  184   -0.162034429092389    0.955431402007810   -0.246770500356290
  185    0.192047692436215   -0.448241303940253   -0.873039184270596
  186    0.192080498386513    0.978986555819854   -0.068486536367146
  187    0.118597308055981   -0.634490105059309   -0.763778099387317
  188    0.390822084005182    0.658555283736688   -0.643088669559911
  189    0.163048396679756   -0.872312900563907   -0.460961412538994
  190    0.223532117155486    0.350913104265857   -0.909336783515594
  191    0.300738233803884    0.921799377197888   -0.244627109957394
  192    0.584930963405526   -0.506633392990395    0.633386432722175
  193    0.403998940496080    0.914063344640394   -0.035679939221667
  194    0.186346525358538    0.934129454157521    0.304429195975305
  195    0.260145812884936    0.787060011489437   -0.559339516173033
  196    0.248531498728631   -0.743320352059631   -0.621053096243508
  197    0.241335376609010    0.822106235178068    0.515653540740613
  198    0.398966752162716    0.816218478399980   -0.417867115465138
  199   -0.010354434733390   -0.487206453359176   -0.873225433371317
  200    0.395493469839813   -0.394081528796647   -0.829629232835586
  201    0.207638723211567    0.522363831029823    0.827056339468429
  202    0.378313536105391    0.856842788175435    0.350284605358531
  203    0.432688395415663   -0.198895247466275   -0.879330104686487
  204    0.342435592364467    0.179616548018613   -0.922212427133724
  205    0.711508917680674   -0.539283412280052    0.450475816554518
  206    0.575934464234870    0.734530527042540   -0.358837564573585
  207    0.297211923416364    0.945274699037664    0.134613580066793
  208    0.664681369754059    0.722753291903624    0.189278513689069
  209    0.492297986595165    0.853313769592056    0.171750700199279
  210    0.228953568140079    0.688014749437672    0.688633406241771
  211    0.578224934087311    0.597206813138652    0.555877637561092
  212    0.536005514445385   -0.481822177854036   -0.693213875663300
  213    0.404754061375363    0.576483604767840    0.709817443596609
  214    0.305543388833086   -0.067302480381641    0.949796617005384
  215    0.804215768849402   -0.541966380607674    0.243945566520450
  216    0.417635165388525    0.725828169621403    0.546584244938458
  217    0.153335162906906   -0.842679717779221    0.516119386440623
  218    0.345101657053018    0.191955217392839    0.918726314423903
  219    0.654257547204343   -0.691374759484023    0.306509386274818
  220    0.379733558815954    0.397598421094014    0.835295109438884
  221    0.561397797032560    0.433369401085085    0.704998918928351
  222    0.498152664431008    0.843052147845167   -0.202748610189906
  223    0.529342443278722    0.241786661957143    0.813225545493583
  224    0.325970081881590   -0.577893311704598   -0.748186357804793
  225    0.473072620818854    0.033669665761766    0.880379832253711
  226    0.717604595282957    0.437336428281124    0.542015215032837
  227    0.290095362797068   -0.893302606491861    0.343300354964111
  228    0.280128578374177   -0.920803121154914   -0.271384582556621
  229    0.476604489029074   -0.808205088407141    0.345908508293941
  230    0.467737032511559   -0.846803116151334   -0.253271693826355
  231    0.369570202960121   -0.812523452292344   -0.450803177183731
  232    0.694084704234981    0.262908106846536    0.670168449497146
  233    0.601022715401140   -0.319433071752336    0.732621463132706
  234    0.687012406622611    0.703422261720723   -0.182239059650534
  235    0.444450207169215    0.341600027976339   -0.828114384752376
  236    0.591023340057028   -0.117492742731473    0.798051919935834
  237    0.363087128970401   -0.920138205996886    0.146674533034419
  238    0.549201987800259   -0.821994578667624    0.150672124951102
  239    0.418284312879643   -0.906700315206124   -0.054155073667381
  240    0.590614772031264   -0.283797823435223   -0.755402532741245
  241    0.600178162159039   -0.798541538899779   -0.046017217636133
  242    0.520546791854609    0.491575630938990   -0.698129240582865
  243    0.453164601718807   -0.659054990393921   -0.600240254719644
  244    0.554245114056543    0.743553768886424    0.374085747281616
  245    0.764159448781379   -0.636259730676452   -0.105990055937659
  246    0.652193770161745   -0.542530540351774   -0.529437341852481
  247    0.451040148862133    0.004715909840799   -0.892491201250073
  248    0.800184608378194    0.044815332025607    0.598077067383519
  249    0.657954377538997    0.072775231536472    0.749533056477221
  250    0.740264566609282   -0.357194228861050    0.569579366103734
  251    0.708080810018276    0.596006228638530    0.378679471199508
  252    0.558406546710096   -0.709977196640444   -0.429085666087650
  253    0.637086143347584   -0.733023773027517   -0.238322038701847
  254    0.722093069951171   -0.684423622342164    0.100726875800479
  255    0.806973803265354    0.558918503555643    0.190796717022515
  256    0.598476910051620    0.801101306137320   -0.007879431460704
  257    0.738383135775327   -0.149976808267896    0.657493195238072
  258    0.560458086005033    0.159390423625410   -0.812700084095042
  259    0.763315593542440    0.646021687631919    0.002298643982648
  260    0.717773580479770   -0.350462824078897   -0.601645157965969
  261    0.852706587853325   -0.179536455507244    0.490569196113490
  262    0.822016155915972    0.531708609413517   -0.203900451418509
  263    0.739912144197765   -0.581802433135386   -0.337692090026418
  264    0.844037801852833   -0.378659121085536    0.379759738600826
  265    0.613740177269458   -0.072135387269501   -0.786205749602948
  266    0.722080542555780    0.087536974325848   -0.686248474088086
  267    0.750045530922708   -0.140077922447535   -0.646382144853689
  268    0.833366079207464    0.414120640471494    0.366067033699920
  269    0.825422456972004    0.237919796483962    0.511929622084258
  270    0.556012412937850    0.637570616895834   -0.533248445970633
  271    0.643416301964350    0.309719685420843   -0.700063696265800
  272    0.720532689803529    0.579704600949980   -0.380493388328781
  273    0.861416491105560   -0.466437654494290   -0.200991401112711
  274    0.858696081498029   -0.511615645728914    0.029840755106357
  275    0.906254874463868    0.015325872497781    0.422453808294658
  276    0.690162618858244    0.459967964124226   -0.558663612122846
  277    0.812757103406917   -0.404244556072678   -0.419538114772903
  278    0.884006990775716    0.467106209463696   -0.018531846646253
  279    0.942552507917474   -0.328392629921613   -0.061262145176666
  280    0.792467913128926    0.245561267987540   -0.558295862715673
  281    0.826025981477037    0.392566252019644   -0.404441362499123
  282    0.855705374248533   -0.200316013828917   -0.477118231768469
  283    0.916508524737641   -0.363870690082389    0.166163308170601
  284    0.913900113417232    0.335594837369483   -0.228391523106531
  285    0.848904988597316    0.021462589783151   -0.528109531796568
  286    0.937656222941845   -0.048626905934170   -0.344145654625627
  287    0.919911280833151   -0.272453678302521   -0.282014589295195
  288    0.933855193868950   -0.196754068044447    0.298667563675647
  289    0.904587944575025    0.177400581267454   -0.387620541632537
  290    0.981929050815904   -0.172787963239994    0.077198827213585
  291    0.973600206731602    0.109172280138728   -0.200459598676376
  292    0.919040043630565    0.209496741981265    0.333880986734441
  293    0.910855861499842    0.376492951622930    0.169099547455441
  294    0.974716979549804   -0.008331216320232    0.223287708152360
  295    0.981371261591757   -0.124259224771026   -0.146526761996253
  296    0.974053311628741    0.179531524346677    0.137799048874952
  297    0.962763379510619    0.266431170215519   -0.045837829473921
  298    0.999559820947528    0.029037220760994   -0.006083104291693
   
 U =    41562.0780186225     


 http://math-lab.ru/  - см. Задача Томсона
