    144
    1   -0.255288648684160    0.092251192356607    0.962453855185691
    2   -0.984393605260205   -0.118329115568672   -0.130259166017413
    3   -0.895714784400660   -0.071449639885088    0.438850742242018
    4   -0.909186515944860   -0.413396997584601   -0.049827719314492
    5   -0.845645360773902    0.321927576357772   -0.425730618328055
    6   -0.809925348396646   -0.542969123996258    0.221823038504364
    7   -0.949804759089978   -0.246247753735572    0.192958449906228
    8   -0.886328665167303   -0.282398320714892   -0.366977772842111
    9   -0.992139537012260    0.049854437826220    0.114776627089878
   10   -0.919566848903645    0.378219264559580    0.106522290218670
   11   -0.758293097109695   -0.188928229504767   -0.623937258842571
   12   -0.783963784834208   -0.549173086333634   -0.289499059264818
   13   -0.909285061591746    0.020978138767634   -0.415644793615825
   14   -0.469391561055802   -0.124353038698336    0.874189844470918
   15   -0.658088521527234    0.748299574516953   -0.083470022234616
   16   -0.498493527292408    0.801791272705060   -0.329598176969434
   17   -0.849277506402541    0.506661219090180   -0.148398538364549
   18   -0.478843486063309   -0.871598109537868   -0.105003101405397
   19   -0.740481419617682    0.129659977155111   -0.659450951568893
   20   -0.620786294302987   -0.620981559320028    0.478546005928408
   21   -0.965637666065086    0.204591269137347   -0.160269493257897
   22   -0.718947321839543   -0.693948957505318   -0.039364867547482
   23   -0.672722090882848   -0.481953169018257   -0.561396590042609
   24   -0.808320878552434   -0.359978868147418    0.465867547467652
   25   -0.702140249379580    0.592590887188422   -0.394759560520604
   26   -0.370047034907495   -0.634614662228991    0.678475808293969
   27   -0.630711074298132    0.430105962201712   -0.645919810840506
   28   -0.754842988846637    0.633544784960526    0.169803025998940
   29   -0.764730757646770    0.191418472453004    0.615260787563092
   30   -0.589279818484225   -0.777930445707156    0.218113541920408
   31   -0.501594332320077    0.847401230121341    0.174109968046675
   32   -0.911911634715036    0.211169256536130    0.351887362042640
   33   -0.211352955075407   -0.534791357856487   -0.818124765511293
   34   -0.304186417373855    0.853502954326774    0.423087851918166
   35   -0.606004542380065   -0.393059154352148    0.691565612067794
   36    0.249762354572526    0.950980475924231   -0.182359262581614
   37   -0.568246791391424   -0.737475995128797   -0.364999644769883
   38   -0.364316051546257    0.926581345772718   -0.093385353518437
   39   -0.589474602900376    0.450561884901811    0.670457814041399
   40   -0.564156432971432   -0.083420189275974   -0.821442993249143
   41   -0.441957524474739    0.672609292007625   -0.593523619466961
   42   -0.187875171755091   -0.972239259832771   -0.139476670012657
   43   -0.717890374008473   -0.108741189056355    0.687610910841723
   44   -0.776379329032054    0.466459775509831    0.423851878942461
   45   -0.298794090709880   -0.864811020035050   -0.403514548663109
   46   -0.061438452200091    0.986796547427137   -0.149859569521398
   47   -0.361322813312399   -0.818231831878203    0.447149297082364
   48   -0.260716729290475   -0.260837824157843   -0.929510848003765
   49   -0.574534736822221    0.693574650387268    0.434584906002038
   50   -0.498869994722064   -0.379778285763300   -0.779036059517592
   51   -0.225187088293253    0.887035545859342   -0.403061677225740
   52   -0.415880059812501   -0.658789772394593   -0.626928872870464
   53    0.068894144567275    0.896086878621257   -0.438499604112885
   54   -0.350207969244650   -0.394123305368486    0.849718305347694
   55   -0.496018779319032    0.243068191599897   -0.833596559970837
   56    0.125969828654950    0.986403433758122    0.105545573752900
   57    0.154840465972034   -0.983791345619425   -0.090437925572655
   58   -0.549533608357410    0.157756258196075    0.820442427160894
   59    0.013378994998398   -0.929475037988810   -0.368642314782951
   60    0.000722501250144    0.922685975754966    0.385551641336216
   61   -0.334232421574933   -0.928548480409860    0.161512872232204
   62   -0.320196399566154    0.029434193649993   -0.946893813449558
   63   -0.150048956925600    0.734446049950541   -0.661871823118032
   64   -0.347060840969821    0.376587223015274    0.858912589340129
   65    0.075759451102703    0.003783774127916    0.997118944069345
   66   -0.363414790668741    0.656388930313480    0.661122728459036
   67    0.043919006520442   -0.326799278062504   -0.944072747580441
   68   -0.028550579772309    0.295344121636876    0.954964247607840
   69   -0.077259090968783   -0.505977684742840    0.859079516345811
   70   -0.322399647747389    0.496829149614401   -0.805741436954679
   71   -0.159032499746997    0.279078564769512   -0.947007823996407
   72   -0.192979870495745    0.969790904682327    0.149212502086382
   73    0.086009468799733   -0.591289643760197   -0.801859668806660
   74   -0.001190107007059    0.520486938306793   -0.853868801805835
   75    0.525745081024688   -0.701453947476505   -0.481201069562374
   76   -0.116975624190427    0.558850233100806    0.820976930436194
   77   -0.027205491559782   -0.031491172463498   -0.999133708412375
   78   -0.110291603522833   -0.770713776028452   -0.627563572582354
   79    0.151525230146447    0.720875552582231   -0.676297672861832
   80    0.200060125654947   -0.797512496045736   -0.569165849971541
   81   -0.059024050404847    0.773980303691728    0.630452734922347
   82   -0.073465159330365   -0.907637960775415    0.413274972051309
   83   -0.083328713751313   -0.742192974477685    0.664985649544799
   84    0.291152619400916    0.882885966645621    0.368432520437885
   85    0.145269542009671    0.225878906376386   -0.963262933896300
   86    0.336813885291790   -0.889724446567828   -0.308134411992917
   87    0.272004278691285   -0.066445003529936   -0.959999340562034
   88    0.277045862811957    0.230699850870375    0.932750324956880
   89    0.372688623606581    0.823576233459950   -0.427580843249735
   90   -0.046376450165918   -0.990738435107097    0.127618878194213
   91    0.301575924256715    0.447036224516403   -0.842146410001746
   92   -0.150850609633781   -0.196333954018891    0.968863804707568
   93    0.144091683892615   -0.304368200049481    0.941593110335685
   94    0.174123668540740    0.526244672509245    0.832314539527907
   95    0.598954161129960   -0.776110200391359   -0.197248243879611
   96    0.430292044224179   -0.902288803088298    0.026901161663818
   97    0.239899123277537    0.738920357245297    0.629638877690341
   98    0.457448965610959    0.171888777971098   -0.872464722420951
   99    0.201418091274150   -0.817786025362973    0.539125930769898
  100    0.373676669455150   -0.080361546370723    0.924071300587683
  101    0.675052804947848   -0.727568995676598    0.122258198343461
  102    0.342736624024227   -0.350215691092639   -0.871711291807661
  103    0.551755728677910   -0.127384303440045   -0.824220149661608
  104    0.194721892692814   -0.600815205551846    0.775309275891770
  105    0.221529184156429   -0.942193270431902    0.251389462229075
  106    0.556501911312216    0.154335774603884    0.816385994112632
  107    0.372777341675855   -0.595765136853587   -0.711407727848742
  108    0.602877640285385    0.389796461028987   -0.696130210386823
  109    0.473752857658865   -0.809440196014844    0.346936303859238
  110    0.432081881279252    0.629142942635988   -0.646130331745471
  111    0.427327936277479    0.902216350719834    0.058279424933823
  112    0.753288790056310   -0.514769639425794   -0.409350970563083
  113    0.412332703068971   -0.382313041137268    0.826933177805927
  114    0.568537217141886    0.799014804254703   -0.195808006236667
  115    0.449549062420109    0.445301944172874    0.774346058938159
  116    0.696394663161677   -0.593438569991542    0.403565529705310
  117    0.636793588867353   -0.149263347507163    0.756448529821027
  118    0.517401930697382    0.643104018106082    0.564546246118450
  119    0.699749318495778    0.370193778772812    0.610988917593929
  120    0.450502558389624   -0.647700301734129    0.614436135019680
  121    0.553880466809297    0.776759318848057    0.299768892765439
  122    0.712703036683014    0.699389092508140    0.053937730610872
  123    0.649019495970977   -0.414890838265193    0.637682747275779
  124    0.649224036913881    0.619721914198846   -0.440968138253731
  125    0.718521666212012    0.115052384535510   -0.685922418351089
  126    0.752273929531213    0.556534336182137    0.352637870340065
  127    0.612063922400965   -0.419838328857662   -0.670159333679052
  128    0.809292919963025    0.552786073845671   -0.198676939426820
  129    0.803453627528210   -0.584333965470807   -0.114088059011109
  130    0.769388506816768   -0.177955972389401   -0.613492459178764
  131    0.895002143203961   -0.254848190112160   -0.366092288442235
  132    0.863780055060095   -0.463136972426760    0.198464508796291
  133    0.840300206072054   -0.275321684746567    0.467004853918645
  134    0.781189159786881    0.064784928535650    0.620923835640168
  135    0.810874360519398    0.353840358656708   -0.466132783697896
  136    0.892462352575328    0.442712315670495    0.086699220235128
  137    0.899904097718105    0.061630905640004   -0.431710836533155
  138    0.937701014867784   -0.335745299806816   -0.089397429345368
  139    0.882045951418317    0.288790350478439    0.372283592248028
  140    0.942498841255502    0.275556491933070   -0.189115187083366
  141    0.923818571070058   -0.005872740626321    0.382785525671507
  142    0.983773302194428    0.147234042997006    0.102529149378243
  143    0.988646696956332   -0.031163675782007   -0.146991611696341
  144    0.972042276279368   -0.175657305661037    0.155815031667453
   
 U =    9414.54073346538     


 http://math-lab.ru/  - см. Задача Томсона
