    163
    1   -0.011342501798337    0.000029020970033    0.999935671336280
    2   -0.956252057415233   -0.153966744697218    0.248749360233300
    3   -0.769458699008787   -0.062525027042562    0.635628768632313
    4   -0.871764062864831   -0.431772910577221    0.231515814555030
    5   -0.972517886588369    0.162525633127259   -0.166716462421310
    6   -0.691105536099715   -0.526921959647026    0.494698278159591
    7   -0.834158750974701   -0.277356964614557    0.476709861815471
    8   -0.941300504669893   -0.335653085685383   -0.035921664467079
    9   -0.905487954804098    0.064630094646078    0.419421642945058
   10   -0.875699229933850    0.377200126413417    0.301448044158464
   11   -0.948164502542694   -0.141386853049503   -0.284594156480283
   12   -0.811563841550202   -0.582884128859449   -0.040127589163059
   13   -0.997726074336847   -0.066161523250544   -0.012858204756155
   14   -0.281653539889826   -0.044793485258623    0.958470044991452
   15   -0.774484044497247    0.609517189476265    0.169302275685066
   16   -0.778101398204240    0.611802937381248   -0.142321396579308
   17   -0.914586075284946    0.404379544126678   -0.003081426095023
   18   -0.615387188293895   -0.787533731638485   -0.033003484896236
   19   -0.891701904728131    0.093890181525748   -0.442777988293552
   20   -0.446994157711962   -0.557636843368621    0.699455054945816
   21   -0.974987252585337    0.160899531071025    0.153333617309518
   22   -0.713761514995124   -0.658350290935581    0.238996640430157
   23   -0.853034911274692   -0.424354442098864   -0.303734666473123
   24   -0.631698126135657   -0.329880692646485    0.701524202045642
   25   -0.872641470558602    0.374742283887782   -0.313153452045303
   26   -0.175401046421882   -0.553720581831112    0.814019649744847
   27   -0.748355002041688    0.310848590403883   -0.585950462721128
   28   -0.694030753940194    0.547287156467264    0.467758571221503
   29   -0.637502378870072    0.150252636244830    0.755655253562415
   30   -0.487903728187195   -0.730196520005789    0.478291745896238
   31   -0.565368221797175    0.756648879007637    0.328391911712798
   32   -0.783969798391942    0.280132920039770    0.554000814366991
   33   -0.630220785724859   -0.273498988006350   -0.726649891488221
   34   -0.312388454965709    0.833235117649789    0.456215619986076
   35   -0.367532197441111   -0.332581111816923    0.868510154175947
   36   -0.099343600069703    0.995042838944967   -0.004538478768385
   37   -0.680856689145010   -0.669842065297125   -0.296219135784605
   38   -0.607928936266316    0.793577850676775    0.025624272971839
   39   -0.293544429999794    0.481748486719098    0.825681574918536
   40   -0.738359848309387    0.024918450959349   -0.673946440903374
   41   -0.705681571003635    0.562368968262250   -0.430992649451814
   42   -0.438178182461071   -0.869105306643459   -0.229468617417049
   43   -0.533577910845355   -0.097257209659354    0.840140255092674
   44   -0.559902845736454    0.419887514881669    0.714285151870537
   45   -0.480010453579107   -0.726592420606547   -0.491582565569506
   46   -0.347296618629337    0.928429320275876   -0.131924432690475
   47   -0.228357095799601   -0.761787557317536    0.606244797350174
   48   -0.524153764859345   -0.036281481622677   -0.850850448007779
   49   -0.449455654155658    0.651544419097217    0.611129679275012
   50   -0.823029269193213   -0.214770165420816   -0.525829438217757
   51   -0.565112807577197    0.784620805767527   -0.254985697381119
   52   -0.688237527551167   -0.492662232439715   -0.532553312258757
   53   -0.280050598966430    0.871009735772503   -0.403625695673676
   54    0.102475324132906   -0.489773092146794    0.865806633234479
   55   -0.549049880328750    0.241700382716037   -0.800078217367469
   56    0.132043575147146    0.968068939529215    0.213089236192590
   57   -0.230792234992558   -0.884028595561898   -0.406482947361877
   58   -0.399992610566290    0.210184046859241    0.892092247437582
   59   -0.244209720006081   -0.702653068649642   -0.668311512523758
   60   -0.136494150159965    0.952749777976745    0.271361765061645
   61   -0.500619441604565   -0.837577653198885    0.218732369688123
   62   -0.271038660608737   -0.069013237399049   -0.960091254787338
   63   -0.481685250422057    0.709671509388436   -0.514145571106258
   64    0.000843514656133    0.520791339441139    0.853683588483537
   65   -0.132480017437412    0.260592974289386    0.956316028690722
   66   -0.161677866919040    0.704217984992336    0.691330092619903
   67   -0.371681590797698   -0.316314637146073   -0.872810314667076
   68    0.150152227456302    0.291302970606788    0.944773458510331
   69    0.318516374732790   -0.605238340161374    0.729543604334782
   70   -0.531532080518891    0.494955145130321   -0.687381300071716
   71   -0.295442022976447    0.208872355418322   -0.932248008955550
   72   -0.385007448278000    0.910308691520879    0.152011022337222
   73   -0.154803979667010   -0.501103274044507   -0.851428938092388
   74   -0.286090748357477    0.469070353463910   -0.835538800538611
   75    0.733159919008906   -0.567354896950989   -0.374946601617600
   76    0.154980024185186    0.706760366346093    0.690268771324544
   77   -0.023927961590615    0.058612056644846   -0.997994027772701
   78   -0.463305361076955   -0.527686698495812   -0.711965512246164
   79   -0.252691292037633    0.697443473288700   -0.670611446737487
   80    0.074912478692218   -0.646409878123187   -0.759303885148070
   81   -0.007015838356226    0.861979861177033    0.506893970113457
   82   -0.258553309586237   -0.903477313657385    0.341875605752207
   83    0.044471701247688   -0.724229492011012    0.688123470526625
   84    0.268620079005469    0.854743349415069    0.444136307664442
   85   -0.028792417086115    0.350564601297275   -0.936095858892465
   86   -0.013107841275194   -0.825433511657043   -0.564347147003178
   87   -0.058002635189513   -0.254293689354126   -0.965386147541873
   88    0.444401304192675    0.224744651914053    0.867177791613623
   89   -0.043363943010352    0.958912797339295   -0.280367286867642
   90   -0.324759292763459   -0.945340888515269    0.029359943203946
   91   -0.009649062658144    0.611693197542331   -0.791036236635375
   92   -0.096818312257661   -0.285714720406531    0.953411408026249
   93    0.196870150163613   -0.238863668579603    0.950887107814198
   94    0.313000646122669    0.491888550100093    0.812450767620549
   95    0.097712686179014   -0.939167734187902   -0.329266150735305
   96   -0.120771539390338   -0.980570670293822   -0.154581356679297
   97    0.438235720358202    0.660713134587801    0.609432200646873
   98    0.210658731658685   -0.128862899773733   -0.969029025281420
   99   -0.001207818885941   -0.898665801894173    0.438632326304665
  100    0.262340666786762    0.031272964041208    0.964468442340108
  101    0.170691356990992   -0.983928102182833   -0.052439969331240
  102    0.164346122587285   -0.416069290081693   -0.894358260341705
  103    0.428561230307968   -0.315130754967847   -0.846774987319722
  104    0.257572005753066   -0.822170739220484    0.507633664586959
  105   -0.053527937428889   -0.988126023917724    0.144019862418899
  106    0.495294634908797   -0.087380133766154    0.864319348883022
  107    0.266330015819730   -0.794042747382597   -0.546410503195683
  108    0.223423728032689    0.177807478016378   -0.958366494882532
  109    0.221368583469113   -0.946671764391299    0.234112196942284
  110   -0.024657198293309    0.830854520826070   -0.555943151585849
  111    0.384972205130496    0.914388084929925    0.125263048881731
  112    0.959613644435273   -0.099312484669671   -0.263208441738461
  113    0.501911302823310   -0.681701391198117    0.532323451800462
  114    0.183475932149155    0.978969786992920   -0.089189340602084
  115    0.584900555157226    0.401905635817279    0.704530482289502
  116    0.441441907225033   -0.897202288008625    0.012533831721119
  117    0.424083741229905   -0.360932483214495    0.830590586862785
  118    0.682987372322150    0.542255906267234    0.489373866656962
  119    0.806519610637314    0.269729744668673    0.526091230204808
  120    0.480270426534476   -0.827827725742422    0.289899247823312
  121    0.518033958290978    0.780851478518310    0.349158683914850
  122    0.611871894449722    0.790525689780690    0.026113570787481
  123    0.616951092301073   -0.453759196209988    0.643019394391319
  124    0.216323307552106    0.894298916844791   -0.391706106590070
  125    0.657586055984365   -0.191592006872956   -0.728610377278090
  126    0.731055336359972    0.641461723583226    0.232561717307999
  127    0.361694815549551   -0.583329742773851   -0.727257362699044
  128    0.432330216302332    0.881356964179019   -0.190526863631149
  129    0.518849851771532   -0.710617794371525   -0.475202253402914
  130    0.606352902593982   -0.472698013838217   -0.639447218485825
  131    0.683046344388069    0.087555176401408   -0.725108117802727
  132    0.374971359041007   -0.885745050718110   -0.273591273668063
  133    0.694273075619519   -0.188314230735690    0.694638500928532
  134    0.678013160416175    0.109344133706402    0.726871388022989
  135    0.230277093090679    0.469032104183251   -0.852632010684057
  136    0.669812884661267    0.703523270803559   -0.237498856796437
  137    0.459640155813482   -0.017186335968520   -0.887938937663922
  138    0.622161088344489   -0.761421568424188   -0.182079035829088
  139    0.872893402539925    0.402541745559714    0.275712261033147
  140    0.222290342045661    0.726042618198337   -0.650729683042757
  141    0.821123954516657   -0.330720928170930    0.465165689823191
  142    0.462127775207934    0.757044568272929   -0.461867341376094
  143    0.455502550405021    0.277502884238268   -0.845877991092074
  144    0.711699231453654   -0.596073709941705    0.371726157627641
  145    0.678773825882661   -0.725508988118052    0.113590498971241
  146    0.806485007887503   -0.299325260823960   -0.509888537119009
  147    0.826934960095046    0.562029552644957   -0.017359542802564
  148    0.680159203585239    0.557900950467877   -0.475531268420208
  149    0.449898228501400    0.565447647894172   -0.691274577488750
  150    0.834663924378237    0.257432992699894   -0.486892583236895
  151    0.869286781109763   -0.455318559697030    0.192420116888149
  152    0.650043979923429    0.362065554763643   -0.668095321207239
  153    0.820242560515028   -0.567834093989154   -0.069040449182107
  154    0.855291056061111   -0.024911980317031    0.517548647625084
  155    0.855469448394477   -0.022082703208898   -0.517382234989409
  156    0.954853435781994    0.174635693327746   -0.240327465744678
  157    0.853466726902436    0.447339826402641   -0.267360479099845
  158    0.948999175441944   -0.162292281133606    0.270299427478050
  159    0.952330655365580    0.304598568341110    0.016912569748872
  160    0.894538903317832   -0.369009408776946   -0.252254250083163
  161    0.949679586029997    0.129814773195349    0.285055798990537
  162    0.963288677480359   -0.268463815578448    0.001450366575345
  163    0.999676868230265    0.016698457040274    0.019165611333932
   
 U =    12136.0720648204     


 http://math-lab.ru/  - см. Задача Томсона
