    158
    1    0.125108344592107    0.150475509659084    0.980665602081699
    2   -0.984106931570093   -0.119103038127803    0.131711858025100
    3   -0.797484927195406    0.011247730510471    0.603234017156279
    4   -0.897892609919436   -0.394833946443704    0.194666421829123
    5   -0.948452767423758    0.236037436185557   -0.211479731145004
    6   -0.749204868092818   -0.476607721980831    0.459931674245497
    7   -0.880897877322563   -0.209715168100399    0.424309413043388
    8   -0.945301939937726   -0.312868019197805   -0.092292171462225
    9   -0.937496578393529    0.074192896531985    0.339993499356415
   10   -0.889162090480810    0.412674883324714    0.197712461733525
   11   -0.895681058491601   -0.176953842490451   -0.407973993150581
   12   -0.812319719049082   -0.580429935879210   -0.056901349538277
   13   -0.985246683033201   -0.039752846273869   -0.166459258634661
   14   -0.320206008021172   -0.056347025014597    0.945670727684404
   15   -0.731986245022565    0.680472628112292    0.033957907587417
   16   -0.706451723897687    0.652005460577985   -0.275344949433389
   17   -0.875452450243500    0.474852133423481   -0.089991437069429
   18   -0.571393640576666   -0.817754956322791    0.069181926238391
   19   -0.881310909855066    0.109653156889482   -0.459638189617232
   20   -0.534687900439603   -0.539566205454685    0.650366941852615
   21   -0.981560904817600    0.178179427234160    0.069211862019175
   22   -0.740836596180405   -0.638827642253136    0.207509954588041
   23   -0.835766161679539   -0.446467429969658   -0.319627528488613
   24   -0.695561826036575   -0.269684186253374    0.665931066887198
   25   -0.816440931891919    0.411002848525809   -0.405587059994677
   26   -0.270774935567291   -0.560346948092747    0.782746595030393
   27   -0.711174555389397    0.263786436895180   -0.651649804325022
   28   -0.724132537501747    0.614563538181385    0.312959623065434
   29   -0.658307723007604    0.241664336042884    0.712902020275925
   30   -0.561476754680299   -0.723786990418865    0.401093812535273
   31   -0.529000469516118    0.823235896438168    0.206012528908736
   32   -0.836064007428134    0.299221272439230    0.459851721322273
   33   -0.497447263660461   -0.505806150089998   -0.704773976823672
   34   -0.285401687528555    0.882154960444177    0.374631155297561
   35   -0.453720578091968   -0.312951839191419    0.834385272738318
   36   -0.012556043181091    0.940425625420918   -0.339767551174784
   37   -0.641751115923060   -0.737061517048221   -0.211886349956958
   38   -0.533342356620377    0.838942916926038   -0.108262240759432
   39   -0.447916062326559    0.500131160088334    0.741107295753164
   40   -0.747457168042455   -0.048535440232635   -0.662534597574630
   41   -0.618214749804102    0.549876778034949   -0.561645842237397
   42   -0.321082100800526   -0.946803574015806    0.021662797058945
   43   -0.580261842265445   -0.034374852947691    0.813704223840295
   44   -0.663492574061389    0.493364758095011    0.562466727580613
   45   -0.404336755183466   -0.883134805951240   -0.237875393694203
   46   -0.286509401545870    0.928645915647669   -0.235646188547004
   47   -0.327572695203847   -0.758810336769811    0.562941384309391
   48   -0.540952753199244   -0.220710470249007   -0.811576864584384
   49   -0.491689451242571    0.717770063783176    0.492998599464009
   50   -0.726472119874562   -0.334175274331731   -0.600470769538596
   51   -0.476718176952583    0.777706008027989   -0.409772064494610
   52   -0.656418490002976   -0.593392984726277   -0.465832085262332
   53   -0.195046137207251    0.829021054903907   -0.524100271786368
   54   -0.171599276364823   -0.322527630943459    0.930875725126114
   55   -0.547899679068615    0.080390658452601   -0.832672374772975
   56   -0.028889581886982    0.997577113659180   -0.063287394967837
   57   -0.104157496028682   -0.977965655010940   -0.180926486839432
   58   -0.423679678825596    0.230394030146458    0.876021758076312
   59   -0.182127951996325   -0.876603868301965   -0.445415611737685
   60   -0.052736777921403    0.973892418954603    0.220799430608914
   61   -0.345822769464786   -0.890487739101714    0.295699507319887
   62   -0.305115155796915   -0.097951595638886   -0.947264602217786
   63   -0.366047785576114    0.650958231059069   -0.665028119774849
   64   -0.196385014374074    0.472546854664289    0.859146318316143
   65   -0.157136786348520    0.197496464028074    0.967627602475491
   66   -0.250333772787656    0.714239636127138    0.653601365043611
   67   -0.293148429478899   -0.386878625121922   -0.874293387666764
   68    0.086291990236596    0.420250631230358    0.903295687674580
   69    0.024216229285860   -0.521387848595350    0.852976134236057
   70   -0.483127227456960    0.387796337561744   -0.784985402834631
   71   -0.306073230205128    0.197253875131882   -0.931348531161806
   72   -0.305875821133420    0.949902935974069    0.064221447148128
   73   -0.245370953108191   -0.665834787393364   -0.704597141115128
   74   -0.207254368801018    0.498537158730391   -0.841728179389238
   75    0.620500003496372   -0.631648248287056   -0.464758255544639
   76    0.020385655551372    0.661793509126967    0.749408951324412
   77   -0.034000228266747    0.021144610945606   -0.999198123449883
   78   -0.433390245802978   -0.749614670452424   -0.500250677845955
   79   -0.026957627196340    0.693501474422459   -0.719950686720847
   80    0.017962523136387   -0.781041322523844   -0.624220954688947
   81   -0.026088250256748    0.858893823262698    0.511488810786440
   82   -0.073498999535326   -0.909772404586598    0.408548735061100
   83   -0.061947180767057   -0.752129108672380    0.656097820970856
   84    0.204960623894807    0.926090680044284    0.316776253825579
   85   -0.041543784319757    0.302015965450043   -0.952397223115267
   86    0.117537168971508   -0.914119669799326   -0.388033817078014
   87   -0.030426853563559   -0.259526840567379   -0.965256455874467
   88    0.374982485459806    0.267991328890365    0.887450721582873
   89    0.155115605075391    0.826820840242857   -0.540653722082990
   90   -0.060612333396485   -0.989432707228509    0.131715841517626
   91    0.140301696011859    0.498924270755570   -0.855213427249139
   92   -0.020656094061250   -0.091823167968454    0.995561063723552
   93    0.178554553822540   -0.294656537870956    0.938773559490858
   94    0.320338622352089    0.540012878219718    0.778311800235884
   95    0.378885386117497   -0.883165238908252   -0.276523100247927
   96    0.167437767479122   -0.982252780084307   -0.084522600754223
   97    0.242200504038730    0.766704836292399    0.594560854622326
   98    0.244016152538802   -0.092674004242691   -0.965332919897476
   99    0.207966394398497   -0.855907924944985    0.473467636504607
  100    0.325510175755277   -0.042706244659536    0.944573608644053
  101    0.440905435500902   -0.897395580646659    0.016839500634083
  102   -0.037164684757270   -0.528859847284045   -0.847895069060783
  103    0.238410244311624   -0.377374350270298   -0.894845883471194
  104    0.208316904600476   -0.684205954841446    0.698903626129656
  105    0.212927101846816   -0.954355730778172    0.209444953221547
  106    0.581307184904665    0.064034949174266    0.811160577236383
  107    0.361132057219192   -0.765577463157250   -0.532423501692351
  108    0.228296629901813    0.207359641381822   -0.951253188116327
  109    0.470201091456166   -0.826198589085466    0.310333409394824
  110    0.320533497272690    0.645507471409983   -0.693237608241235
  111    0.242862455517982    0.969582790796941    0.030447323202394
  112    0.822919967921727   -0.430922163503852   -0.370282075446360
  113    0.364225171310681   -0.477071951936259    0.799838969580398
  114    0.258581692052343    0.931260343376838   -0.256689854472280
  115    0.591096988739950    0.361719639490037    0.720946081416468
  116    0.686824455342569   -0.618588373430264    0.381602662202826
  117    0.500382553871726   -0.234682532510745    0.833391509865052
  118    0.523236570673847    0.618269124706487    0.586486811909822
  119    0.743242489434265    0.464502093280110    0.481485625162322
  120    0.465705522074999   -0.680245331026111    0.566025314209558
  121    0.446347007373540    0.806828628202886    0.387042521851197
  122    0.495296213969608    0.861550630173758    0.111409928079022
  123    0.626299550059424   -0.444807275065884    0.640230709700672
  124    0.441299542923257    0.774194256474048   -0.453737773012475
  125    0.488297134280580   -0.233230710034678   -0.840933614829430
  126    0.679220444577302    0.676070457063757    0.285636700642294
  127    0.209634832610951   -0.632605940664761   -0.745562177683278
  128    0.513356520280140    0.840938094080493   -0.171137970684865
  129    0.614991323188865   -0.759464920471514   -0.212128986646347
  130    0.460689498069777   -0.526420644805203   -0.714595333801650
  131    0.679569094310570   -0.040321513070518   -0.732502574494872
  132    0.669204500017909   -0.736514796746084    0.098545884388212
  133    0.725899149006723   -0.158745426669964    0.669231137188555
  134    0.776818378464967    0.160533812038511    0.608918797600668
  135    0.426064093534099    0.390004164914675   -0.816312525660469
  136    0.721212542674098    0.692459026846467   -0.018787347561745
  137    0.475266678056392    0.086533750943862   -0.875576093024945
  138    0.804404177261018   -0.579898801832423   -0.129039913353758
  139    0.893929297529884    0.269210983018829    0.358351583838782
  140    0.586865753114888    0.544279487135717   -0.599456777177618
  141    0.886236775436560   -0.067569090743393    0.458278076979382
  142    0.685189351993972    0.650179363967767   -0.328302218366783
  143    0.663493145727280    0.267725726871328   -0.698641382072475
  144    0.823783912771301   -0.359576746439167    0.438274603963575
  145    0.847821661198695   -0.506179244892268    0.158053797305156
  146    0.670390451847117   -0.376902364459184   -0.639156670728934
  147    0.855838557848017    0.491394676644890    0.161467131843266
  148    0.863910681800859    0.476724821901085   -0.162455464831916
  149    0.799487503169022    0.399884975192488   -0.448231791478324
  150    0.944984279064889    0.196229049110041   -0.261722892780858
  151    0.951034005529499   -0.242584325007624    0.191538940132582
  152    0.845577669642183    0.116444496239848   -0.520998161127218
  153    0.939720538530887   -0.327886585942341   -0.097034510470735
  154    0.974580917599276    0.046711815248898    0.219111937984915
  155    0.825683711317308   -0.180139905605180   -0.534598936843156
  156    0.945334749989307   -0.114768291155664   -0.305238349176284
  157    0.963154554230887    0.267909317414081    0.023619955694742
  158    0.998315719557151   -0.031133601002151   -0.048953273370904
   
 U =    11386.2363358974     


 http://math-lab.ru/  - см. Задача Томсона
