    256
    1   -0.194111298745770    0.093115331025564    0.976550223402376
    2   -0.993362538980923   -0.008024344870531   -0.114745265866500
    3   -0.942134704831223   -0.051796308543833    0.331208907449387
    4   -0.974066336333129   -0.222589910575273   -0.040601774993809
    5   -0.827126110232874    0.135369039226440   -0.545470091746510
    6   -0.855734633906244   -0.444081888081567    0.265536274379335
    7   -0.951641182977991   -0.242674549682731    0.188382912697869
    8   -0.944706216074688   -0.173119420722272   -0.278495657917012
    9   -0.993396564260586   -0.021306656904365    0.112735497900274
   10   -0.977400491236187    0.199600762098172    0.069626255831328
   11   -0.864092270898631   -0.101276277577510   -0.493039210381173
   12   -0.901103996487444   -0.388737361435027   -0.192080325225906
   13   -0.937964776510921    0.057200293061933   -0.341979830543332
   14   -0.572946896037224   -0.116784239225463    0.811229496375619
   15   -0.891139997357255    0.411204567598691   -0.191781930056209
   16   -0.780762690152616    0.515941376758943   -0.352440232399390
   17   -0.880182809985458    0.282555193527966   -0.381366993349552
   18   -0.796605252190129   -0.596675550977323   -0.096945134220390
   19   -0.734277029535964   -0.023817283702475   -0.678432001672147
   20   -0.737599432438536   -0.421030772600677    0.527901662991912
   21   -0.965672108409964    0.206953760753282   -0.156995286391431
   22   -0.900598709729782   -0.433009119762375    0.037750049478984
   23   -0.844323384031657   -0.330866744457014   -0.421479798554746
   24   -0.867626796097119   -0.277978675435833    0.412251863182191
   25   -0.747947253829403    0.379272811177690   -0.544726573787645
   26   -0.557656120685559   -0.347657571080732    0.753759818730196
   27   -0.677322344520205    0.226407141485825   -0.699981605399649
   28   -0.885365352257448    0.392388411041887    0.249318125899557
   29   -0.857496755435078    0.126008436354787    0.498819795503081
   30   -0.720954467322138   -0.583990312508741    0.373068319405702
   31   -0.910774176810886    0.411802577369829    0.030150225969630
   32   -0.940690756042841    0.175173558423404    0.290542812550629
   33   -0.577219825976837   -0.408485115893695   -0.707076504059203
   34   -0.794980537875040    0.589671687141220    0.142454363864149
   35   -0.718620207037796   -0.234750784613988    0.654581597022153
   36   -0.526212935714487    0.837617435237093   -0.146618479304539
   37   -0.781087549385941   -0.536582924643734   -0.319344649516854
   38   -0.798689724589425    0.593954333989541   -0.096503745887448
   39   -0.720065090593793    0.245368809011946    0.649076584751146
   40   -0.589810496231469   -0.182003414394178   -0.786764472815117
   41   -0.574442295292406    0.463545494613778   -0.674641848540735
   42   -0.646703077950426   -0.729171387108359   -0.223795033885733
   43   -0.841391347814906   -0.095505811627500    0.531920332162240
   44   -0.818377113821978    0.346223162687231    0.458681175972223
   45   -0.618926112795809   -0.653449584626763   -0.435814303632385
   46   -0.671022423458296    0.696301080880638   -0.254742442440617
   47   -0.572061529571212   -0.531046431003830    0.625088229374654
   48   -0.404775047899659   -0.098817237935497   -0.909061226807429
   49   -0.745489620970127    0.554405088723072    0.369973272850593
   50   -0.741271194729460   -0.254681656753899   -0.621010683947908
   51   -0.631825000693841    0.596688269924218   -0.494732530801313
   52   -0.694258241497812   -0.476089367923740   -0.539763288731587
   53   -0.438254879567955    0.666376107995351   -0.603220973796375
   54   -0.369967832772386   -0.458313419977603    0.808129081138735
   55   -0.573043279467209    0.057074503656976   -0.817535259722647
   56   -0.349296942473254    0.936465576052581   -0.031997981926119
   57   -0.459732555537732   -0.802034388730582   -0.381296232176909
   58   -0.723911373985393    0.015299912651340    0.689723303424962
   59   -0.471460161792934   -0.650803976622934   -0.595129817648180
   60   -0.499632239226457    0.858938140679092    0.112218073465465
   61   -0.774078635964710   -0.618963528766282    0.132990283104462
   62   -0.174232267485175    0.187248786655751   -0.966737300854231
   63   -0.366526778670631    0.528581956371793   -0.765675672798541
   64   -0.568994217195267    0.126906315992602    0.812490226254773
   65   -0.394552901670906   -0.007558424293876    0.918842139872385
   66   -0.662726270604527    0.477250626691733    0.577083815032932
   67   -0.405010411465966   -0.319546206338043   -0.856654416097374
   68   -0.385691662879462    0.229710638252401    0.893574263203092
   69   -0.359778442081911   -0.783472757487261    0.506685218738834
   70   -0.492993553633973    0.306250854082497   -0.814351134615215
   71   -0.383607612392333    0.131949284459326   -0.914021108096156
   72   -0.667922533918629    0.744192561371994    0.007544553154973
   73   -0.198663478384977   -0.473749035520481   -0.857959599106739
   74   -0.277666189613940    0.368161664595174   -0.887332224067055
   75    0.172747532945592   -0.971219691497825    0.163983537917929
   76   -0.554784810091423    0.358174142058612    0.750949464646191
   77    0.023830828029185    0.092924472000517   -0.995387931481424
   78   -0.396631529178521   -0.524052722929790   -0.753692360085586
   79   -0.121763245793467    0.536237714598345   -0.835238184840818
   80   -0.230709067910385   -0.667520413415430   -0.707947613639325
   81   -0.637406893117230    0.728801713317918    0.250121001260403
   82   -0.554551200377874   -0.690793180524811    0.463980331371789
   83   -0.377687727273956   -0.635841932591364    0.673095102808744
   84   -0.435971999483840    0.836000801101547    0.333213259375484
   85   -0.023983433981193    0.349756476904465   -0.936533609518551
   86   -0.288833005965784   -0.797027398499484   -0.530398737466365
   87   -0.193714221816359   -0.036970571558470   -0.980361146264336
   88   -0.176817771899308    0.317126678427452    0.931754337457109
   89   -0.506272555907851    0.765415715803695   -0.397274314718746
   90   -0.642755918125402   -0.766070992604486    0.000252991597604
   91    0.125607911341075    0.496340531263764   -0.858992857731272
   92   -0.384891164741352   -0.240380985603284    0.891109293557440
   93   -0.178749810282073   -0.374238902355383    0.909941618615151
   94   -0.364925229482350    0.451399314287965    0.814290019555446
   95   -0.280407276353403   -0.913033837559001   -0.296211024170861
   96   -0.471602114402922   -0.868130688811657   -0.154727349987298
   97   -0.566900227730209    0.678237067476925    0.467566692675749
   98    0.010908889411093   -0.151586948854304   -0.988383727642690
   99   -0.424891814404359   -0.852591240145769    0.304228735130117
  100   -0.190927277336013   -0.142018739556233    0.971276197785118
  101   -0.460496839410381   -0.884200881347780    0.078303654556212
  102   -0.199999140001250   -0.260025990664947   -0.944662282605521
  103    0.006904843671185   -0.383173322757357   -0.923650652498532
  104   -0.189523529753399   -0.893603484720330    0.406882837885177
  105   -0.614711688541128   -0.753024587583162    0.234698765369833
  106    0.019852621651932   -0.496689226114126    0.867701380704039
  107   -0.101082504694849   -0.892438350156592   -0.439700032311115
  108    0.183766695636260    0.253752177742449   -0.949652375275234
  109   -0.252028760257245   -0.949228476551924    0.188273214521106
  110   -0.209250905270610    0.692471133244258   -0.690433044014293
  111   -0.180461837014896    0.968204983528487   -0.173241551747295
  112    0.173158830364768   -0.687531932709549   -0.705206254206085
  113   -0.167903489190580   -0.763703206464016    0.623350487891210
  114   -0.353358482912748    0.888961090762814   -0.291351954967509
  115   -0.475130925199121    0.584534501826181    0.657700555035683
  116   -0.278437305207819   -0.958972724496004   -0.053328985939356
  117   -0.172615983012705   -0.589613502776787    0.789024486154799
  118   -0.354551886531715    0.769285740063448    0.531500150415627
  119   -0.259778414260601    0.663358850708972    0.701762218041353
  120   -0.009772091520670   -0.956417738646362    0.291838337834307
  121   -0.277705525428015    0.941082816936764    0.192983866717185
  122    0.122365746158216    0.991602396706130    0.041848668005119
  123    0.026219490267976   -0.701503771062109    0.712183261187545
  124   -0.286981434785096    0.813673553234182   -0.505546244033075
  125    0.209978961660253   -0.262964726148183   -0.941678495274206
  126   -0.108820757074844    0.993326248613754    0.038223116625731
  127   -0.049268630674315   -0.772261195259101   -0.633391860011212
  128   -0.116279889544975    0.916920018391340   -0.381754721202807
  129    0.085435160444155   -0.941624849334916   -0.325643173542573
  130    0.137997933753794   -0.838087863361285   -0.527792860472932
  131    0.196026030542505   -0.491526137360525   -0.848513907747652
  132   -0.090779789958706   -0.978210860463778   -0.186715136520228
  133    0.014086835264104   -0.260243498146113    0.965440253327422
  134    0.025311344696215    0.219671413404583    0.975245510608740
  135    0.331909481980308    0.399217824583063   -0.854670243021676
  136   -0.048120929251870    0.818842539008921   -0.571997615796920
  137    0.210622017912973   -0.018460665549973   -0.977393252175254
  138    0.105145971329315   -0.992635954512015   -0.060151363436217
  139   -0.199475093569515    0.893405900928138    0.402536437148509
  140    0.034438081126950    0.677682994615565   -0.734547328207771
  141    0.204340960625908   -0.122697639375483    0.971179726467849
  142    0.181526508629549    0.796058387526483   -0.577355324140604
  143    0.371954424991340    0.135688921083524   -0.918280143760362
  144    0.019152261536217   -0.856986658393499    0.514982580495295
  145   -0.072169917421544   -0.995115370669366    0.067356529579076
  146    0.269332070929748   -0.943098830904389   -0.194999565936612
  147    0.039706843684279    0.983263488017356   -0.177809672674395
  148    0.396423756275684    0.725726178935452   -0.562289710619023
  149    0.264518064070133    0.627742648032427   -0.732099283992155
  150    0.395409462802820   -0.356456797498615   -0.846516336666350
  151    0.205875394687583   -0.374053208391364    0.904267393614499
  152    0.515784917774912    0.274097666719717   -0.811687370663566
  153    0.209806189324926   -0.897832914006365    0.387140054047361
  154    0.009681102607051   -0.014374543036566    0.999849813104349
  155   -0.014130236213259   -0.598466483976957   -0.801023223122036
  156    0.344886553413353    0.937427828967259    0.047773745429795
  157    0.398623181387583   -0.115808051885512   -0.909773628095981
  158    0.225761767236973    0.116501977775528    0.967191249768332
  159   -0.033579454035938    0.968461893755091    0.246888599596968
  160    0.347449116183153   -0.937484840319154    0.020032120090399
  161    0.044014645323841    0.444520597598336    0.894686620726964
  162    0.222357436782025   -0.773775533463744    0.593151409102790
  163   -0.155526183947370    0.521861268691261    0.838732628640806
  164    0.364497423544198   -0.733508899556730   -0.573677890894112
  165   -0.106516205770055    0.799691718968902    0.590887004867185
  166    0.237741864579494    0.344636739838465    0.908132327020561
  167   -0.004915175700350    0.661133230783411    0.750252418990918
  168    0.385699629553788   -0.473580115620190    0.791806586137826
  169    0.047059152691462    0.894378223378119    0.444829214075425
  170    0.416275896581501   -0.791701687836733    0.447127292168277
  171    0.383892262087020   -0.229445772453460    0.894416775677282
  172    0.210759739254312   -0.600812626654257    0.771106036782405
  173    0.205899708609302    0.576764397878921    0.790536614796538
  174    0.584655927450930   -0.109137194794904    0.803907033934143
  175    0.142713751602506    0.768853126727868    0.623295800262058
  176    0.323331953958618   -0.860755490518262   -0.393136659562509
  177    0.413194113169873   -0.652627074580169    0.635097257407629
  178    0.200218293314630    0.946148317326953    0.254393389539809
  179    0.276934563590849    0.846701346022254    0.454317155886557
  180    0.331867074639425    0.863343483067266   -0.380134548568728
  181    0.462905054986644    0.523674035379210   -0.715181385899735
  182    0.563562704942892   -0.611689747063586   -0.555187113444412
  183    0.112420923184045    0.914214093250873   -0.389325221032406
  184    0.570624758084107   -0.202522334026884   -0.795846775253728
  185    0.256409152488557    0.950878690658430   -0.173447577589913
  186    0.564863116480700   -0.433374965632030   -0.702222043803203
  187    0.638376702492108    0.388937527175635   -0.664230973133446
  188    0.529077859307726   -0.759091842646183   -0.379283789817568
  189    0.563490382786084    0.036048533100502   -0.825335744875317
  190    0.535784164384200    0.764993063491584   -0.357380668202530
  191    0.546950328452090   -0.326317396491914    0.770948957423830
  192    0.464074217978861    0.870996467116121   -0.161246006085560
  193    0.420109224216566    0.869242686562407    0.260625001843500
  194    0.584091687653335    0.610450953973398   -0.534964048518447
  195    0.704047739618419   -0.620418184317201   -0.345540239200506
  196    0.477588579124443    0.746467273968606    0.463352736027073
  197    0.712751704302204    0.622797441771179   -0.322658262775925
  198    0.380886206495516   -0.567830003431867   -0.729722402632687
  199    0.718673374070873   -0.273996303801051   -0.639088888109432
  200    0.403881488211385    0.465179359008559    0.787710548001322
  201    0.616312139456764    0.742742924634815    0.261710325862674
  202    0.732340983815743   -0.054403749671650   -0.678761309626185
  203    0.704012188321867    0.168840073856988   -0.689825969469274
  204    0.588254593655289   -0.502393175707098    0.633685750231444
  205    0.744608713601425    0.458341971949116   -0.485263330964361
  206    0.551859465379423    0.831958068662693    0.057418659494797
  207    0.655194613721576    0.743415723326393   -0.134361752226335
  208    0.737626196567988    0.670904737286805    0.076121137818401
  209    0.352337130155727    0.678417650201972    0.644676693085814
  210    0.782565368330115    0.556079974605110    0.279940183134777
  211    0.851917481971044   -0.208355696341438   -0.480441992038779
  212    0.544712115286346    0.552595661807431    0.630814351463156
  213    0.411773644146307    0.006824928141537    0.911260602869637
  214    0.753174073709860   -0.453258602356125    0.476744642425551
  215    0.656138105062645    0.607069300972010    0.448274080114117
  216    0.394780138054828   -0.887189678626527    0.238837008723463
  217    0.432444412470265    0.242868990953803    0.868335467061164
  218    0.601715069889680   -0.650535339399746    0.463403438549732
  219    0.603540974719026    0.349017000721599    0.716885921916805
  220    0.741863647772211    0.418135412487251    0.524214750782754
  221    0.816961410485445    0.564255049027280   -0.119123018031172
  222    0.746349135175485    0.184074150245629    0.639593367409447
  223    0.731214746964413   -0.452277631288488   -0.510656379631004
  224    0.599098091715637    0.115957585575753    0.792234381259817
  225    0.885762554525570    0.363526209299058    0.288571294748791
  226    0.591396953512903   -0.761607711929647    0.264959122328229
  227    0.477890423081047   -0.860175515968768   -0.178097796884977
  228    0.755681842009448   -0.587822154230676    0.288808013484416
  229    0.660088935862937   -0.736329857307351   -0.148663842238362
  230    0.812233577000404   -0.569928870754912   -0.124328993694793
  231    0.855329963046075    0.237343066423481    0.460520274403092
  232    0.716699745007778   -0.280297282326082    0.638572555804270
  233    0.856311744211707    0.420446041099621   -0.299925529504842
  234    0.820700433240555    0.249156641497061   -0.514170951023753
  235    0.749999167581524   -0.051261971242334    0.659449360399547
  236    0.551689561717953   -0.832605495786432    0.049058290611087
  237    0.879523539276550   -0.372430785119387    0.296198673450453
  238    0.727615456992620   -0.681834157941540    0.075352025915514
  239    0.858828216163981    0.025652143646532   -0.511621014665086
  240    0.864646745718897   -0.492331119884117    0.099980365629315
  241    0.925927817054695    0.203188910625071   -0.318389610702555
  242    0.841776688068458   -0.435280143538103   -0.319285458588311
  243    0.878995464109726    0.470033749470272    0.080220000208455
  244    0.959926794626321   -0.258761763241415    0.107623876731096
  245    0.929944511440368   -0.239208947929725   -0.279253083908289
  246    0.950675373507508   -0.019281473635527   -0.309587724208832
  247    0.950382547148418    0.115452362224630    0.288866346486463
  248    0.874705792362040    0.006185991060851    0.484614806132552
  249    0.850870198950126   -0.224782007972354    0.474860983268250
  250    0.934843988925088    0.338697191862678   -0.106540736786290
  251    0.924216158091978   -0.371201183600183   -0.089633556303024
  252    0.987685632644424   -0.128788144313895   -0.088829640053124
  253    0.947526142058962   -0.126990655577587    0.293372772272469
  254    0.965797953226405    0.240195399124326    0.097675400092311
  255    0.988062308509651    0.109899605692542   -0.107958099145931
  256    0.995100868726166   -0.005034713800206    0.098736582467591
   
 U =    30507.0708103764     


 http://math-lab.ru/  - см. Задача Томсона
