     85
    1   -0.001643735242043    0.000085954913168    0.999998645372186
    2   -0.959337607450048    0.242648394451233   -0.144198167818656
    3   -0.797858649828006    0.029547002198865    0.602120045801243
    4   -0.634652477176172   -0.616938053529221    0.465406995351085
    5   -0.545516081179060    0.258583792772103   -0.797211783211108
    6   -0.637314468160461   -0.303765559929342    0.708206716484786
    7   -0.886919733455325   -0.278480880927824    0.368540072943498
    8   -0.989428519690620   -0.144980955190233   -0.003424478785954
    9   -0.954164677325486    0.148989736019948    0.259560835075434
   10   -0.744777060122270    0.417245192542429    0.520781700922623
   11   -0.905119026072916   -0.070155953816277   -0.419330049942696
   12   -0.830080146774317   -0.549099359268708    0.097246303692338
   13   -0.753881931591066    0.596057279114397   -0.276365253306679
   14    0.360033287964122   -0.452864268830055    0.815653103699583
   15   -0.380073161283161    0.867293230414019   -0.321476040398409
   16   -0.126933535919384    0.774454908238491   -0.619764045879004
   17   -0.588365915438955    0.808594751439910   -0.000278376562068
   18   -0.555007725488902   -0.822432541159119    0.124784373581750
   19   -0.803730678016250    0.294178005272482   -0.517181107958752
   20   -0.328008318542690   -0.546507562942722    0.770545278756027
   21   -0.845689360366748    0.517139692185020    0.131818225330425
   22   -0.285736477840422   -0.822871945783073    0.491158249523032
   23   -0.868183620472592   -0.418166339312788   -0.267196769832353
   24   -0.534155410401683    0.196109871123185    0.822325310316214
   25   -0.510278630887175    0.614330807808183   -0.601841654787748
   26    0.055114473421227   -0.717560878738663    0.694311731229783
   27   -0.272947098560155    0.024719627149223   -0.961711402355819
   28   -0.563434773447919    0.738990105580193    0.369370924578895
   29   -0.185629470929368    0.326468820560422    0.926800846311854
   30   -0.203731586007867   -0.969754620133025    0.134422533800588
   31   -0.237952629051474    0.968702945335697    0.070662224883146
   32   -0.408364476931007    0.581937295103842    0.703269108199763
   33   -0.002307435983674   -0.872081669013490   -0.489354920594273
   34    0.146719938576551    0.984036189505957    0.100727540259308
   35   -0.004078357019557   -0.381015878692676    0.924559498998344
   36    0.291096150897911    0.790823330123047   -0.538387863408449
   37   -0.629207323030871   -0.729752034761430   -0.267507219352820
   38    0.013133694086567    0.959753084200188   -0.280537918021553
   39   -0.009458949443723    0.648945781227958    0.760775854836269
   40   -0.668102013357723   -0.097344614377336   -0.737674539210270
   41   -0.219550975216423    0.444448274524842   -0.868483218348753
   42   -0.298821289638312   -0.922881445583123   -0.242890251466174
   43   -0.359005903757554   -0.139893702033550    0.922791695453839
   44   -0.207828652566125    0.867983640362238    0.451011808311119
   45    0.110416532966356   -0.988729828626606   -0.101101509542104
   46    0.417479737632236    0.891405930395729   -0.176369316837835
   47    0.114940621054954   -0.932006118208828    0.343734271280612
   48   -0.371556066234895   -0.342694312231454   -0.862848015590383
   49    0.173877519218054    0.866509547624141    0.467897223957123
   50   -0.659568958310038   -0.460008873530504   -0.594441439930805
   51    0.146333175041488    0.554102213223576   -0.819486021346924
   52   -0.358062658265163   -0.711185902515377   -0.604984086418373
   53    0.643094124791583    0.625842349172964   -0.441306356899847
   54    0.418686128973051   -0.755601791144069    0.503753767852346
   55    0.052862190940249   -0.206603386324871   -0.976995716228118
   56    0.722392764603988    0.690449760718907   -0.037786526315741
   57    0.733857102193005   -0.636979647721463    0.236031103775596
   58    0.229865251938311    0.335446734562182    0.913584946363996
   59    0.265821549711886   -0.676309494114544   -0.686982075369729
   60    0.705567150495303    0.551205439705970    0.445362278802872
   61    0.444862969350959   -0.890016563352675    0.099837144681438
   62   -0.058856757319517   -0.558504951363388   -0.827410479399682
   63    0.104447879323566    0.190630462033488   -0.976089477173947
   64    0.397053162203425    0.623910772077429    0.673115246350881
   65    0.685514794256030   -0.106514125707720    0.720225109171315
   66    0.503934305618295    0.825655864927075    0.253658448178904
   67    0.390613001244810   -0.338181641020555   -0.856186113491200
   68    0.367206096548914   -0.066730211753733    0.927742831552264
   69    0.668023186012152   -0.465726852556269    0.580382220401525
   70    0.452710444487331    0.055808783001127   -0.889909339872336
   71    0.489107451520231    0.431676556075919   -0.757911110752322
   72    0.904016920914468    0.401343092835477    0.147231547344914
   73    0.606060083859626   -0.562441694380509   -0.562450455750944
   74    0.765156733992466    0.221892944296657   -0.604399448789742
   75    0.395728294238397   -0.855383424894330   -0.334242896043005
   76    0.592647348053218    0.277976883141620    0.755974849637445
   77    0.716950936017905   -0.164066925406992   -0.677542175314973
   78    0.704661821067286   -0.691581021278951   -0.158642393252561
   79    0.892387392027625    0.376140229642677   -0.249325630841451
   80    0.858353938089586   -0.368074642880109   -0.357420724405818
   81    0.867286505594929    0.166018953728561    0.469309944722899
   82    0.900494801256338   -0.221447127761207    0.374259645856482
   83    0.931655786982939   -0.363024804542318    0.015181761037915
   84    0.997248776349903    0.034584665746968    0.065565074268180
   85    0.947335993662558   -0.004304577650370   -0.320212407196577
   
 U =    3180.38006445771     


 http://math-lab.ru/  - см. Задача Томсона
