     73
    1   -0.342015548449911    0.045429553696276    0.938595504074819
    2   -0.943214865102207   -0.040352049289279   -0.329723263310889
    3   -0.906215700560296    0.099139441431841    0.411028557658217
    4   -0.801810200332912   -0.374862556866588    0.465379915876846
    5   -0.365435322839088    0.185787078210914   -0.912107551986795
    6   -0.684397980049021   -0.068166779647648    0.725915074273354
    7   -0.972035765523055   -0.209013569909529    0.107050446695390
    8   -0.862179743583560   -0.454614297106370   -0.223544023898355
    9   -0.974564882790387    0.224068462023700    0.004075973269519
   10   -0.788962008105871    0.513163892704188    0.337937522317714
   11   -0.722506455355648   -0.345888879649104   -0.598619499268529
   12   -0.754292582002552   -0.642951450580674    0.132876382145699
   13   -0.824348960026849    0.375832211094252   -0.423318959186401
   14    0.320767135351466   -0.169986970072897    0.931779413211008
   15   -0.173326582172080    0.754179823715147   -0.633380367088794
   16   -0.032210224626151    0.445665189023246   -0.894620053834256
   17   -0.532876985925006    0.765153601264254   -0.361361431732586
   18   -0.420302007412517   -0.902277897675375    0.096129173155263
   19   -0.712095703325823    0.065570104429010   -0.699013784349115
   20   -0.447212799898045   -0.411251594997315    0.794275038774048
   21   -0.794878243748969    0.602435319087887   -0.072389667287745
   22   -0.505184189489843   -0.702763474473939    0.500911602615479
   23   -0.578352215503657   -0.757393177271486   -0.303091223635089
   24   -0.620555306824426    0.352078086739626    0.700679764235993
   25   -0.511560743003832    0.502690896826601   -0.696855414318520
   26   -0.076877183178436   -0.663799731383380    0.743948798857759
   27   -0.002555955101609   -0.001830038900446   -0.999995059013364
   28   -0.513866951187622    0.850002925917555    0.115912822451762
   29   -0.237991498210249    0.466948663807163    0.851656616335684
   30   -0.136701251512136   -0.901300378045473    0.411060088515174
   31   -0.208069887106368    0.960309982211960   -0.185773141609889
   32   -0.451865260641095    0.723312469340327    0.522146395106348
   33    0.268496873729624   -0.910959080047761   -0.313150097039670
   34    0.213631149737156    0.976902862309381   -0.004746522276415
   35   -0.069808183384465   -0.292812163990771    0.953618295835185
   36    0.304123527945905    0.630705478793565   -0.713946411693144
   37   -0.194200940058143   -0.948180820171198   -0.251473909461811
   38    0.147486494223968    0.897442560168775   -0.415745818041792
   39   -0.041737719534417    0.781093593848206    0.623017463974615
   40   -0.394967908257551   -0.238851048145473   -0.887102321181984
   41    0.370344042681141    0.239485149824909   -0.897492146519361
   42    0.085965076811280   -0.993937784106435    0.068539673871560
   43    0.068005793605680    0.166885543439181    0.983628195725941
   44   -0.121982550845250    0.959384291103056    0.254365955414583
   45    0.505778985946485   -0.859434197523499    0.074568609361351
   46    0.585405505387859    0.806934813993786    0.078464005928838
   47    0.287049532964193   -0.844234391511517    0.452626620752931
   48   -0.023079002717067   -0.449930346866310   -0.892765390571536
   49    0.320646399667301    0.850441873891507    0.417054559395170
   50   -0.415403679944086   -0.617733489989095   -0.667716345490212
   51    0.675771619189654    0.432791115971016   -0.596677943814213
   52   -0.061936479746653   -0.795334294364124   -0.602998534562825
   53    0.539523846381435    0.768032546512410   -0.345021777114786
   54    0.337158070142469   -0.555937164233380    0.759775167508095
   55    0.343406439290439   -0.207931356895463   -0.915880215024581
   56    0.841641772570040    0.510085456143104   -0.177346987841470
   57    0.656235392826538   -0.610200712316650    0.443858310601538
   58    0.520492254944190    0.193270073926167    0.831705771933613
   59    0.635542415951925   -0.696635468245762   -0.332843599770220
   60    0.570330860506294    0.561615957272841    0.599424912804482
   61    0.819879662408640   -0.571152459352616    0.039776970022270
   62    0.314702070676190   -0.657662412428647   -0.684428782263465
   63    0.701751556987493    0.021773475343812   -0.712088946717390
   64    0.219937037770466    0.527255966281760    0.820748953966461
   65    0.666270171992533   -0.237927151451537    0.706735260557444
   66    0.803658538157867    0.527582348623883    0.275299508656421
   67    0.618122770516563   -0.397908353324595   -0.677933022446494
   68    0.828493508905576    0.159069765118510    0.536931388099511
   69    0.898515288656955   -0.240524877526768    0.367175788064031
   70    0.868571710523636   -0.313624821678395   -0.383696044943443
   71    0.924726100318147    0.133249789585890   -0.356547518524122
   72    0.974610701615511    0.192218806119649    0.114829921494610
   73    0.983197449786044   -0.180146253802446   -0.029497490997783
   
 U =    2320.63388394263     


 http://math-lab.ru/  - см. Задача Томсона
