     18
    1   -0.252058390661279   -0.027589147929818    0.967318668595697
    2   -0.852941238898759   -0.279269360779292   -0.441021390768947
    3   -0.673985912609792    0.545415702193899    0.498261679646230
    4   -0.896769098285124   -0.252243496804437    0.363563478199825
    5   -0.255039803259725   -0.124484454867131   -0.958883892475869
    6   -0.275015518941362   -0.778603477658760    0.564041743950834
    7   -0.788934776181698    0.516817811179598   -0.332387227460177
    8   -0.363311148261438   -0.893990872591461   -0.262269573668226
    9   -0.109041359188317    0.993096542445153    0.043234700991757
   10    0.199473888099649    0.642157424504553    0.740164853340178
   11    0.326907160253066   -0.659014156572655   -0.677371426923300
   12    0.455789290109687   -0.879590799303352    0.136294346185736
   13   -0.072438009657787    0.665408081928477   -0.742956808476162
   14    0.499495117216570   -0.355559355090734    0.789988716934784
   15    0.652240486800195    0.732618522883655   -0.194557054116306
   16    0.599085955430715    0.141878695438942   -0.788014247197480
   17    0.853538070429864    0.278502504349449    0.440351129665803
   18    0.953022344080840   -0.265516636602280   -0.145771490251263
   
 U =    120.084467890407     


 http://math-lab.ru/  - см. Задача Томсона
