     16
    1   -0.199963847520839    0.020994264907792    0.979578327917499
    2   -0.977516783185775   -0.076548221256373   -0.196472156838111
    3   -0.720713696695736    0.542414088821025    0.431692857994690
    4   -0.731106526090231   -0.482917660973990    0.481947901984940
    5   -0.428598472145221   -0.226949155772509   -0.874526975209414
    6    0.095182417758982   -0.748577780637934    0.656179559026902
    7   -0.552534533045097    0.598715335610235   -0.579866826691923
    8   -0.363172614408874   -0.897420523576954   -0.250483644189174
    9   -0.072945341789596    0.996752983731602   -0.034094963460140
   10    0.261860921613303    0.653636920226252    0.710061711577924
   11    0.367667014868510   -0.447453288172092   -0.815234028412493
   12    0.529650477798988   -0.847164470489104   -0.042222402918601
   13    0.323960911302186    0.469652854979317   -0.821264588155385
   14    0.759607142110445   -0.114770732107103    0.640175498364630
   15    0.747304572551096    0.663798469361515   -0.030124208164430
   16    0.961233098133380   -0.104113156302204   -0.255326030278342
   
 U =    92.9116555557643     


 http://math-lab.ru/  - см. Задача Томсона
