    208
    1   -0.180078091882979    0.023764703946762    0.983365201575746
    2   -0.999604052964486   -0.026584067259857   -0.009220882002133
    3   -0.918372001858228    0.011369513165200    0.395554800720833
    4   -0.955924370449981   -0.292806572421296    0.021746473891187
    5   -0.864417936998732    0.148926910191763   -0.480210792897859
    6   -0.876280227285717   -0.375352075455729    0.302065858248113
    7   -0.964256326286084   -0.148107126344255    0.219713486939949
    8   -0.954736245479096   -0.204857130571492   -0.215667006337304
    9   -0.970790867967418    0.142707859025571    0.192871868460396
   10   -0.883562433414494    0.467625329848341    0.025376704728702
   11   -0.885290725427258   -0.106938671331874   -0.452575355102608
   12   -0.871740240525619   -0.461905443205221   -0.163439024060122
   13   -0.966930302146462    0.049242541775586   -0.250241808797875
   14   -0.617374497401732    0.025840252097873    0.786244880002075
   15   -0.830096954685997    0.516717703048027   -0.209623140845195
   16   -0.673469003403220    0.618942255368545   -0.404165790207895
   17   -0.917737101729722    0.295494956028375   -0.265407880573503
   18   -0.730428285014979   -0.676931071212608   -0.090768085123723
   19   -0.750188857418015    0.000739100935704   -0.661223208860412
   20   -0.715846136885619   -0.424068240031363    0.554734563645207
   21   -0.970422828549782    0.239237479073457   -0.032325878735429
   22   -0.853965281673733   -0.511726100713757    0.094232136472625
   23   -0.844966581330378   -0.360822611046378   -0.394763878530607
   24   -0.845609086438203   -0.214237660687214    0.488924838473582
   25   -0.790253344365063    0.399633243320784   -0.464535168262581
   26   -0.480426290014095   -0.222988127732246    0.848213932185601
   27   -0.700726933090742    0.255942998174296   -0.665939146564305
   28   -0.738275793192096    0.672015744784750    0.057824665567373
   29   -0.855295209884885    0.242572226958937    0.457852398329585
   30   -0.730827666049002   -0.577127384139737    0.364437793064047
   31   -0.678926812612251    0.713271935811963   -0.174073342873701
   32   -0.891768198688657    0.376552858158213    0.250913181838798
   33   -0.535443372003340   -0.391422452753211   -0.748390846321863
   34   -0.532147186454361    0.846597719798341   -0.009574590380674
   35   -0.682470384103998   -0.213883682710442    0.698919126287985
   36   -0.060433036650709    0.978833270780729   -0.195533311980016
   37   -0.722738644032029   -0.607943795018887   -0.328714457425859
   38   -0.484942979929584    0.829623710137378   -0.276685391365188
   39   -0.736227381892151    0.460099886112214    0.496263374582243
   40   -0.581857196757629   -0.156304022472145   -0.798129848546201
   41   -0.602105611829486    0.498952883902411   -0.623309595505241
   42   -0.545829447571572   -0.814066934140203   -0.198406756193641
   43   -0.790629923903987    0.019742689477201    0.611975938775196
   44   -0.755932369244383    0.589142543116310    0.285442318199351
   45   -0.524544067215484   -0.735135404760637   -0.429452509849986
   46   -0.263232083025377    0.894033693665824   -0.362508793074547
   47   -0.524512197410885   -0.446646086350480    0.724840829641242
   48   -0.373446319647507   -0.110999072072406   -0.920986999007476
   49   -0.573928303218851    0.783294533424139    0.238863929198595
   50   -0.743182576234076   -0.255151233635541   -0.618528500844014
   51   -0.473175193685055    0.720763093632729   -0.506562729519344
   52   -0.680190865145635   -0.491964056149778   -0.543425941991262
   53   -0.247585085536359    0.771480200369829   -0.586105729247958
   54   -0.297511209535118   -0.443774358969889    0.845311421028851
   55   -0.558808757741957    0.093141526681178   -0.824049408881767
   56    0.108319095167118    0.976305381699308    0.187335995705965
   57   -0.321662915304610   -0.885114888792978   -0.336310277206531
   58   -0.697257650524727    0.261034790158121    0.667602132345189
   59   -0.288562961224105   -0.772326372766412   -0.565900513640917
   60   -0.107021960595383    0.992717813301162    0.055295959209332
   61   -0.699181023625631   -0.697952613832171    0.154945296949132
   62   -0.149455919170512   -0.030499102335596   -0.988297896882119
   63   -0.382413260412428    0.581804727002211   -0.717818471410857
   64   -0.499644963820143    0.267718113826489    0.823821535078050
   65   -0.412258834021220    0.022625617611499    0.910785778983819
   66   -0.575658561929372    0.667136939949679    0.472806010359413
   67   -0.327623053452156   -0.354397868869560   -0.875822633520851
   68   -0.266842239851260    0.259936519224533    0.928023827821569
   69   -0.127219759797886   -0.781191023105446    0.611192046853061
   70   -0.491061341935785    0.342443505101041   -0.800993885288982
   71   -0.336947159917186    0.152398057336622   -0.929107875084355
   72   -0.307945521552974    0.945368362207430   -0.106996334015271
   73   -0.279019302867733   -0.579345336889723   -0.765837586731898
   74   -0.258352412791785    0.406120015365584   -0.876538968856560
   75    0.483649022779804   -0.825384671612915    0.291245200184622
   76   -0.552539802524439    0.488947991669573    0.675003428190216
   77    0.120568315770464   -0.166490678920517   -0.978644028779034
   78   -0.478914582194065   -0.607458865803799   -0.633746439294333
   79   -0.132556446060006    0.604075571040289   -0.785825357875584
   80   -0.067433623794182   -0.726205544927246   -0.684162417046498
   81   -0.354632906753022    0.922192489013813    0.154261189721883
   82   -0.545768607428888   -0.637839532968013    0.543412695221854
   83   -0.336151154337043   -0.643360606663115    0.687815041440605
   84   -0.155794344133988    0.939602183195085    0.304755409584293
   85   -0.094500108208616    0.241918702204954   -0.965683732425907
   86   -0.081726479669881   -0.884975471562327   -0.458409420991547
   87   -0.108339375994367   -0.276624891607024   -0.954851427685247
   88   -0.077620797503937    0.427857556605999    0.900507036646576
   89   -0.021425286155481    0.901250319090238   -0.432768782900176
   90   -0.529343056856425   -0.846641787808227    0.054713904035309
   91    0.036411690806239    0.445842605242845   -0.894370482587000
   92   -0.247211288831076   -0.217286983639610    0.944284356227126
   93   -0.044196177391582   -0.380335138536511    0.923792119634274
   94   -0.335852344965463    0.480376681993523    0.810210741583999
   95   -0.107956085028907   -0.972156624689756   -0.207983126183479
   96   -0.337892723573821   -0.937524807528067   -0.082920097837178
   97   -0.379613227587514    0.831525918622235    0.405534763121534
   98    0.149781950703288   -0.400621520046282   -0.903918007852108
   99   -0.338472941516423   -0.811216595844997    0.476826700685768
  100    0.011048886546560   -0.129387034326386    0.991532610383695
  101   -0.340710660571289   -0.916606726929134    0.209161071715879
  102   -0.066500474191891   -0.511677787430401   -0.856599981778299
  103    0.156151427129274   -0.629294423020681   -0.761318107600601
  104    0.068959274727352   -0.871852346429527    0.484889785883767
  105   -0.533117435653877   -0.780249896678368    0.327102275344013
  106    0.160699306388379   -0.515332308070562    0.841788777060470
  107    0.129291978217415   -0.939724446160397   -0.316546283593983
  108    0.080269796633225    0.073002842283015   -0.994096245223299
  109   -0.139864755911688   -0.924267153131214    0.355201463533702
  110   -0.008805810225528    0.766640092157208   -0.642016687324761
  111    0.321858198028013    0.895122365262793    0.308485415487513
  112    0.552743442506059   -0.705360781899455   -0.443780186719439
  113    0.124205224695418   -0.715618311201447    0.687359800127670
  114    0.156823674214017    0.985575336940104   -0.063620676052800
  115   -0.372187828754180    0.680154622512013    0.631558318449525
  116   -0.141607002564378   -0.988023573523256    0.061293351899433
  117   -0.091004210063175   -0.600874165010853    0.794146379185404
  118   -0.166959590375857    0.818156457858731    0.550222232961901
  119   -0.143925634898477    0.636661410841758    0.757593333896262
  120    0.255808991834887   -0.910041710874698    0.326168429135425
  121    0.053060541585361    0.902553211651669    0.427296476774529
  122    0.554110273374758    0.796375673830718    0.242379023579231
  123    0.373635332085999   -0.607919225162471    0.700593215992595
  124    0.199583077812900    0.929430914336030   -0.310362321371684
  125    0.367892467240624   -0.471921052349789   -0.801215110252343
  126    0.257912881200940    0.808224608630296    0.529390146975777
  127    0.145786690805417   -0.814949663897916   -0.560895075835649
  128    0.366473338525459    0.927808826964793    0.069771575560680
  129    0.348090989127631   -0.923570449753593   -0.160780246392687
  130    0.351740413008097   -0.844749421223468   -0.403332489640383
  131    0.559044871963431   -0.512025409081554   -0.652149378276372
  132    0.104141085316085   -0.992740013750652   -0.060182218699082
  133    0.204911504301192   -0.269155767943602    0.941045401661212
  134   -0.000647005398603    0.185782451448616    0.982590689004204
  135    0.214252797548340    0.272626953574908   -0.937960704361955
  136    0.409470178474926    0.894719704857025   -0.178355887708454
  137    0.365014171679755   -0.228129930109718   -0.902619182967589
  138    0.315428859677059   -0.945100011568572    0.085385025712448
  139    0.056818117983769    0.747062488555159    0.662321175610862
  140    0.156205578863033    0.627133050481221   -0.763088431393232
  141    0.394236004011619   -0.392659637271658    0.830900946201556
  142    0.217027019239505    0.809492089860873   -0.545547275103352
  143    0.327280087158468    0.023452639351516   -0.944636288873656
  144    0.327919649548581   -0.782106788308839    0.529884586604639
  145    0.057711455115831   -0.978003303870451    0.200446814808555
  146    0.543607226346026   -0.838398473894243    0.039738928473040
  147    0.588271650888339    0.808637375043305   -0.006485402391582
  148    0.391273114049558    0.648429149624681   -0.653027555420883
  149    0.332018073283086    0.458221222840211   -0.824498217070364
  150    0.573731683774709   -0.279438532962299   -0.769900033334793
  151    0.592582710261477   -0.476491992300029    0.649462171933910
  152    0.465252335299409    0.229160665685132   -0.855000382339794
  153    0.556521823053449   -0.670874949027469    0.490112500588035
  154    0.203376346892057    0.031371237755242    0.978597929165265
  155    0.365957346021975   -0.688015458559471   -0.626665739988834
  156    0.748798415296827    0.641649520095570    0.166092825281784
  157    0.549210645187894   -0.026232118317686   -0.835272137198928
  158    0.402337235303571   -0.112991818741772    0.908491936114848
  159    0.488927028448987    0.728817142975540    0.479349489367637
  160    0.738586490081586   -0.674155440629140   -0.002106784063969
  161    0.185495484318751    0.327577227504274    0.926436498265243
  162    0.750884125600689   -0.515115486711964    0.413314729075052
  163    0.124553133349363    0.556399603260040    0.821526626753464
  164    0.717532135535984   -0.520904642173854   -0.462391596198395
  165    0.329005261864500    0.639082173673579    0.695219039553812
  166    0.394375421145594    0.175634329333856    0.902009207023788
  167    0.387200256556669    0.428207562002635    0.816525716169558
  168    0.582501010296007   -0.246853162125602    0.774439209591510
  169    0.560151522788730    0.530908849482859    0.635897841683909
  170    0.683203905026417   -0.689035416690432    0.241790443779107
  171    0.583467995838845    0.039590439121672    0.811170570818465
  172    0.768415110169223   -0.314374868787720    0.557410674761727
  173    0.593625588034237    0.292587305396045    0.749667479588176
  174    0.739454358434713   -0.092781517984863    0.666782454562455
  175    0.769006794802921    0.147267997749902    0.622045566165111
  176    0.565858093012184   -0.798039696172861   -0.207213083334382
  177    0.896318973423113   -0.298314060878595    0.328056426493765
  178    0.690001375635404    0.600016860793110    0.404818315278882
  179    0.747834190666353    0.382139105480708    0.542875425243034
  180    0.429076655115866    0.798786290248542   -0.421703315786765
  181    0.558942020155675    0.432221042874416   -0.707650187734622
  182    0.748300993579754   -0.618675006870613   -0.239346733592084
  183    0.615640256560309    0.741198295944547   -0.267604485372082
  184    0.750694668422527   -0.307129250816524   -0.584918061009294
  185    0.762795139255780    0.641027490554698   -0.085013715839865
  186    0.886296098594278   -0.455198091150684   -0.085287299343659
  187    0.674028178669929    0.183843765595407   -0.715463125681959
  188    0.851465371781314   -0.497263461891118    0.166540596028023
  189    0.736428458349571   -0.072810333215082   -0.672585891251060
  190    0.596564492612810    0.612324215699752   -0.518815825723643
  191    0.882398147366532   -0.074582107584040    0.464554645604189
  192    0.762572736397918    0.540650396639851   -0.355218200991678
  193    0.894172828368844    0.440883619833898    0.077952464804011
  194    0.748203139242973    0.370420003549465   -0.550437174795976
  195    0.960516159189803   -0.266669048368505    0.079349395571135
  196    0.853332935555200    0.414865386809058    0.315768288345292
  197    0.891541025646613    0.278288643460395   -0.357365401948703
  198    0.866906938236158   -0.372968035194248   -0.330707128984776
  199    0.962609172888442   -0.204179466261986   -0.178029002772023
  200    0.897909770827640    0.175379043920581    0.403732875061913
  201    0.965656729012353    0.202500475064260    0.162790169580080
  202    0.885353452825096   -0.138784499334908   -0.443720775167265
  203    0.842414755052743    0.106173449204060   -0.528265633136910
  204    0.970541504151823   -0.048904019361363    0.235918599540224
  205    0.959196998937840    0.038327337963562   -0.280128778231133
  206    0.883145666529828    0.438226226848468   -0.167366381904316
  207    0.971562579501046    0.218005133273056   -0.092411665821319
  208    0.999783975916647   -0.017361643880677   -0.011426934062179
   
 U =    19976.2592682536     


 http://math-lab.ru/  - см. Задача Томсона
