    231
    1   -0.069065765874258   -0.029326498293829    0.997180964761173
    2   -0.996007570443926    0.055939167526787   -0.069568161933443
    3   -0.923826741804772   -0.069610246216978    0.376428698093000
    4   -0.981877274151504   -0.188254692737956   -0.021844659918387
    5   -0.827253043824947    0.243388153135254   -0.506373980764978
    6   -0.830590632108480   -0.484095036412795    0.275265685427969
    7   -0.942419513069090   -0.256995513109279    0.214006466323609
    8   -0.960365129590829   -0.099166714651629   -0.260508695768859
    9   -0.987179819073949   -0.007306805018914    0.159444709581538
   10   -0.962073902830808    0.236150244635160    0.136553533277803
   11   -0.878210829996553    0.001151920515572   -0.478272319035809
   12   -0.917644312296780   -0.337912228438721   -0.209151241882394
   13   -0.942887639352594    0.150487304304280   -0.297180872196250
   14   -0.513344594485519   -0.215868068202351    0.830589130944466
   15   -0.852185681854076    0.507623747150058   -0.126876691997536
   16   -0.721954828323936    0.637200596483771   -0.269734361364071
   17   -0.861236914531861    0.388784863730463   -0.327287804205604
   18   -0.818846660782919   -0.553519880442663   -0.152006210660630
   19   -0.729136915017044    0.103221494775568   -0.676538751422064
   20   -0.695645529289203   -0.490596875955984    0.524778051067471
   21   -0.951583439084559    0.292057209801709   -0.095872543842561
   22   -0.906629048615912   -0.420419615546306    0.035652700735054
   23   -0.864722193588855   -0.248838851822900   -0.436273714241804
   24   -0.841984407390623   -0.317640083166480    0.436081454864860
   25   -0.716962955986939    0.509946585496719   -0.475308951822610
   26   -0.518639353327372   -0.462735388231717    0.718950055051259
   27   -0.671712750065696    0.353649950353232   -0.650948303641953
   28   -0.853956330652704    0.408797167699723    0.321937045117293
   29   -0.814620208842636    0.101931155046905    0.570967560353461
   30   -0.669317874723864   -0.652197913030648    0.355881251000383
   31   -0.877846198123520    0.468244168983942    0.100665041859720
   32   -0.916804233822757    0.172477954070776    0.360168505291935
   33   -0.597675404844852   -0.260290461736205   -0.758309294399518
   34   -0.740219786427217    0.631399081510843    0.231105749926110
   35   -0.679638042620518   -0.298258316801513    0.670174684303786
   36   -0.397353078456239    0.917333599460489   -0.024690045407284
   37   -0.788467413786018   -0.481930149810487   -0.382181197995441
   38   -0.735392331938378    0.677612635566636   -0.006263724664450
   39   -0.651256412070052    0.200157809197283    0.731984929595540
   40   -0.577822115718391   -0.035700657170796   -0.815381546065580
   41   -0.533068290564152    0.598978846879264   -0.597547101562881
   42   -0.655952433185469   -0.677519464755176   -0.332706748167094
   43   -0.809002451370561   -0.130576897991547    0.573118406079692
   44   -0.779199319869847    0.329504298783823    0.533174771531202
   45   -0.592017980042889   -0.591472041767683   -0.547426282811765
   46   -0.577326821412347    0.803112947830701   -0.147320515559100
   47   -0.510170643691329   -0.655928448752025    0.556312667870629
   48   -0.372503684260702    0.004239217409838   -0.928021031145283
   49   -0.695312181898230    0.554517706532874    0.457221043747380
   50   -0.760376237918631   -0.135333393160068   -0.635226612717455
   51   -0.553653367566366    0.731453539397567   -0.398049831409579
   52   -0.712840479576231   -0.384995341728772   -0.586205627339652
   53   -0.348430820954180    0.786258554056502   -0.510287614176725
   54   -0.329547137117254   -0.606038761548789    0.723958357861992
   55   -0.543262884914272    0.200654193510094   -0.815232072787520
   56   -0.194579175663699    0.975558078607898    0.102104748473822
   57   -0.439052854186282   -0.768836367875389   -0.464890557726288
   58   -0.666142907017838   -0.041569405933006    0.744664764790306
   59   -0.360409781419927   -0.659220726892406   -0.659949106137957
   60   -0.383078255883064    0.894027982369765    0.232303716305695
   61   -0.774397519868853   -0.625216083551370    0.097022317482397
   62   -0.123219001134421    0.141491378128828   -0.982240941762580
   63   -0.315876987928378    0.642553455903121   -0.698102273885604
   64   -0.483373387214182    0.039127379595513    0.874539431185968
   65   -0.309724377630967   -0.129736621906065    0.941933765631911
   66   -0.608718516998436    0.430165916370609    0.666647621653493
   67   -0.400667324851141   -0.240958797474121   -0.883970900378771
   68   -0.264870223283904    0.110607636962775    0.957919472326899
   69   -0.207441540777598   -0.914218194930146    0.348099266328560
   70   -0.480860792776820    0.431683507748487   -0.763165936810606
   71   -0.329459613059829    0.239815657097520   -0.913205789498376
   72   -0.576526629488940    0.809096073734210    0.113932387660436
   73   -0.280935207622680   -0.492189769405778   -0.823908150226886
   74   -0.267910452250903    0.459098354517268   -0.847025790902647
   75    0.513167268149099   -0.846262036016210    0.143177935793511
   76   -0.454081185737607    0.277526595269665    0.846634080153378
   77    0.077309489036321   -0.016538210713021   -0.996869966691421
   78   -0.495670157556299   -0.464591700750612   -0.733802184857586
   79   -0.079350766685561    0.603259160659547   -0.793587954108902
   80   -0.121672945932867   -0.667324300488728   -0.734761166778190
   81   -0.561329289677336    0.748413763288968    0.353250997832959
   82   -0.456807319032090   -0.808409149197644    0.371216541619923
   83   -0.290132287055102   -0.786048177394071    0.545849355430264
   84   -0.350973859427859    0.813024262902219    0.464552362958814
   85   -0.070199939329475    0.369537129931956   -0.926560455728492
   86   -0.202634776080570   -0.815598981739180   -0.541975505450929
   87   -0.162559065429840   -0.088864063737648   -0.982689029359038
   88   -0.022829357722232    0.212989554488811    0.976787730320487
   89   -0.386212111801143    0.878359394320381   -0.281646905019803
   90   -0.674128235868951   -0.732548249215897   -0.094467900235694
   91    0.128387429006655    0.488506861783656   -0.863062983833362
   92   -0.336616095683502   -0.375093299680891    0.863709801183995
   93   -0.140403667148179   -0.505991998503356    0.851034022646523
   94   -0.228335884762547    0.337887570496738    0.913068843753590
   95   -0.267005507445876   -0.909090764832699   -0.319784365298663
   96   -0.486601121311474   -0.838069371592380   -0.246696325747203
   97   -0.503144151761342    0.643939877114108    0.576357004998314
   98    0.051576824773563   -0.254937525135622   -0.965581011321164
   99   -0.361698034464583   -0.916127059824060    0.172874932024803
  100   -0.118854865311970   -0.269856602286514    0.955536987873338
  101   -0.496199526573837   -0.868089488283942   -0.014376027226729
  102   -0.185229357362045   -0.309973641758189   -0.932526903947768
  103   -0.025249773458151   -0.481605156007096   -0.876024498885558
  104    0.039043787793792   -0.956815011084260    0.288063564510581
  105   -0.601710329142243   -0.779694582030620    0.173265803191599
  106    0.084361597458738   -0.593559879588368    0.800356039658134
  107   -0.038816627266834   -0.924701316837574   -0.378709313440380
  108    0.119115943878055    0.229657929494270   -0.965954774994381
  109   -0.130262501322549   -0.985334286038050    0.110218081579566
  110   -0.119239690648943    0.777901629215857   -0.616969165710297
  111    0.001671788993709    0.999121521532091   -0.041873503948917
  112    0.273287660787442   -0.730934104146768   -0.625339259807419
  113   -0.040724299479293   -0.861200591192719    0.506631101652112
  114   -0.196704326754532    0.966551371926639   -0.164577803068270
  115   -0.408426256711077    0.499484924358201    0.764004452322014
  116   -0.287919733058010   -0.954171782291155   -0.081599247515685
  117   -0.112033733374963   -0.710294501030521    0.694931769594592
  118   -0.274857356649592    0.699545836139581    0.659612808119562
  119   -0.184313872180002    0.546906147485972    0.816652963237180
  120    0.285100426344219   -0.931448483966189    0.226100571904261
  121   -0.164693333277932    0.918069514211845    0.360589063961501
  122    0.200595805578889    0.976153860841077    0.082975675647845
  123    0.131963450880569   -0.755231215329764    0.642036960792149
  124   -0.157710572631287    0.901410830757703   -0.403219406121555
  125    0.222824700481380   -0.415383994853103   -0.881932701330017
  126    0.018434454508055    0.972907253039055    0.230459644777544
  127    0.034743830159204   -0.799881608218424   -0.599151299005331
  128    0.043701227918342    0.958723305727324   -0.280962320843384
  129    0.163639193571788   -0.967253267392618   -0.194018893527100
  130    0.187093036119458   -0.886446388493841   -0.423330835354371
  131    0.380762272075285   -0.543917759777353   -0.747779086871819
  132   -0.065071583675288   -0.987816352675675   -0.141366694749920
  133    0.081580104044164   -0.393318124677208    0.915775922059839
  134    0.175620319652095    0.075051975700189    0.981592942246833
  135    0.316957452745665    0.336916360650100   -0.886580700824957
  136    0.081233427919588    0.860612792169069   -0.502739248660170
  137    0.282067920458216   -0.178672674783375   -0.942610080327031
  138    0.344047200221509   -0.938928820035050   -0.006647926543645
  139   -0.089023579316752    0.816853674288591    0.569934098933256
  140    0.112184522432891    0.706903819328865   -0.698356372595516
  141    0.307867965772119   -0.338670887707203    0.889111548384651
  142    0.312743683930880    0.760461698121009   -0.569112812939801
  143    0.301562212790749    0.067260523454880   -0.951071108698673
  144    0.212225452801681   -0.869296026897943    0.446413233229674
  145    0.108008573537357   -0.992891371160595    0.050008730410395
  146    0.391927317567222   -0.890435695700267   -0.231337955310716
  147    0.250143378794606    0.957252774524894   -0.145242609827865
  148    0.512363327360345    0.619268889165561   -0.594970472954657
  149    0.315661002548876    0.581061784322096   -0.750150207805251
  150    0.455689578721604   -0.324388191344162   -0.828926600587163
  151    0.312571284373290   -0.548505586607458    0.775526152779931
  152    0.490675237389666    0.167254139904564   -0.855139675197789
  153    0.443696789354351   -0.809132378441947    0.385276463430507
  154    0.129208205749695   -0.165723647196077    0.977671167789546
  155    0.128192216625825   -0.623894765603789   -0.770922873605882
  156    0.423753809524107    0.903585189958179    0.062980262003652
  157    0.495524604999345   -0.083538711008986   -0.864567319300932
  158    0.358232863271553   -0.090632906522174    0.929222735369517
  159    0.098931924433638    0.887903417465104    0.449266063242758
  160    0.573786392295573   -0.813914353506915   -0.091173467477397
  161    0.213586404590397    0.318304733809685    0.923614066701289
  162    0.357831142741289   -0.711403100950784    0.604865688597123
  163    0.015809494226541    0.444341311061650    0.895718069024129
  164    0.522387541014527   -0.636839305907618   -0.567051104790299
  165   -0.001765473049023    0.668826383408325    0.743416540010951
  166    0.396587006221273    0.165198495078155    0.903010633226631
  167    0.214350463103211    0.554400013946874    0.804173180044662
  168    0.511929649507757   -0.263156702823034    0.817726472430833
  169    0.182977034945990    0.751275516892675    0.634117104642367
  170    0.645350853762608   -0.708106427762179    0.286544172004527
  171    0.559122928696743    0.001755000337262    0.829082909351889
  172    0.522271031757394   -0.474808786141231    0.708371079301067
  173    0.415516711935633    0.410351415690266    0.811762020387253
  174    0.686981347410254   -0.166732327273828    0.707288455548544
  175    0.403990385956877    0.624153658583657    0.668748068057808
  176    0.405260590052548   -0.799093761932588   -0.444086718773130
  177    0.560000606430475   -0.634269680292536    0.533011532200856
  178    0.279577504158133    0.913469325325435    0.295652178849072
  179    0.361244561561101    0.794819828923951    0.487610301667047
  180    0.502077490569103    0.769856811520199   -0.394003405086536
  181    0.496973107562124    0.426997265247575   -0.755440974419006
  182    0.597436445961438   -0.733592214987927   -0.323901459005782
  183    0.285671164502257    0.886059116127751   -0.365090712698684
  184    0.660735732404485   -0.218874480905765   -0.717998783795725
  185    0.475168895122251    0.862968378962890   -0.171755925715710
  186    0.712710514517979   -0.547569553633175   -0.438419099070152
  187    0.655103970024044    0.254686762199103   -0.711318101568682
  188    0.753647634234479   -0.630157654299550   -0.186859771327222
  189    0.678402962340607    0.018360623398408   -0.734460555915640
  190    0.683470458690577    0.604854001524184   -0.408680521847413
  191    0.707719245437498   -0.375080846161656    0.598705126485513
  192    0.669031688138947    0.717688109225252   -0.193184828966029
  193    0.504131973808876    0.817036255327429    0.279826214754977
  194    0.689495491311466    0.440359612549469   -0.575047284226647
  195    0.858469221908452   -0.424602363550631   -0.287651573788699
  196    0.568864957138292    0.667081431815839    0.481035366544476
  197    0.822530781833778    0.516207573342257   -0.238689870250106
  198    0.607095716875439   -0.441011241254319   -0.661017303585029
  199    0.785862948540986   -0.331302496144130   -0.522166718739462
  200    0.591230395025950    0.245876759642455    0.768108871882877
  201    0.690875038216851    0.676561803170032    0.254864293419419
  202    0.820832788484483   -0.089852177132082   -0.564056840764663
  203    0.810836233690380    0.167658480610145   -0.560745250549924
  204    0.732335880090183   -0.532548134902570    0.424354383439515
  205    0.839265173569559    0.353694810235758   -0.412957563976675
  206    0.623505269374598    0.780725996065485    0.041329143829337
  207    0.790700010947227    0.612203772800642    0.000182364238958
  208    0.912505288325034    0.405105584081179   -0.056776443399474
  209    0.595733239818039    0.473768368335600    0.648571846552505
  210    0.838185886001267    0.503549497232194    0.209481083502726
  211    0.919769900916564    0.060955552366241   -0.387695434592232
  212    0.753808968313791    0.294342117572688    0.587481707896105
  213    0.742114327267992    0.066748445762368    0.666941504370423
  214    0.860424453252819   -0.343623951756188    0.376287576228672
  215    0.741298666670555    0.504092912152581    0.443132737122848
  216    0.719666841627669   -0.692425090232443    0.051255550706708
  217    0.835968939491086   -0.151793094404593    0.527365896410858
  218    0.823753620355748   -0.531189676330802    0.198160290447847
  219    0.879839445325326    0.079506641375795    0.468573627540819
  220    0.873446953338670    0.304194295065994    0.380205537246235
  221    0.941328525626932    0.242890215561909   -0.234318053135722
  222    0.967199152825960    0.090073193030737    0.237513407347866
  223    0.913233719267991   -0.195423537328443   -0.357510580332933
  224    0.942942230150700   -0.130597467357952    0.306274798372495
  225    0.940745019183577    0.304565421658330    0.149126499360026
  226    0.871569626800832   -0.488791373499186   -0.038070708307539
  227    0.993724370543860   -0.093516115938873    0.061372725594660
  228    0.937757749067002   -0.320131552065847    0.134633552418040
  229    0.955499878771607   -0.271189073497394   -0.116088190971645
  230    0.982825602446189   -0.034159521920810   -0.181347628157708
  231    0.989607050463390    0.142299132485545   -0.020708514360318
   
 U =    24742.5209912805     


 http://math-lab.ru/  - см. Задача Томсона
