    233
    1   -0.059496146523854   -0.012171905847463    0.998154323367310
    2   -0.996524542263955    0.059166191064569   -0.058636153527711
    3   -0.918867123358897   -0.048285352598961    0.391601499402823
    4   -0.983537070814333   -0.180705149963677    0.000692178132749
    5   -0.827673199832752    0.229817635771603   -0.511997000544891
    6   -0.830279961269267   -0.466620370939007    0.304796022512513
    7   -0.941195484482551   -0.239985903606813    0.237818893403527
    8   -0.965044077186900   -0.101140328564626   -0.241786192790913
    9   -0.984878606503666    0.006292706898485    0.173131546204861
   10   -0.959001984100015    0.247109489788327    0.138751917279682
   11   -0.886013091432030   -0.007569034471539   -0.463598437797439
   12   -0.923974289561425   -0.338698577326510   -0.177636668361172
   13   -0.945144305690186    0.146136757519178   -0.292140872736419
   14   -0.507942464168577   -0.182586620344868    0.841817426266167
   15   -0.854183710250104    0.501718917780551   -0.136558839642402
   16   -0.729732883078386    0.617429416750774   -0.293718972293083
   17   -0.863924048809861    0.376915664958132   -0.334020687079628
   18   -0.825019495381100   -0.554007082631784   -0.111440498181471
   19   -0.737195221968054    0.076349593479531   -0.671352325000057
   20   -0.694280720483030   -0.467778334187916    0.546953116116860
   21   -0.951989027542150    0.290910725849608   -0.095330168493540
   22   -0.909365120800876   -0.410399532592509    0.068024265660555
   23   -0.875804781859697   -0.259838074094175   -0.406755650634038
   24   -0.838585383689685   -0.294102866350248    0.458560855575999
   25   -0.721537306192787    0.480406969346129   -0.498591074504672
   26   -0.516255252517383   -0.435336056916339    0.737538495128727
   27   -0.666691223547631    0.318916550749879   -0.673657959280793
   28   -0.847794173086227    0.426201645241986    0.315590236975203
   29   -0.808504851041539    0.126868718013966    0.574651402357805
   30   -0.669810839175742   -0.636613925046214    0.382199097539414
   31   -0.874836216345785    0.475360366161845    0.093242248215426
   32   -0.911793092606555    0.192140613934668    0.362926081663724
   33   -0.625464334250443   -0.297956736846478   -0.721121452702974
   34   -0.735260800515466    0.642460081967522    0.215955083995817
   35   -0.674042161667431   -0.270960628691682    0.687202664425645
   36   -0.415901475761187    0.907168283424590   -0.063809623162574
   37   -0.799866289951764   -0.494674919790194   -0.339868565668209
   38   -0.737583390163070    0.674755968274666   -0.025983183663100
   39   -0.645069348475231    0.229805165396076    0.728749011399002
   40   -0.596379779580637   -0.080050341421574   -0.798700883526268
   41   -0.539741682889281    0.546661293847128   -0.640187742432820
   42   -0.662884372512711   -0.688201952808615   -0.294893846712403
   43   -0.801623641839915   -0.104472030201338    0.588629876704302
   44   -0.773441302075988    0.352184448621062    0.527024350853429
   45   -0.604653031559980   -0.611293745111870   -0.510602260680884
   46   -0.590385507875684    0.786430764010258   -0.181580851161716
   47   -0.512289299784250   -0.632645376157735    0.580792132654017
   48   -0.390200313796927   -0.071980113143926   -0.917912075541316
   49   -0.687401753467695    0.575090720141275    0.443564530747137
   50   -0.777456749164340   -0.156334691836278   -0.609196575258982
   51   -0.569760368269399    0.694516165619163   -0.439340890930009
   52   -0.731106482549454   -0.409893895783738   -0.545408384032915
   53   -0.376709778452248    0.730612373395852   -0.569469316696992
   54   -0.329255574232090   -0.579472363849930    0.745521660564783
   55   -0.547009399321493    0.148658938880503   -0.823821119506451
   56   -0.211246614243854    0.975766201365271    0.057054257016432
   57   -0.447001664475820   -0.780008486607944   -0.437922678991887
   58   -0.658071119625958   -0.009495684640590    0.752895898174140
   59   -0.366153250440838   -0.676977791447524   -0.638461327786141
   60   -0.387957057285329    0.899925959551719    0.199054236396580
   61   -0.776770918852379   -0.615847327161637    0.131753592941899
   62   -0.098639210300498    0.161040797035987   -0.982006195439371
   63   -0.320152028497882    0.577189055923799   -0.751235963177007
   64   -0.473670045834331    0.068721976967168    0.878017071338039
   65   -0.297250777287291   -0.106733541788509    0.948815011716922
   66   -0.603619162292301    0.457757040967878    0.652765193892776
   67   -0.429889685970450   -0.300467194298973   -0.851419005570307
   68   -0.258817031390325    0.132212097247467    0.956835255205266
   69   -0.217630995354410   -0.901444075108422    0.374212946479637
   70   -0.468377207068029    0.373643013391976   -0.800633305853882
   71   -0.333738188305622    0.158383614028350   -0.929265006590585
   72   -0.580652282019925    0.809423733441095    0.087613624096561
   73   -0.288675695704604   -0.505921188573751   -0.812840755413744
   74   -0.252999656832779    0.380664842890456   -0.889429846041654
   75    0.483799082427224   -0.853907125658293    0.191783911193220
   76   -0.450985361550360    0.306040560730383    0.838421957522061
   77    0.089430278360229   -0.001939079065719   -0.995991197393224
   78   -0.509570898873322   -0.500487146459403   -0.699892931276177
   79   -0.082325169691262    0.573842860334345   -0.814817119406927
   80   -0.137252377957808   -0.678390176314497   -0.721767658893714
   81   -0.554254101901331    0.763131671290142    0.332313771606690
   82   -0.462920835001015   -0.793154705003676    0.395739705428321
   83   -0.300684454634369   -0.765885504723474    0.568338149692330
   84   -0.338629637570853    0.836177907854993    0.431435365928524
   85   -0.023496201572182    0.374439577806457   -0.926953575473875
   86   -0.215704750721509   -0.828658492230429   -0.516523536511709
   87   -0.162882971299330   -0.062231889520321   -0.984680826251549
   88   -0.027630024942501    0.230667191175025    0.972640338787725
   89   -0.414198390976121    0.848840126828866   -0.328496776236766
   90   -0.678226913651994   -0.732368307685832   -0.060373135544553
   91    0.171938093167389    0.481901025655438   -0.859190720149024
   92   -0.335355786540241   -0.343305652958215    0.877312786342995
   93   -0.143028914278712   -0.473209360370056    0.869261543459974
   94   -0.230551051164725    0.360218359329906    0.903929724264288
   95   -0.264758927928839   -0.917484404570388   -0.296858682628775
   96   -0.487331722532441   -0.845008059643458   -0.220157151487663
   97   -0.493314186194544    0.670218163082998    0.554480592602542
   98    0.019155771092104   -0.235777511765071   -0.971618248788967
   99   -0.367539174380463   -0.908488696464074    0.198905112284061
  100   -0.101172080109033   -0.249229755936757    0.963145232538747
  101   -0.499705939562987   -0.866114385668740    0.011825603711179
  102   -0.212063876061457   -0.292628836212619   -0.932414755721208
  103   -0.056287227350030   -0.475779945888632   -0.877761465961828
  104    0.017585052157658   -0.951807151312910    0.306192607112282
  105   -0.604171160122845   -0.771459908310938    0.199566578225650
  106    0.058006504503862   -0.578857224358779    0.813363116475596
  107   -0.031776879625105   -0.932564045233547   -0.359603297341577
  108    0.160397972590344    0.229972742738358   -0.959888028879569
  109   -0.142195540921065   -0.981369094112014    0.129209633015233
  110   -0.141509525016987    0.739968098206203   -0.657588220671996
  111   -0.023187254527829    0.996120389007878   -0.084891235297031
  112    0.229909997708899   -0.755173824309877   -0.613884262732552
  113   -0.052854920663286   -0.844401041424961    0.533097775836778
  114   -0.228930194041659    0.950949665097512   -0.208052158621289
  115   -0.406988733794149    0.526541668228314    0.746400724935325
  116   -0.293989663434524   -0.953956745531988   -0.059469365623601
  117   -0.120324553731303   -0.693662470933889    0.710179116974904
  118   -0.270520966915736    0.723497282058470    0.635114233278536
  119   -0.187677376839931    0.567768722075565    0.801508503046076
  120    0.259571518996454   -0.933944878739415    0.245702238496709
  121   -0.158315817698412    0.940638507994502    0.300225413888231
  122    0.230772709648277    0.973006810703085    0.001304916473427
  123    0.138405839532213   -0.737618676117876    0.660880104274213
  124   -0.209981305847922    0.863618656937597   -0.458334666574222
  125    0.173859302484184   -0.400523212946726   -0.899641094454085
  126    0.032192007705357    0.987768326926012    0.152569351318297
  127    0.009912701665901   -0.815436470161594   -0.578761696621400
  128   -0.022756504614827    0.937761316003406   -0.346534061392638
  129    0.159944802539630   -0.970930591635949   -0.178077079844729
  130    0.198124139188877   -0.891096457142834   -0.408281679160547
  131    0.314169865509240   -0.541514854910201   -0.779781352378659
  132   -0.070569425655777   -0.989844589253009   -0.123400345579562
  133    0.103871366628091   -0.373610675928521    0.921751486045478
  134    0.177297532157736    0.091985168359203    0.979849128127747
  135    0.365433703770585    0.326502395923789   -0.871696273712661
  136    0.051206796707397    0.832394038363602   -0.551813400406063
  137    0.263585344147224   -0.169366862173254   -0.949651321458763
  138    0.331205394203842   -0.943491413832173    0.011266715370744
  139   -0.095797546436366    0.846550440929734    0.523617399499334
  140    0.116530819239428    0.678735578085809   -0.725078329015501
  141    0.334730102839920   -0.300534106599755    0.893104142316597
  142    0.312843569148454    0.736327759891862   -0.599958607951489
  143    0.333472509977472    0.070049296630138   -0.940153807167183
  144    0.182105790251150   -0.864762944340546    0.467998430822662
  145    0.095055471394828   -0.993306431411257    0.065626143227683
  146    0.386047630533723   -0.895266002007232   -0.222409560516819
  147    0.169511191389851    0.960401143403686   -0.221123494324972
  148    0.536229340045122    0.613047551186344   -0.580198926971775
  149    0.362597480235545    0.556210935337026   -0.747764978277496
  150    0.418644823036099   -0.326829295663726   -0.847301082048776
  151    0.283442662864499   -0.531424964183699    0.798277999390335
  152    0.534591935215605    0.161173276274355   -0.829599082579908
  153    0.402606873948939   -0.808883827752207    0.428502810084135
  154    0.145483775821350   -0.147120626620875    0.978360870126889
  155    0.091463321952309   -0.631921946269192   -0.769616212511668
  156    0.460753349588654    0.887228825765578    0.023051281384533
  157    0.493203048533818   -0.093032733426473   -0.864925235744771
  158    0.373041049917628   -0.054825651049081    0.926193566736132
  159    0.083285062092679    0.920843509483275    0.380934153725737
  160    0.549369045192024   -0.833839578143380   -0.053900000987696
  161    0.196908281598479    0.331737826797910    0.922592620233510
  162    0.365190641743887   -0.685840617675158    0.629490621319846
  163    0.006879211259234    0.464991704639070    0.885288309574515
  164    0.438637801550377   -0.652710446496082   -0.617710249296494
  165   -0.018550910162188    0.697404874219836    0.716437230430252
  166    0.396180045580732    0.190329233078619    0.898229455383954
  167    0.185671397143075    0.585755467519496    0.788933878442265
  168    0.542221376364808   -0.199067375544457    0.816313762597995
  169    0.148068115637776    0.791086789489411    0.593512868122348
  170    0.599468639048868   -0.710629130730304    0.368298234253696
  171    0.579138239829216    0.044082182710781    0.814036645572526
  172    0.489054819085149   -0.446295819805268    0.749430066886788
  173    0.375808129205388    0.438314900687294    0.816485332298526
  174    0.731359921516593   -0.100196898233425    0.674591170105008
  175    0.353452853722378    0.671821115860959    0.650943521727379
  176    0.422878494844930   -0.796700092631180   -0.431790158525129
  177    0.567442140416870   -0.591341498642260    0.572996203532490
  178    0.279805984732192    0.933945211038927    0.222384697507499
  179    0.315260514004580    0.841914950260701    0.437938380182748
  180    0.479145806010130    0.776618151486097   -0.409003109236617
  181    0.551189037794044    0.406040506087230   -0.728918206681725
  182    0.604312725039173   -0.747701703864127   -0.275224076698260
  183    0.247489338357146    0.871941019506249   -0.422454596260883
  184    0.637705236433959   -0.245459372784768   -0.730124460442750
  185    0.396766139553187    0.894228371026446   -0.207200991685487
  186    0.623124371921784   -0.618355315262981   -0.478907842077263
  187    0.705707718995762    0.237188387543479   -0.667621362872941
  188    0.746772543574577   -0.655916267812443   -0.110020987916633
  189    0.682774336231607   -0.007909533492689   -0.730586507583747
  190    0.678961305933428    0.634322884363971   -0.369656629072639
  191    0.672861518379172   -0.335583254616091    0.659273278925930
  192    0.601737605001792    0.777198226840907   -0.184051000872197
  193    0.501750494476481    0.828172140916189    0.249754572136135
  194    0.712795037178784    0.452675439962058   -0.535731444875558
  195    0.778638487491430   -0.536650266109240   -0.325159341987801
  196    0.509348377604491    0.719999520821433    0.471343738951287
  197    0.835343299087126    0.455373410747053   -0.307955564091368
  198    0.554726452854125   -0.461811752776264   -0.692104376161281
  199    0.736834839236069   -0.407386906882409   -0.539546409300200
  200    0.576203672727069    0.287238494083434    0.765168853948276
  201    0.688064764860237    0.673558699072731    0.269973254714753
  202    0.805642748716263   -0.177442367993856   -0.565202589769046
  203    0.832411304579111    0.058635004496308   -0.551047508166601
  204    0.743210828789507   -0.466656764176505    0.479446689860644
  205    0.848801631530729    0.263861285392343   -0.458162648392330
  206    0.661033302608064    0.748863650989321    0.047309672055732
  207    0.778102886470836    0.614054255366668   -0.132262124328316
  208    0.911134765234562    0.404597230866307   -0.078323178920904
  209    0.535619731681023    0.516139015599761    0.668365184318916
  210    0.825226021527153    0.555890993315538    0.099936064286776
  211    0.926857199665220   -0.044815894810417   -0.372729482334157
  212    0.729154056743220    0.357441491071796    0.583583706074182
  213    0.749054836905471    0.134346325120986    0.648743336177725
  214    0.837138937803270   -0.234152111064925    0.494339142388555
  215    0.672757832110294    0.560822568020492    0.482571182866485
  216    0.678243821451618   -0.726007986998640    0.113568135834345
  217    0.876361603530411    0.006426910798087    0.481610874747654
  218    0.766255659179883   -0.579030011538313    0.278525601180114
  219    0.871322875841540    0.240931351912837    0.427490970314791
  220    0.821454335885357    0.460333280442085    0.336609632917087
  221    0.940259029388736    0.225176773240419   -0.255359312432474
  222    0.962126871934296    0.104468429950530    0.251790050330822
  223    0.880462949816205   -0.299743287757368   -0.367340380907613
  224    0.947073351281971   -0.136595508847335    0.290505996933408
  225    0.925446412403666    0.336661344012792    0.173804709995685
  226    0.850095771049852   -0.522211519751802    0.068061065828199
  227    0.952494529174685   -0.296660617709110    0.068895934515359
  228    0.884329915636161   -0.367902573451648    0.287416590959177
  229    0.888753143914364   -0.434162400761924   -0.147040331021721
  230    0.964692073976851   -0.208960951873054   -0.160326301643081
  231    0.982494066731256    0.186179107227688    0.006538261984555
  232    0.995956676172050   -0.060617113475974    0.066301317801113
  233    0.986478973295307    0.021657844992893   -0.162450524765240
   
 U =    25181.2722739447     


 http://math-lab.ru/  - см. Задача Томсона
