     26
    1   -0.195579212898937   -0.026558656928596    0.980328215050440
    2   -0.802552579591285    0.047063853601096   -0.594722078517006
    3   -0.713902128128502    0.358175532232235    0.601709264980814
    4   -0.973051306622687   -0.224475845248139    0.052742294034441
    5   -0.238333453931465   -0.081030830729575   -0.967797070262342
    6   -0.673722074092074   -0.380639975821087    0.633412800382180
    7   -0.869087168540935    0.490336495922276   -0.065250396505800
    8   -0.608222228531632   -0.604051400143745   -0.514963713968660
    9   -0.394879232483343    0.905690972190256    0.154253864283638
   10   -0.039389598581605    0.605819769069654    0.794626243543448
   11    0.018064201456048   -0.820555781939115   -0.571280923322355
   12   -0.507523357540680   -0.852300336008012    0.126507623451173
   13   -0.416701000713873    0.625760831407684   -0.659381268978746
   14    0.470813020714748   -0.101659312459085    0.876356367989530
   15    0.127318687839601    0.909180809566995   -0.396459590931921
   16    0.383203859043086   -0.328757009707113   -0.863176477310940
   17    0.292783125784120    0.915133383935694    0.277144241979671
   18    0.176542889712001   -0.981044865237693    0.079897312113072
   19    0.303573134576904    0.415930500874681   -0.857231106764850
   20   -0.016908108119537   -0.696583803473982    0.717276181549017
   21    0.764185621565073    0.618363322040957   -0.183431561481864
   22    0.663105586957181   -0.602611450848814    0.444016238275201
   23    0.721905665440809   -0.633841888704735   -0.277662871712582
   24    0.694139010729126    0.443174592468957    0.567245374043688
   25    0.850875474480282    0.045429530003888   -0.523399545979533
   26    0.984333471409434   -0.047442905363130    0.169813979971493
   
 U =    265.133326725026     


 http://math-lab.ru/  - см. Задача Томсона
