     97
    1    0.066771846359716    0.048985095589248    0.996565091172587
    2   -0.951871523183238    0.237807043432741   -0.193360837416992
    3   -0.827392482249951    0.109139776424589    0.550917588681152
    4   -0.787546104579564   -0.494177827847722    0.368183931785814
    5   -0.541123597832988    0.446902829371221   -0.712364452347449
    6   -0.715666675049220   -0.272324173097648    0.643164640640852
    7   -0.932665486512345   -0.164121723831616    0.321246245169077
    8   -0.989290225784102   -0.140605514801119   -0.039178289594535
    9   -0.965615090736748    0.186506012872535    0.181115995162913
   10   -0.800435650236804    0.452099582410653    0.393584473034822
   11   -0.917747447744808   -0.084804881123806   -0.388004837979460
   12   -0.870472006577477   -0.491874924106397    0.018372392340309
   13   -0.802003529932364    0.211386195005886   -0.558664670922514
   14    0.311401961595651   -0.217184725056002    0.925126809424919
   15   -0.612508429379871    0.776581733961680   -0.147493167352501
   16   -0.059183078991315    0.872651345371138   -0.484744254822118
   17   -0.758758601906588    0.529927002197069   -0.378764777104719
   18   -0.612593304216355   -0.766132171750809    0.194347469851492
   19   -0.580318813420901    0.074375269716556   -0.810986062792911
   20   -0.411746216490919   -0.410205064399294    0.813754790060608
   21   -0.850880428708688    0.525073530351285    0.017328697728286
   22   -0.512556154257759   -0.654480116006996    0.555825482039071
   23   -0.834115602449310   -0.436529081311451   -0.337184701491638
   24   -0.572045469542879    0.004022132272143    0.820212047721473
   25   -0.446605273895916    0.738637573879215   -0.504933920213508
   26   -0.167293017541646   -0.691198435404445    0.703034685613916
   27   -0.258649792251979    0.286989087282188   -0.922354350967644
   28   -0.614072893830366    0.759433912720035    0.214882789616892
   29   -0.272800456489978    0.260192884504933    0.926217886780353
   30   -0.270388609866431   -0.886289614091992    0.376006276020981
   31   -0.302959973891275    0.941233071935380    0.149316973298033
   32   -0.584997387553528    0.360758478395738    0.726382390219600
   33   -0.198007554929453   -0.680094540925705   -0.705878476505634
   34    0.030776815813579    0.997474542891777   -0.064010342064533
   35   -0.025978313624117   -0.381907720547036    0.923835277637639
   36    0.489620191632195    0.702073079954431   -0.517073938957816
   37   -0.644449425997826   -0.742072687194369   -0.184426311168448
   38   -0.293705918101472    0.930849020905983   -0.217386600209267
   39   -0.226590207528651    0.589566160799746    0.775286153553622
   40   -0.716599481059311   -0.229434695536581   -0.658669039981054
   41   -0.192176342937263    0.621698373896334   -0.759315076308849
   42   -0.357547415553707   -0.933889330608152    0.003250201089583
   43   -0.258242363627514   -0.110009436650893    0.959796231226102
   44   -0.517489527700502    0.661912991440681    0.542287544096635
   45   -0.069997405986021   -0.975442086637599   -0.208837493691422
   46    0.274140189537478    0.908208735823756   -0.316234167435732
   47    0.104272449098630   -0.867462029672289    0.486453372314146
   48   -0.431661944716196   -0.398018188218723   -0.809474821925251
   49   -0.211333985008961    0.846619784057947    0.488439236775576
   50   -0.580195993011360   -0.602714198126049   -0.547821325863493
   51    0.175380590827559    0.692608104611131   -0.699668251236222
   52   -0.346413460748663   -0.846795461939133   -0.403652275915082
   53    0.480283048444787    0.436454018274399   -0.760812778092425
   54    0.195215158404686   -0.615009000727737    0.763973148057511
   55   -0.299191167305961   -0.092243158771553   -0.949724088915271
   56    0.634787779232535    0.750628138817764   -0.183308135531423
   57    0.392337578708480   -0.900770814020111    0.186234166958465
   58    0.084946575135593    0.414027739064171    0.906291956633261
   59    0.075755985559745   -0.852553836324718   -0.517119895981462
   60    0.396069435206250    0.812109831878026    0.428493434561658
   61    0.023796042832543   -0.988545663567383    0.149034289301607
   62   -0.062499992373673   -0.387777103505311   -0.919631811623718
   63    0.103445868504952    0.395905612042929   -0.912445997658037
   64    0.110599907606935    0.741076716456830    0.662248413182622
   65    0.654730372886958   -0.103572198498873    0.748732888630795
   66    0.081412519954991    0.950800033816071    0.298916873545031
   67    0.201295470006383   -0.613775569947196   -0.763386981478531
   68    0.409872379827992    0.164349294354403    0.897214546081007
   69    0.519472984580104   -0.446667698753891    0.728447517108365
   70    0.038655449266870    0.020150923232341   -0.999049396443870
   71    0.381438967901977    0.128753990160740   -0.915383375304338
   72    0.392850925617064    0.917716923954160    0.058854037498975
   73    0.543928882600236   -0.475164323965295   -0.691635912821091
   74    0.735311119636274    0.184331867838782   -0.652180435031836
   75    0.287309167482052   -0.941955507971803   -0.173704528675428
   76    0.399427158406457    0.520933250179469    0.754378216801624
   77    0.282103076441537   -0.266722415052104   -0.921562264619702
   78    0.446091200275115   -0.761758033982372   -0.469816281859642
   79    0.768084562567074    0.476092970512110   -0.428230765096462
   80    0.753884663213320   -0.526406053474371   -0.393134304579588
   81    0.653479977031526    0.568151931697155    0.500167274147028
   82    0.708951487348857   -0.657906597314231    0.254060421546242
   83    0.460612812291285   -0.729855977739549    0.505119875782927
   84    0.698460255709169    0.695905443637006    0.166939763720522
   85    0.601186995188468   -0.129302169049907   -0.788577926330208
   86    0.613144494473142   -0.781470600349067   -0.115574779633556
   87    0.834335988741442   -0.182398910158261   -0.520205820290314
   88    0.700907929755611    0.252146271042226    0.667195872293290
   89    0.887752270758587    0.455310527232365   -0.067736471375154
   90    0.856783370811884   -0.514033143807851   -0.041136146723334
   91    0.934606107051590    0.155534049716275   -0.319875888495410
   92    0.782493411937209   -0.383228216410398    0.490754719204787
   93    0.890721823655464    0.005101004856592    0.454520200445852
   94    0.884038736460337    0.354796622426654    0.304294050471331
   95    0.963359219555912   -0.193780649760148   -0.185440216444975
   96    0.947075568363493   -0.252783259796827    0.197859777052986
   97    0.992934881751060    0.101514511387786    0.061442042444145
   
 U =    4177.53359987444     


 http://math-lab.ru/  - см. Задача Томсона
