    128
    1   -0.231979065441987   -0.047832739318009    0.971543999130249
    2   -0.996891143762939   -0.007186882441682   -0.078462705840347
    3   -0.892534525388625    0.000785263623123    0.450978385679784
    4   -0.874962800124129   -0.466696839722704    0.128973478637220
    5   -0.775607194293984    0.446130185114619   -0.446543769510907
    6   -0.797137872214641   -0.425929940328702    0.427966001701891
    7   -0.961756338790442   -0.177717972148770    0.208425207620705
    8   -0.938561689980086   -0.313495917161585   -0.144299216992821
    9   -0.964888909150994    0.179778651094559    0.191491591481261
   10   -0.846081124413483    0.506932920987551    0.164820340159357
   11   -0.903117035211192   -0.127971684460355   -0.409881530064148
   12   -0.776749307104456   -0.612854203779586   -0.145155912116721
   13   -0.917234573838249    0.173951536735911   -0.358359595131733
   14   -0.262385625047867   -0.365211166359272    0.893182281359600
   15   -0.550898601186052    0.806470261319141   -0.214747407013656
   16   -0.289830017047806    0.871260377583260   -0.396110989082030
   17   -0.781989820330501    0.600957281937082   -0.165354970249658
   18   -0.543983881964485   -0.834834205575592   -0.084459371083494
   19   -0.755079313248823    0.157585489256622   -0.636413422453861
   20   -0.569471521493266   -0.663832169449193    0.484797934208183
   21   -0.937691806947458    0.334123468268428   -0.095370766673481
   22   -0.681337679351675   -0.705984708150485    0.193299142660665
   23   -0.791257681657089   -0.431554004100239   -0.433211752799599
   24   -0.748806173719111   -0.204999748760794    0.630289153649463
   25   -0.552859613185132    0.668948144658080   -0.496844671771067
   26   -0.293072298939192   -0.826167603589144    0.481202367382236
   27   -0.557683048362378    0.425059853025338   -0.712961246433019
   28   -0.636101365089376    0.764775371204677    0.102438688639500
   29   -0.705334445005165    0.124831827329500    0.697796772402133
   30   -0.410298828575072   -0.889465298893491    0.201261902341790
   31   -0.392048669910042    0.871384847330467    0.294934379590827
   32   -0.826071873699044    0.335423151635653    0.452875886783737
   33   -0.282378627364057   -0.481986491077684   -0.829428317111619
   34   -0.101477198805132    0.884542596390265    0.455287572083658
   35   -0.543327985059435   -0.445866004954243    0.711335508938923
   36    0.187504321337910    0.922130330928546   -0.338404760990768
   37   -0.593581056958289   -0.697577470269956   -0.401306867362184
   38   -0.346486204538962    0.937845434917841   -0.019830538771038
   39   -0.600879191370192    0.437944000851803    0.668692193386629
   40   -0.724640610263397   -0.160758647628328   -0.670113903131254
   41   -0.290930955201779    0.668733452902283   -0.684218348390899
   42   -0.328463754428990   -0.895060657918561   -0.301625563692478
   43   -0.517655739124934   -0.136588068317439    0.844616028349172
   44   -0.660738371993337    0.634591565233302    0.400896930781893
   45   -0.090810929457821   -0.860919580579398   -0.500570525366806
   46   -0.073446519533810    0.979614087524463   -0.186980876808254
   47   -0.068832902670061   -0.957339236859158    0.280648565077283
   48   -0.474896699009905   -0.191686991194919   -0.858911650099202
   49   -0.406290962561990    0.711727007997829    0.573037799649298
   50   -0.577468662296285   -0.462835361080051   -0.672542468993325
   51   -0.024763420565803    0.826959631832879   -0.561715711299506
   52   -0.356053349350822   -0.708741863913777   -0.609024615883534
   53    0.244407812712412    0.698971362280954   -0.672089172503353
   54   -0.271516788671230   -0.634084521699201    0.724027245903881
   55   -0.516736948264323    0.123936201381857   -0.847126167867284
   56    0.213218644591872    0.976957037850075    0.009630980926762
   57    0.047242822057794   -0.970127873432166   -0.237949626925530
   58   -0.442875330175071    0.190228031296736    0.876170495983110
   59    0.224205264042579   -0.828375311134758   -0.513348169839915
   60    0.211301542146596    0.915730071988853    0.341745656214913
   61   -0.191836983171565   -0.981191478957844   -0.021490777281226
   62   -0.220438557027181    0.096601217726655   -0.970605505501335
   63   -0.005797312081130    0.570560644418427   -0.821235010343241
   64   -0.316633301159775    0.482691348675564    0.816549088855305
   65    0.076708459738337    0.031947017568987    0.996541619940190
   66   -0.114104287825905    0.695895247329860    0.709020462499818
   67   -0.176109850798056   -0.211650769828225   -0.961347633316381
   68   -0.113329002130590    0.281580476375201    0.952821584873265
   69    0.036429702936056   -0.572953707502514    0.818777702311875
   70   -0.278398382457723    0.395536234819159   -0.875240211364861
   71    0.051206435097919    0.276080826799527   -0.959769387966845
   72   -0.075650988212951    0.984953195658272    0.155383816226024
   73    0.071675118126226   -0.406906457212382   -0.910653508487426
   74    0.319494540029028    0.426986192558000   -0.845935003564968
   75    0.513045787779089   -0.706925563850935   -0.486867812466763
   76    0.091912334567689    0.508479079289696    0.856154862556431
   77    0.103840672353539   -0.058487075654707   -0.992872789810722
   78   -0.026133603524348   -0.668765930528031   -0.743013569816735
   79    0.553488419831853    0.539636288060962   -0.634384146806827
   80    0.290330236741615   -0.599261785192244   -0.746052053439813
   81    0.189700986478720    0.753599898597540    0.629365337910167
   82    0.244230483233891   -0.896694702364858    0.369174866167970
   83    0.014801102820297   -0.808525947049877    0.588274358018776
   84    0.490903528748525    0.848583360929183    0.197281537444277
   85    0.358693940110285    0.108740014837712   -0.927099922608806
   86    0.371323488198642   -0.901863457367868   -0.220819318395083
   87    0.354588212530383   -0.263086888434384   -0.897247172560840
   88    0.280748541382010    0.261054830641190    0.923596574219921
   89    0.444433731207387    0.778250958235857   -0.443626086439978
   90    0.169311367365995   -0.984001358725029    0.055452564484910
   91    0.607208145001446    0.244415264948004   -0.756015507052799
   92    0.046653358481487   -0.281722072153074    0.958361173151425
   93    0.330583729601622   -0.402262385277788    0.853756037233884
   94    0.413282780641292    0.511251408395847    0.753537882683189
   95    0.648237775319217   -0.740213646533064   -0.178526032094527
   96    0.474331620725709   -0.874836163624652    0.098342261486213
   97    0.473929940462289    0.721120523612412    0.505347011427170
   98    0.594987250167299   -0.082839794202890   -0.799454652018974
   99    0.311757380616302   -0.687432078314858    0.655930235112681
  100    0.363947176754385   -0.083477298207568    0.927671274329693
  101    0.731993269322711   -0.670257919604428    0.122230008074091
  102    0.554848547645779   -0.446328683846711   -0.702092440602399
  103    0.767724456483818   -0.252999551397427   -0.588719275979076
  104    0.570720300979635   -0.482507581717965    0.664428153854422
  105    0.520004302320440   -0.750991920480670    0.406947983089961
  106    0.562496332657675    0.177386912410932    0.807546753477458
  107    0.756559799271905   -0.517150880064867   -0.400215238807554
  108    0.821879910878889    0.056892370082021   -0.566812729497283
  109    0.743581125576099   -0.530559169074740    0.406932522413363
  110    0.792152702434291    0.363031954275519   -0.490613795363469
  111    0.473877618791177    0.869886984698268   -0.136881833204258
  112    0.874938361035151   -0.473722014104035   -0.100350972802168
  113    0.615012824010593   -0.172048642014998    0.769518350062758
  114    0.700226046944095    0.638586428391269   -0.319203472185891
  115    0.678068254883455    0.418104639465444    0.604493136583681
  116    0.912019761242302   -0.355827870816216    0.203976668896057
  117    0.789235944725273    0.075943927639210    0.609376027923922
  118    0.712033831145762    0.613744110811971    0.341065960992169
  119    0.878920054749831    0.282819581409530    0.384073719134611
  120    0.815406249807284   -0.241838103519791    0.525953400465451
  121    0.713459411274141    0.700696179388592   -0.000729831889611
  122    0.891785919897823    0.411904356718795   -0.187223593566808
  123    0.949098938826026   -0.035110209457529    0.313015139428046
  124    0.955579222175610    0.105764373573450   -0.275104066543685
  125    0.922758571979787   -0.217589357630890   -0.318074659920593
  126    0.879327100115029    0.460137966824480    0.122706570687672
  127    0.989419946708081   -0.143826400124740   -0.019029862935326
  128    0.984572245382515    0.166240878806740    0.054602782310021
   
 U =    7393.07327952711     


 http://math-lab.ru/  - см. Задача Томсона
