    218
    1   -0.067510024536803    0.060992342403898    0.995852564768061
    2   -0.995595115234309    0.041701880944768   -0.083972136136045
    3   -0.923964523716562   -0.027975137034520    0.381453733264109
    4   -0.977790058610659   -0.209120170276224   -0.013976969120886
    5   -0.813215562459088    0.181487434713604   -0.552940105269481
    6   -0.835169176127508   -0.460301981012683    0.301022480094592
    7   -0.944401014011114   -0.238350216603420    0.226485979654112
    8   -0.953921519379696   -0.156100791060098   -0.256254322684993
    9   -0.988148337197539    0.009251780456590    0.153222936442695
   10   -0.961021029554925    0.255656400975501    0.105253909159922
   11   -0.860815480042052   -0.067698813720909   -0.504394270329028
   12   -0.898288511182494   -0.400029972052935   -0.181806963939413
   13   -0.941798556208846    0.081997662758481   -0.326024328578528
   14   -0.491131196717613   -0.124661658589549    0.862119260014778
   15   -0.817797860510082    0.518222910131827   -0.250303165700383
   16   -0.649304122160684    0.653720359577923   -0.388656465813260
   17   -0.876831274567720    0.315366725434503   -0.362919749295441
   18   -0.776179327143040   -0.624000374537848   -0.090383542154543
   19   -0.704034010521022    0.038642447646273   -0.709114146854786
   20   -0.695530474839657   -0.441538815915444    0.566816401147064
   21   -0.949169111492156    0.284409235226783   -0.134868027000133
   22   -0.893132655336123   -0.445728854051055    0.060331158107393
   23   -0.853506974757410   -0.309524670231987   -0.419190079269815
   24   -0.843734086937795   -0.276370582398857    0.460143555560394
   25   -0.734501402296149    0.449053638609437   -0.508781406575178
   26   -0.487533391415622   -0.366080753628476    0.792651294124717
   27   -0.646519878594725    0.308530192188022   -0.697725710498248
   28   -0.858166889409740    0.449621861676564    0.247769593419597
   29   -0.808962558251513    0.165485191177630    0.564087077363123
   30   -0.677426855564545   -0.617508365056874    0.399720245227484
   31   -0.874161799330891    0.485586806846672   -0.006826536972187
   32   -0.913928595132124    0.218182810100119    0.342243749945324
   33   -0.551246530747828   -0.346049853406418   -0.759194811162379
   34   -0.748599204650936    0.651500263702813    0.123071675015622
   35   -0.670891197713952   -0.239008326156148    0.701982920631247
   36   -0.340227056949049    0.935049735337563   -0.099637052169066
   37   -0.764391351720029   -0.555090746174310   -0.327994092823750
   38   -0.712487407620928    0.690669187879146   -0.123845738303631
   39   -0.640902371992881    0.275709210675992    0.716399735289119
   40   -0.549842576512987   -0.107344043629314   -0.828341956773208
   41   -0.548798870263657    0.556599506018214   -0.623712104979223
   42   -0.606266116346556   -0.764243641379444   -0.219938747793908
   43   -0.805386281210652   -0.074792617765725    0.588012756975074
   44   -0.776011017242019    0.394410900248107    0.492185882451421
   45   -0.581454493002640   -0.682151034742276   -0.443374151667736
   46   -0.521691260404077    0.816124862880746   -0.248552684567858
   47   -0.503407068680826   -0.563028222801576    0.655423941835418
   48   -0.344993297730379   -0.018626170259042   -0.938420316437469
   49   -0.701726749858931    0.600228830491737    0.383803230287269
   50   -0.730014158213294   -0.212004498862508   -0.649717955169928
   51   -0.439495021088495    0.749054923949484   -0.495742722937468
   52   -0.706357155123002   -0.446752751017661   -0.549064248394203
   53   -0.195214939914713    0.798835523737223   -0.568992911422956
   54   -0.287828933829310   -0.520573047390454    0.803839665095782
   55   -0.514266268750032    0.154524463463385   -0.843594923536926
   56   -0.131471858860660    0.986636771208247    0.096244646747176
   57   -0.395760109582966   -0.844636463466338   -0.360504064118502
   58   -0.656406574998253    0.029311560560536    0.753837675309857
   59   -0.354089810233438   -0.728970525453749   -0.585851840748609
   60   -0.364673970501023    0.920067826238933    0.143136614319967
   61   -0.744195855961008   -0.650418136108204    0.152081478793417
   62   -0.120264606212835    0.063373091701634   -0.990717051302060
   63   -0.324421324510391    0.632954669407800   -0.702936121335208
   64   -0.467258927019500    0.139956333070803    0.872972691413632
   65   -0.285603832580965   -0.030906981659247    0.957849262305807
   66   -0.593355480343066    0.497898181449899    0.632476620007200
   67   -0.351672162115331   -0.270857589676219   -0.896081947428871
   68   -0.250832347015603    0.236988211337995    0.938573237087795
   69   -0.106408741329656   -0.843394613799280    0.526652357046848
   70   -0.439563429854686    0.409217521428894   -0.799578020764689
   71   -0.292229197730735    0.241624042446766   -0.925321521475284
   72   -0.558331456737536    0.829594075618495    0.006297151422420
   73   -0.336075633833075   -0.510571380162525   -0.791435426363157
   74   -0.200054711455372    0.477025503175947   -0.855818194328820
   75    0.494031497608093   -0.863577952280268    0.100826582340788
   76   -0.431526375383027    0.386292215170174    0.815207526859086
   77    0.111694277315789   -0.104858670331890   -0.988194842969306
   78   -0.518184026137287   -0.561951186446192   -0.644745049696288
   79   -0.064071882541064    0.653826942074265   -0.753926471007259
   80   -0.158823675642036   -0.669079940764278   -0.726021399768921
   81   -0.581445377530010    0.774566193731381    0.248934699223442
   82   -0.481087955729908   -0.730247615424371    0.485069890859697
   83   -0.285700186842737   -0.718476573290523    0.634166237567669
   84   -0.387165563954472    0.842953633182626    0.373539821695127
   85   -0.043135060579091    0.318092161004283   -0.947078002941924
   86   -0.166545519802137   -0.851077118012122   -0.497926027668785
   87   -0.127606038545785   -0.185438462391248   -0.974335299367020
   88   -0.017541708244379    0.327000192292274    0.944861451596309
   89   -0.298861005376784    0.891258251141966   -0.341087714871911
   90   -0.591861804256088   -0.805880621882457    0.016000873009727
   91    0.097608637776944    0.498812314921366   -0.861196161344276
   92   -0.280736766858664   -0.285014651949806    0.916489779488934
   93   -0.064595796402765   -0.436779984202654    0.897246135955470
   94   -0.194694969343296    0.480289801796668    0.855228376050825
   95   -0.184555262694107   -0.948598516834773   -0.257099608849913
   96   -0.400734306706320   -0.908573550648953   -0.117924206547086
   97   -0.508722042122743    0.689815270493209    0.515127922416217
   98    0.096915888673902   -0.341245037184187   -0.934964777475446
   99   -0.312456264295415   -0.868578832861062    0.384632154152861
  100   -0.060057789809486   -0.193743211518326    0.979212249654673
  101   -0.368701459205324   -0.919826763182615    0.134081914190017
  102   -0.137244331661055   -0.425465106140740   -0.894507371061613
  103    0.048259039265605   -0.568888172431142   -0.820997754197364
  104    0.074612732017219   -0.918752245338601    0.387720584836820
  105   -0.547928173676419   -0.796622289714740    0.255279540937514
  106    0.151957532616977   -0.564044853257453    0.811641738573577
  107    0.039840890354635   -0.922456813187513   -0.384039231407011
  108    0.112945661041189    0.136224766965281   -0.984218517666287
  109   -0.134034549073022   -0.957768535541117    0.254389803219814
  110    0.059666038822124    0.794593190973789   -0.604203297466481
  111    0.110537631618974    0.992619094749554    0.049887520830811
  112    0.428996928538846   -0.696206715913519   -0.575550036070843
  113    0.101901073736771   -0.761823008955080    0.639720153034061
  114   -0.103465508787063    0.983409753698621   -0.148997130247036
  115   -0.362324546292756    0.604699001080186    0.709267256572847
  116   -0.172795683669583   -0.984926798969113   -0.007800793396656
  117   -0.079244220501835   -0.652966464494270    0.753229812051348
  118   -0.252357951390969    0.783394242362904    0.567986729952738
  119   -0.100915645018767    0.677797521403757    0.728290156853277
  120    0.262369665503093   -0.936960005275442    0.230798845616780
  121   -0.163472567617703    0.925634786682154    0.341287212359851
  122    0.306423272413289    0.927810704493189    0.212772354292995
  123    0.346078578783750   -0.647924767506882    0.678544849629096
  124   -0.063062114030572    0.919808642331746   -0.387266357002291
  125    0.300807040537474   -0.442591037927011   -0.844765232185711
  126    0.069771634428368    0.953376570802623    0.293606936692282
  127    0.036332696092610   -0.778488738006603   -0.626606112315806
  128    0.141200315801458    0.971629285718164   -0.189734029505462
  129    0.275917240004554   -0.924301505870518   -0.263697559552156
  130    0.240608261940104   -0.833784852020224   -0.496900880284766
  131    0.493032258967177   -0.506451369057244   -0.707408087597086
  132    0.050772409952554   -0.988394295959067   -0.143174292745552
  133    0.165928614964439   -0.339301124378992    0.925927881495711
  134    0.155472316250002    0.151910470517411    0.976089938390433
  135    0.255958140272505    0.312956855750362   -0.914627485300484
  136    0.175100247771993    0.892354544967704   -0.415984698403281
  137    0.335790738214839   -0.203233802660135   -0.919750293060804
  138    0.284042447320121   -0.958577955565395   -0.021170527259944
  139   -0.011662135324037    0.847051571717299    0.531382752308483
  140    0.227235912390374    0.651691776227630   -0.723644711800889
  141    0.381161563779316   -0.435154506135468    0.815693826191729
  142    0.342219793556420    0.769276645651969   -0.539535962983615
  143    0.338557183878305    0.048335630468429   -0.939703517111440
  144    0.279552562236007   -0.820838787299071    0.498070326573140
  145    0.057434522332793   -0.992490449606453    0.107999921686938
  146    0.503953456626166   -0.853028492974164   -0.135548160182150
  147    0.349639204561921    0.935902359939037   -0.042885886884239
  148    0.498306881558933    0.602423482662564   -0.623519205259725
  149    0.384360580196901    0.471396997808889   -0.793758032934135
  150    0.534632986436160   -0.282813765002820   -0.796356668923719
  151    0.572566896080996   -0.492641169100255    0.655341001326567
  152    0.489366826218999    0.226465255542828   -0.842160078267942
  153    0.452348008759335   -0.826257097466544    0.335679144210102
  154    0.167339442583552   -0.094973971867164    0.981314147265595
  155    0.241246221079587   -0.655047774803339   -0.716039575400699
  156    0.525034777632835    0.843685218633222    0.111954160868868
  157    0.544968190098621   -0.035627288070568   -0.837699449758307
  158    0.384322441717156   -0.195944208593468    0.902165244238129
  159    0.231446835042896    0.856687912446406    0.460996944910535
  160    0.690812925671846   -0.723017954247388    0.004747584715145
  161    0.252453022583839    0.356512809649855    0.899536596222661
  162    0.528707643296819   -0.678869903617044    0.509513377530471
  163    0.073104395184116    0.535476406177489    0.841380274211373
  164    0.635464539852279   -0.602864398706233   -0.482430653423787
  165    0.146658286283000    0.719645292872092    0.678676653135773
  166    0.374544826186305    0.070950898637759    0.924490207173427
  167    0.326323368092677    0.545416033095068    0.772032648454384
  168    0.586626945266984   -0.272352048717973    0.762688133279815
  169    0.383055060201536    0.705234379129218    0.596584689166781
  170    0.654303686886754   -0.710166685360197    0.259903759747549
  171    0.565648164948318   -0.026954304498227    0.824206053702360
  172    0.753900519529976   -0.330530069448172    0.567788587277887
  173    0.473749745810121    0.278073837191355    0.835605241375688
  174    0.743965187944305   -0.089411242179806    0.662209505291837
  175    0.544374285629864    0.464842941972169    0.698267625229492
  176    0.480166537890029   -0.797978037920374   -0.364240506928395
  177    0.724662394914004   -0.538292200983890    0.430239374950061
  178    0.464359203921703    0.805056919207936    0.369125841101147
  179    0.590747294338182    0.621579351384602    0.514447999475569
  180    0.555340938980705    0.728395598649004   -0.401293275997477
  181    0.611596291646644    0.382055884374640   -0.692808254323507
  182    0.683411902545489   -0.687282570578821   -0.246152066084611
  183    0.382873136057972    0.877752518608315   -0.288025481098276
  184    0.691386938542073   -0.390784513161246   -0.607677188552235
  185    0.567561874590373    0.810757448377671   -0.143338335457024
  186    0.834673121851250   -0.540903952992486   -0.103651788678201
  187    0.690191120469756    0.125625283212923   -0.712639113045569
  188    0.814517362814114   -0.555918713136955    0.165879022358143
  189    0.717598961579109   -0.142423438907111   -0.681738435465140
  190    0.696653393620867    0.525514749894042   -0.488373112282332
  191    0.879241779787943   -0.140367652145780    0.455226114042693
  192    0.728524503752756    0.637878867989913   -0.249725043204936
  193    0.664950381602236    0.698232622453546    0.265164467734055
  194    0.788152257508419    0.286087564643783   -0.544949469529581
  195    0.926971008622613   -0.370428186667656    0.059225903921242
  196    0.764199665969741    0.507327910422931    0.398267826766912
  197    0.848932485728136    0.418349377321968   -0.322951131240888
  198    0.801664070519522   -0.476877544809945   -0.360447673448046
  199    0.921010016197761   -0.325072605142816   -0.214635391883686
  200    0.662717190800662    0.172216782779995    0.728798535087844
  201    0.837934239884652    0.519320528333466    0.167846353789350
  202    0.841396512537517   -0.252447626159715   -0.477830623480777
  203    0.842027655811913    0.015860457896039   -0.539201143102668
  204    0.871418349799984   -0.365190075782233    0.327515294577275
  205    0.914932999528687    0.176489922654610   -0.362972331693216
  206    0.717593061988498    0.696287429404385    0.015620916727442
  207    0.857221413167666    0.509171131286637   -0.076916889374938
  208    0.986063347067509    0.062068811357555   -0.154358473128886
  209    0.729466510505873    0.354641667402027    0.584899904079916
  210    0.948990653495486    0.293003056474701   -0.116472951687046
  211    0.939763733857908   -0.097280860435590   -0.327689729345236
  212    0.880748413588189    0.297609298739918    0.368389654123760
  213    0.829854815043126    0.113753376042852    0.546261068893430
  214    0.943236030780129    0.066129146440390    0.325473080652169
  215    0.943886507062635    0.303377983538088    0.130537584202643
  216    0.963968550217986   -0.163754893283652    0.209640094247960
  217    0.993594016027140    0.069211182690628    0.089335007167535
  218    0.986337285711197   -0.157651161212229   -0.047800315734350
   
 U =    21985.3643190653     


 http://math-lab.ru/  - см. Задача Томсона
