    119
    1   -0.153666435280259    0.083036363914768    0.984627639738024
    2   -0.996305193537796    0.021308586260655   -0.083197989646306
    3   -0.858398817151883   -0.035421299095394    0.511758539042235
    4   -0.843096883513572   -0.522344543002527    0.127842963846992
    5   -0.736114866072612    0.418228535816124   -0.532183986771493
    6   -0.819286211479886   -0.379405964092031    0.429908383368284
    7   -0.961788442702865   -0.197698111971713    0.189416071139748
    8   -0.943573962147693   -0.295582210474436   -0.149329617986351
    9   -0.959881506561340    0.136005452818682    0.245214212812223
   10   -0.853541172492326    0.454690389099561    0.254409349122462
   11   -0.894758300902195   -0.112007926056886   -0.432275152497865
   12   -0.791945036524894   -0.578726244265053   -0.194676637844531
   13   -0.912621052280086    0.209826142207642   -0.350850117545151
   14   -0.113434091155906   -0.249737156265415    0.961646535762542
   15   -0.545213004184039    0.817559060811131   -0.185310448043915
   16   -0.278152442946412    0.869885659073028   -0.407345257272043
   17   -0.781324343863728    0.572890162346502   -0.247647191731530
   18   -0.605843541055497   -0.794175892754747   -0.047310201104385
   19   -0.740720146775461    0.114232633295479   -0.662030641021487
   20   -0.594238451557115   -0.562653208359806    0.574719087740627
   21   -0.932345737759480    0.358515672640082   -0.046882168818858
   22   -0.631965011404930   -0.720870851467221    0.284544266968938
   23   -0.769065060255129   -0.419935355030116   -0.481864328095062
   24   -0.669282976865444   -0.232760683208415    0.705608079056980
   25   -0.533118669502037    0.677947968553397   -0.506133417354259
   26   -0.345288956197872   -0.843313735975332    0.411822145401523
   27   -0.506627261426851    0.400110105926192   -0.763701984490587
   28   -0.722574992526384    0.688214111843700    0.065166835389513
   29   -0.643621714191990    0.131363165412371    0.753985946681639
   30   -0.352549284147668   -0.930440831834568    0.099944287990677
   31   -0.463730527732357    0.863685228452073    0.197488794119465
   32   -0.786060677142211    0.312117449704034    0.533564719074433
   33   -0.180154487054871   -0.551850130092693   -0.814251677745078
   34   -0.158125127002042    0.934924605107550    0.317667163828871
   35   -0.391871458872342   -0.395413517380694    0.830713494529787
   36    0.335942523194549    0.859304797494083   -0.385665510660900
   37   -0.568993576771246   -0.712110453365863   -0.411272430148350
   38   -0.275723972187599    0.959093145414220   -0.064160966175315
   39   -0.534192270277832    0.497606367342130    0.683393387117540
   40   -0.671801610570987   -0.199099189672948   -0.713471869596695
   41   -0.267438313110834    0.648533081854983   -0.712658116083799
   42   -0.338102738104466   -0.905480957286289   -0.256497123722994
   43   -0.432484215186879   -0.068103619259511    0.899065793286534
   44   -0.634083061120222    0.654432303913256    0.411894441811488
   45   -0.028007742483841   -0.904006362057961   -0.426600590388351
   46    0.027868260621018    0.959337034873828   -0.280883985961198
   47   -0.039957504969350   -0.961035153853291    0.273522998767574
   48   -0.392149141301421   -0.250014057230418   -0.885275111004338
   49   -0.342795613012763    0.768506702214242    0.540267171268989
   50   -0.505796534927114   -0.514758976085798   -0.692237720580745
   51    0.003336637873686    0.810631439741160   -0.585547210522665
   52   -0.279123571424049   -0.763944883989502   -0.581788832912553
   53    0.299231177800891    0.687389315185741   -0.661782918788609
   54   -0.301247924327015   -0.670419369394689    0.678076365337336
   55   -0.475156475222646    0.079543054099255   -0.876298594429178
   56    0.326950332237282    0.943162533452872   -0.059564383155464
   57    0.221782391412034   -0.949796147219650   -0.220680424112037
   58   -0.365624268977909    0.309522386731892    0.877789716302351
   59    0.343580749053258   -0.803546070272342   -0.486071992435151
   60    0.216580837340638    0.926427808323554    0.307935475159398
   61   -0.067136658294456   -0.995501869314151   -0.066848315648818
   62   -0.154376192018172    0.037129614114784   -0.987314227130175
   63    0.044944761878073    0.548828915962985   -0.834725577290296
   64   -0.189104244949549    0.599536003715517    0.777686418031644
   65    0.159703513947401    0.003028349837576    0.987160380449962
   66    0.018539689820561    0.814909114313660    0.579292167485357
   67   -0.073697223079137   -0.278415982982413   -0.957628978117496
   68    0.001232371833969    0.366155650190721    0.930552804032674
   69   -0.034277137466536   -0.553790495363397    0.831950217917072
   70   -0.216040671289902    0.351385114419209   -0.910963736771782
   71    0.126439602298525    0.243881000330083   -0.961527474723728
   72    0.023249567674679    0.998334127745955    0.052805558236462
   73    0.191256478741098   -0.449951860854971   -0.872332667193373
   74    0.395972075187134    0.423032716417198   -0.815014991587689
   75    0.645119193961319   -0.640719065986610   -0.416293531133916
   76    0.177251474201792    0.604316443669494    0.776777671411806
   77    0.198192904517745   -0.091424496931117   -0.975889918976373
   78    0.086678974984940   -0.718901731273266   -0.689686201158078
   79    0.586730183792315    0.625051251103191   -0.514838445457768
   80    0.439702008708898   -0.567827589318584   -0.695869220720392
   81    0.382417507905961    0.760995097530595    0.524064224290683
   82    0.277935910696303   -0.864597341858508    0.418596543221057
   83   -0.012843147322901   -0.814881268906079    0.579485609099019
   84    0.527410693761860    0.832319300124629    0.170536045297412
   85    0.451265503888910    0.111736187041648   -0.885366855888158
   86    0.523263299966388   -0.837402630662927   -0.157963138317445
   87    0.476550206905138   -0.242672727122623   -0.844991034159262
   88    0.325506487334206    0.282697888273120    0.902290103386524
   89    0.603860323005708    0.775299234416628   -0.185104855183307
   90    0.265489095175495   -0.958562725297790    0.103310415799040
   91    0.678288266928489    0.336692623917968   -0.653117986237081
   92    0.214265230234980   -0.339983983315145    0.915697167300150
   93    0.501127281625904   -0.412640566226499    0.760657091411436
   94    0.493739852620497    0.509495453014863    0.704723592120676
   95    0.771829126645058   -0.630469029624511   -0.082392972677613
   96    0.562887612489987   -0.807067082871985    0.178326272460976
   97    0.671539981762696    0.637574842125182    0.377534599186893
   98    0.701381052152950    0.001895378427810   -0.712783997590740
   99    0.267818190731577   -0.651542939422066    0.709764196619214
  100    0.457274175023424   -0.088289174187012    0.884932398874638
  101    0.794512070386848   -0.560328077233059    0.234057719107717
  102    0.698374140320151   -0.360862682144851   -0.618103296195154
  103    0.875451843309100   -0.113801722594943   -0.469716124889409
  104    0.736558474846727   -0.421918431578913    0.528645864663153
  105    0.540466920632270   -0.680709264536830    0.494500156598559
  106    0.618154104758880    0.177831600825304    0.765677101993822
  107    0.867460751649450   -0.396103000567053   -0.301022021270119
  108    0.880241390704725    0.214292971169077   -0.423383533687532
  109    0.914704769696490   -0.227117548925546    0.334264570758768
  110    0.802862177940248    0.515667078817983   -0.299165150136793
  111    0.788719303434005    0.613273874732595    0.042626458462405
  112    0.984088809440261   -0.040419402178316   -0.173018747718266
  113    0.727785943386596   -0.128928403147873    0.673576341234327
  114    0.949328248312131    0.301048104819566   -0.090254725866124
  115    0.753627004315112    0.373956878710943    0.540557666888370
  116    0.946958011217945   -0.320910213504520    0.016945791767784
  117    0.879254427841487    0.081764660053253    0.469282634973333
  118    0.899186326363025    0.367366055238362    0.237710184763658
  119    0.988624272757624    0.042382006328393    0.144311513241455
   
 U =    6364.34731752825     


 http://math-lab.ru/  - см. Задача Томсона
