     89
    1   -0.003254096540220    0.000060801624026    0.999994703565409
    2   -0.940565033132844    0.177447192416138   -0.289568493368050
    3   -0.884479401004580    0.050743395477010    0.463811704265906
    4   -0.678506056471443   -0.580918112876494    0.449626153002229
    5   -0.539596453907465    0.469166300650457   -0.699084150345618
    6   -0.713140370265639   -0.244569656922916    0.656975262251170
    7   -0.917249147608556   -0.277159750497275    0.286070749842877
    8   -0.980147290059282   -0.176826925499388   -0.089685719085474
    9   -0.982908997334141    0.148450224066775    0.108868884141054
   10   -0.817582171861843    0.416404261596801    0.397702002984264
   11   -0.852650669711874   -0.163833476715655   -0.496130453960603
   12   -0.816491586498971   -0.572594219878839    0.074009111180567
   13   -0.763827655199095    0.515704368907172   -0.388093180876846
   14    0.241191577444913   -0.359755837041951    0.901333656690950
   15   -0.228503307627214    0.947784852984237   -0.222463729306759
   16   -0.015629325552936    0.821421545180819   -0.570107331382010
   17   -0.601879021068706    0.786043256599583   -0.140988094361538
   18   -0.537124489895735   -0.825872756269711    0.171556034011390
   19   -0.745853793534329    0.162234580057946   -0.646051127778501
   20   -0.431825844537892   -0.496181244332526    0.753213524016771
   21   -0.869463187652580    0.493794019246052   -0.014185622081687
   22   -0.320322530838027   -0.782415287847690    0.534059728475887
   23   -0.833529377708553   -0.471349755863037   -0.288198168184059
   24   -0.648881256032749    0.156619178534693    0.744596231849504
   25   -0.419318160039729    0.762634300601279   -0.492505029626394
   26   -0.006939839221386   -0.668364277294695    0.743801742044156
   27   -0.403812533918104    0.173214956189070   -0.898293947660262
   28   -0.657009269322271    0.714470648988801    0.240562906031118
   29   -0.289871468887022    0.274453245830476    0.916869645793990
   30   -0.172883854453257   -0.956025224146407    0.236911256940645
   31   -0.329896596523344    0.932904705611218    0.144419686506933
   32   -0.547158577677034    0.503786409851106    0.668443523510983
   33    0.020064310352489   -0.729207451887955   -0.683998476285697
   34    0.054297990745557    0.993497332854386    0.100073861783269
   35   -0.129625955054428   -0.353373590148472    0.926457887635378
   36    0.413104576539150    0.772399934212590   -0.482434400173533
   37   -0.597934474448520   -0.766780319795318   -0.233500118716375
   38    0.159107260451345    0.951826352403570   -0.262128736581440
   39   -0.159111521841947    0.610132080891419    0.776158725702576
   40   -0.581871382173449   -0.184735244228194   -0.792021833125520
   41   -0.188435754623200    0.572816275535720   -0.797730205558854
   42   -0.279383644814849   -0.951418872603739   -0.129409844538196
   43   -0.414556511776261   -0.100160770062101    0.904494731153513
   44   -0.376354094082017    0.783074345105425    0.495128433747664
   45    0.032688023073821   -0.944284085923298   -0.327504287329993
   46    0.465785555083600    0.883047693075734   -0.057189058648364
   47    0.128557892249339   -0.879974319295098    0.457294287873286
   48   -0.294525072621541   -0.507011939496090   -0.810057945338288
   49   -0.013738971384258    0.883492040909724    0.468244652200613
   50   -0.609776064053268   -0.525039466016632   -0.593722755865627
   51    0.224788901700257    0.583883044036904   -0.780096494389374
   52   -0.320037775156161   -0.796717126281389   -0.512657432563909
   53    0.609544205318262    0.482211511906121   -0.629228034617134
   54    0.391173896256985   -0.647867343278649    0.653644313369431
   55   -0.226103254655133   -0.153591099522978   -0.961918443726743
   56    0.715687754993396    0.652524513662873   -0.249003607246049
   57    0.466880256678620   -0.838496676521735    0.280973574176844
   58    0.117922656394400    0.355745374084860    0.927113518360136
   59    0.345065519592623   -0.809876117666261   -0.474373756885958
   60    0.557247405074080    0.641543990361886    0.527159025312811
   61    0.150405512060788   -0.987625993089661    0.044419361942672
   62    0.090982382619415   -0.416373998233058   -0.904629703054411
   63   -0.029307085761378    0.283142937928100   -0.958629840671372
   64    0.216485521743988    0.679606465113761    0.700905893434212
   65    0.716695841403129    0.094674922770955    0.690929612850524
   66    0.355715206096823    0.878632162670290    0.318547037143376
   67    0.411900232131777   -0.542609622910027   -0.732060787021970
   68    0.383796514294242    0.015072996558533    0.923294666068388
   69    0.581247286349559   -0.303187797477744    0.755134922760077
   70    0.139946245547878   -0.044592668287230   -0.989154458258203
   71    0.380937994944026    0.254455569516839   -0.888897410925404
   72    0.712697620504283    0.681998888056508    0.164132929106928
   73    0.673474538275033   -0.638737529457097   -0.372083881347035
   74    0.694054620961835    0.110082625081751   -0.711456252187466
   75    0.468533312239347   -0.875842143918565   -0.115659302514574
   76    0.483758830261351    0.374160932667408    0.791189604715346
   77    0.470101018383752   -0.171566914315410   -0.865777007333210
   78    0.753409953037399   -0.656298992479751    0.040559525813882
   79    0.870470371102580    0.326665186385847   -0.368199930793090
   80    0.901014915711918   -0.371949296174347   -0.223217030577984
   81    0.810432582600718    0.385709933079038    0.440938631311994
   82    0.839195553882981   -0.212651412139807    0.500529918444425
   83    0.703920618632668   -0.567005981877641    0.427784968388060
   84    0.918412158331178    0.394985775934552    0.022479862963265
   85    0.717841900387795   -0.332383757534981   -0.611738542005134
   86    0.934955086278085   -0.321129912127927    0.150779859992802
   87    0.897648301074115   -0.046966413112860   -0.438202788236299
   88    0.953234304826695    0.082032482645404    0.290886630652904
   89    0.996621566705112    0.018544361546271   -0.080009745863167
   
 U =    3497.43901871340     


 http://math-lab.ru/  - см. Задача Томсона
