     94
    1   -0.062959588668250    0.008770735868128    0.997977537015266
    2   -0.956964368342253    0.231431021265808   -0.175096773583004
    3   -0.852531351091841    0.072414422391306    0.517635438156290
    4   -0.724474207051404   -0.526624192362322    0.444751709761718
    5   -0.558567419830047    0.491809155957540   -0.667926786123102
    6   -0.700459876592107   -0.224751449528583    0.677379322993676
    7   -0.921638828584586   -0.234480695191573    0.309193585359897
    8   -0.985896488876588   -0.160173454087619   -0.048503379536451
    9   -0.969515619886892    0.164021958109422    0.182033678349054
   10   -0.791598585769726    0.431808321009594    0.432334653843807
   11   -0.905973095610352   -0.081824015535053   -0.415352357055928
   12   -0.837558870623844   -0.541013737275032    0.076152966580518
   13   -0.815023751363799    0.275975535997339   -0.509483844929220
   14    0.250088699282537   -0.252585233082699    0.934695855623490
   15   -0.566990860078447    0.818655916201673   -0.091235165673671
   16   -0.034418855785909    0.826776916757920   -0.561475976585514
   17   -0.743649122175438    0.589014170170045   -0.316304110669770
   18   -0.564402956958801   -0.807878029060101    0.169653742481939
   19   -0.655274880656439    0.060920795365100   -0.752929935301269
   20   -0.435894581840995   -0.475531748153613    0.764110901649514
   21   -0.849558865451358    0.525485706069858    0.045983767236546
   22   -0.432539150467404   -0.746912168877990    0.505007024995606
   23   -0.851213919722566   -0.445746608112280   -0.277028562113985
   24   -0.612924275822056    0.179587862206398    0.769462170516618
   25   -0.418366677095078    0.774680791912130   -0.474171903573818
   26   -0.118528009095193   -0.729462570503688    0.673673117538529
   27   -0.371346366822867    0.254271031422789   -0.892999506397763
   28   -0.627798799481547    0.729242705706795    0.272164919750804
   29   -0.284368450445616    0.306189781933932    0.908505587121186
   30   -0.201434875642864   -0.940510669350136    0.273612265283015
   31   -0.285643086425738    0.945532924988006    0.156126599081657
   32   -0.518952303594640    0.528595277942011    0.671770450921462
   33    0.005043698321272   -0.732739011557759   -0.680491074187312
   34    0.086954975170290    0.990295392768862    0.108415254249113
   35   -0.113455678339579   -0.379637085028199    0.918152216532639
   36    0.383865822600170    0.787151150898733   -0.482742266513193
   37   -0.604097527664976   -0.776475797005101   -0.179308431855162
   38   -0.221007168602087    0.952142210714031   -0.211142231690127
   39   -0.134541705645969    0.646151302233468    0.751256962739027
   40   -0.707713038169561   -0.304659976979504   -0.637435921510278
   41   -0.201411319416269    0.584963474787558   -0.785653367316314
   42   -0.262284849329406   -0.960695683807502   -0.090942074563355
   43   -0.406523150086473   -0.104322219770574    0.907665027918291
   44   -0.344104010184468    0.801137135387505    0.489664906316626
   45    0.064989896034840   -0.943289260713276   -0.325548282189265
   46    0.144088045935458    0.954560890849688   -0.260868052238580
   47    0.126040823420465   -0.895475273975937    0.426893130103088
   48   -0.338509196536727   -0.571812825928749   -0.747289512815106
   49    0.023154873724544    0.887114958873257    0.460967354121851
   50   -0.597616099533521   -0.624914928294175   -0.502330896893101
   51    0.199251711814495    0.599763466558262   -0.774972605658426
   52   -0.284532534253358   -0.846898292660722   -0.449226578509905
   53    0.549993372437127    0.503902023671993   -0.666025555676737
   54    0.189768549482875   -0.593941437149639    0.781806540560890
   55   -0.432563644043501   -0.219362802085770   -0.874510523042969
   56    0.676483105063663    0.686835208483851   -0.265759298897272
   57    0.466494301752776   -0.864288166509492    0.188119726939654
   58    0.088113058923487    0.408660690771303    0.908423100028543
   59    0.344323066220746   -0.776577659353564   -0.527606638568245
   60    0.620569259063289    0.605100908011750    0.498745111082802
   61    0.122374042358951   -0.991497177927163    0.044248614884563
   62   -0.067921206788824   -0.386954614716033   -0.919593842855810
   63    0.033575701034453    0.311115622401641   -0.949778785716803
   64    0.263116206432833    0.690947968278312    0.673320701482190
   65    0.595163145892834   -0.040460110965992    0.802585702085182
   66    0.394149721169290    0.857432044205221    0.330841785257284
   67    0.265897680138557   -0.481466066328672   -0.835157979469111
   68    0.295873523801301    0.112564396737480    0.948571618013384
   69    0.540666144806464   -0.416506076043307    0.730891789856148
   70   -0.148198341535193   -0.015636286725441   -0.988834039717312
   71    0.396465882596251    0.234470320328608   -0.887602654807981
   72    0.442672382932601    0.895181430443497   -0.051878396061433
   73    0.572236184872939   -0.506265040703450   -0.645167774523494
   74    0.712252202032217    0.126188179972501   -0.690487757991034
   75    0.439985369859573   -0.879953982651006   -0.179147600391879
   76    0.475401095449956    0.397469774259231    0.784864050008215
   77    0.209926810898702   -0.090853531219985   -0.973486707629210
   78    0.700388563744852   -0.632297633769432   -0.331142812250244
   79    0.811679257505917    0.391496524522556   -0.433482703485852
   80    0.919377131401235   -0.341083785296399   -0.195978421425207
   81    0.872624953820213    0.397866473595559    0.283245404479766
   82    0.726012449749996   -0.568999381957524    0.386193767608910
   83    0.430679341561083   -0.728149936582373    0.533210066116159
   84    0.709294706705565    0.694232690650961    0.122237434000360
   85    0.533672065525240   -0.165980387380683   -0.829243412685915
   86    0.751000045908687   -0.659823099988090    0.025147718927510
   87    0.804297625596886   -0.245513106959960   -0.541136437296620
   88    0.758249888247122    0.228633417808714    0.610560289598279
   89    0.914988698140947    0.395688638268198   -0.078906170986772
   90    0.929439666660222   -0.326597239027125    0.171686194839290
   91    0.931367995979203    0.047153064097892   -0.361012803944491
   92    0.807940128266490   -0.224192620698812    0.544949922434096
   93    0.940945148575475    0.038511270521272    0.336361575414187
   94    0.999617269551893    0.023534433990423   -0.014541142677514
   
 U =    3915.42890415081     


 http://math-lab.ru/  - см. Задача Томсона
