    296
    1    0.045749394654243    0.001628582364900    0.998951620754604
    2   -0.139193273720730   -0.103521406544526    0.984839352858094
    3   -0.971761217605474   -0.157194998021853   -0.175982580259627
    4   -0.974112902402122   -0.061901954733836    0.217421713206948
    5   -0.925985890897784   -0.360857921915600   -0.111048142933557
    6   -0.820565317226386   -0.067918877601420   -0.567502939402541
    7   -0.837107815131590   -0.484975938283867    0.253078733067990
    8   -0.921679503501149   -0.375852814029331    0.096133006881657
    9   -0.891208205569081   -0.329141129616348   -0.312112241222950
   10   -0.981802917557264   -0.185249076763338    0.041782898826852
   11   -0.999760703292230    0.010413739897334   -0.019237727879786
   12   -0.817465174729553   -0.281777839285063   -0.502346431650731
   13   -0.824451166737442   -0.531311328749913   -0.194906504784403
   14   -0.917362527879571   -0.117546328978991   -0.380301003135631
   15   -0.674889492721071   -0.086029187257649    0.732886861360254
   16   -0.922019153759872    0.265176235623353   -0.282067800644733
   17   -0.829548090574566    0.468075103409477   -0.304558143861395
   18   -0.895189116738007    0.097647899319834   -0.434857830827789
   19   -0.715634926335321   -0.696248628642952   -0.055718034080972
   20   -0.705876088015665   -0.210728411697972   -0.676263620839501
   21   -0.822946167998061   -0.365541327547027    0.434901301943859
   22   -0.969998141074821    0.051602890505506   -0.237572616273146
   23   -0.836288311396507   -0.547914499726090    0.020286971471546
   24   -0.774486137975607   -0.492037228668095   -0.397580919673280
   25   -0.926110400480328   -0.263625325421980    0.269854060407329
   26   -0.828804690108829    0.302046525481456   -0.471010278123725
   27   -0.606562543145592   -0.306347495741484    0.733643709920335
   28   -0.774349747990686    0.131049943848240   -0.619038270225787
   29   -0.937284826925142    0.337970933466393    0.085280720844521
   30   -0.922342682076711    0.061138618832580    0.381504975205806
   31   -0.717156271355024   -0.571130226265203    0.399370939231208
   32   -0.974423327364083    0.210145338482015   -0.079612284246769
   33   -0.978604336450966    0.138217566344117    0.152412128891617
   34   -0.568802467673584   -0.348636283036879   -0.744927174238308
   35   -0.833664705511069    0.550914366555490    0.038684874407249
   36   -0.764593387110782   -0.236520648271348    0.599545607379257
   37   -0.677684715407615    0.735350003506095    0.001949062976316
   38   -0.685866568732262   -0.675448468626630   -0.270843896230604
   39   -0.900885777184516    0.418624833306134   -0.114708610862753
   40   -0.827315739493273    0.186191705316808    0.529982373346433
   41   -0.534651531969404   -0.152005047768538   -0.831289483161945
   42   -0.724685908863762    0.493900359755667   -0.480513025970707
   43   -0.562803959787619   -0.814145931915842   -0.142891932565355
   44   -0.888827046375525   -0.145180485459218    0.434636754397492
   45   -0.913001496694667    0.261352595998116    0.313246049613311
   46   -0.508266382232192   -0.783941362713425   -0.356512586761838
   47   -0.771982404642141    0.616775199084077   -0.153725471922302
   48   -0.683131357365071   -0.446494894185021    0.577904713643402
   49   -0.473192855621081    0.047081211489714   -0.879699881160517
   50   -0.858958540601544    0.456155648862647    0.232620397941288
   51   -0.688027665527568   -0.431366637800299   -0.583558699071096
   52   -0.678050553914850    0.651855142270838   -0.339606124548470
   53   -0.621137135371955   -0.629510490196973   -0.466803172433402
   54   -0.549657608239162    0.657945036549823   -0.514766784655203
   55   -0.414430294995215   -0.356590095497881    0.837311790423968
   56   -0.668148763326164   -0.009428689179523   -0.743967962943347
   57   -0.562720817155318    0.804480605190529    0.190147936650209
   58   -0.378713392169030   -0.897735648092416   -0.225048600830835
   59   -0.813032246546482   -0.016976388091582    0.581971106089422
   60   -0.419337376994291   -0.726698341233811   -0.544119182811611
   61   -0.599364353942167    0.703110398568714    0.382620097025799
   62   -0.731721575878566   -0.658060921105787    0.177593241727243
   63   -0.497964254156334    0.376963891118654   -0.780980042238730
   64   -0.409931305298947    0.584437137749371   -0.700278199685828
   65   -0.697369754877975    0.132752401811903    0.704309750603102
   66   -0.541357602990495    0.070336116614283    0.837845317695342
   67   -0.804705523969295    0.377632506939275    0.458085919229199
   68   -0.328329197363651   -0.101333025491906   -0.939112110508217
   69   -0.371084953422248    0.212861529570962    0.903872738040217
   70   -0.376279403282520   -0.675295810628988    0.634341689322315
   71   -0.695495142672817    0.320071829759190   -0.643304383875256
   72   -0.597210533219006    0.186818660865749   -0.780024593820348
   73   -0.727371579262407    0.659820808944317    0.188592379923949
   74   -0.374976234588687   -0.292334843101934   -0.879734711718401
   75   -0.588224706388886    0.496739286893212   -0.638154977768357
   76    0.129977694494638   -0.945871375869021    0.297377099396548
   77   -0.688750028313981    0.337139419114323    0.641841421674192
   78   -0.175036053527375    0.304386124638231   -0.936328717434898
   79   -0.525440787731629   -0.562708359266727   -0.638178095048171
   80   -0.215613218669613    0.644405200650474   -0.733657193319572
   81   -0.406395401075078   -0.471426642092847   -0.782687484958134
   82   -0.744114555058625    0.556408402068340    0.369733984180060
   83   -0.561913884028401   -0.637156872878740    0.527526213831599
   84   -0.512858186252035   -0.503830951891397    0.695076148857434
   85   -0.485205681111824    0.668759985779025    0.563325419662249
   86   -0.301500884341395    0.453516973242265   -0.838701121808318
   87   -0.297189738343004   -0.855353887512595   -0.424320617623876
   88   -0.384643040160718    0.243376856471737   -0.890402963488923
   89   -0.176732758103486    0.106469560322202    0.978483400440668
   90   -0.597143075450466    0.780402776038755   -0.185449870834584
   91   -0.594297888364073   -0.798906963438459    0.092507749164844
   92   -0.009584587240703    0.675240422285837   -0.737535428165095
   93   -0.509061035724313   -0.147881877342755    0.847931490310905
   94   -0.315120293641690   -0.200569610645380    0.927615778121920
   95   -0.542087674672347    0.283618182019922    0.791013071823748
   96   -0.235650572129091   -0.968366392915513   -0.082069098490418
   97   -0.430135917786748   -0.902763612127529    0.000976139441117
   98   -0.646123049079997    0.528120147171002    0.551011901504538
   99   -0.041176853532803    0.133203386492382   -0.990232964791669
  100   -0.422304847331241   -0.787595124703266    0.448723228130866
  101   -0.357513665784700    0.003283365519645    0.933902135284019
  102   -0.447126485749076   -0.862791916482070    0.235940701437624
  103   -0.252467018435323    0.095828427777702   -0.962848543142706
  104   -0.117517432685820   -0.081317959078110   -0.989735844832501
  105   -0.218823985538552   -0.808327645691885    0.546555102952336
  106   -0.595348152659278   -0.735707455555774    0.322947545221873
  107   -0.124126151375269   -0.520281052768053    0.844926224397924
  108   -0.162233240002418   -0.946280466924436   -0.279702795401815
  109   -0.094336189727036    0.502662050200944   -0.859320398102808
  110   -0.259431356933462   -0.897598509985872    0.356387830755773
  111   -0.357156713309295    0.744320141738871   -0.564293016738582
  112   -0.292349621428870    0.956119670708410   -0.019153958724994
  113   -0.210857125846774   -0.473346938761555   -0.855267179333278
  114   -0.318117770801388   -0.527082427894698    0.788026140495977
  115   -0.495654617070239    0.868501546968869   -0.005618139339412
  116   -0.514941325208795    0.484078721850229    0.707462523844238
  117   -0.276565858545482   -0.950254991233737    0.143271691280484
  118   -0.171369384915902   -0.341685278653496    0.924058279690750
  119   -0.337453947056414    0.613747280749656    0.713750032566339
  120   -0.358142728177684    0.419096284773069    0.834321335183786
  121   -0.041053142260238   -0.891314789225727    0.451522519945638
  122   -0.430154815364651    0.818378366776082    0.381082253078671
  123   -0.168142767175111    0.971988784364357    0.164212706318959
  124    0.047262192484535   -0.627404455843694    0.777257958434028
  125   -0.487346907878963    0.791165831201387   -0.369526208705460
  126    0.088419745854513   -0.049803749980525   -0.994837441510371
  127   -0.374677308260817    0.909112201407181    0.182021756740829
  128   -0.306420423020343   -0.636267656842535   -0.708004232481801
  129   -0.400158726072260    0.894231706752456   -0.200555849046632
  130    0.004120436427831   -0.992090618497247   -0.125456074756837
  131   -0.194554834089256   -0.772756204601610   -0.604149207383587
  132    0.041688705577799   -0.260908460052677   -0.964462973524743
  133   -0.080843379444610   -0.994970950020565    0.059136761960298
  134    0.057731181916138   -0.432629282148320    0.899721631874212
  135    0.006806521055261    0.207731765055894    0.978162146608571
  136    0.119796958336729    0.524937738711002   -0.842667822602862
  137   -0.290383110377854    0.869000861233592   -0.400643422986774
  138    0.169368585450787    0.169573211147459   -0.970854885306521
  139    0.125787375232614   -0.987907379819874    0.090645160541092
  140   -0.302319137492934    0.773656655942530    0.556828984358170
  141   -0.153899923470262    0.794893437702599   -0.586906497027586
  142    0.206019001291854   -0.130616482158878    0.969791475367332
  143   -0.085297870557172    0.906338587289611   -0.413853402146561
  144    0.037690981910717    0.340402721082047   -0.939524016384118
  145   -0.168796520439847   -0.683200028069706    0.710454401304512
  146   -0.076583842813526   -0.962675651609143    0.259596812035172
  147    0.055305489462206   -0.947101693762230   -0.316132384465846
  148   -0.075505439367971    0.996655265274964   -0.031260371487572
  149    0.123068287540966    0.905468169553061   -0.406179259106080
  150    0.057942460988739    0.808774360459168   -0.585257810779516
  151    0.248347038710822   -0.225931035131509   -0.941954837414178
  152    0.239823787678617   -0.532572893702470    0.811696164680393
  153    0.352189997179435    0.523892205887209   -0.775563770748339
  154    0.004628101041022   -0.780062384371428    0.625684630760190
  155    0.021735795952356   -0.238110895779150    0.970994725261455
  156   -0.168309388999376   -0.283325170434875   -0.944139183263096
  157    0.056933096261288    0.986473649455968    0.153715195992868
  158    0.287363038584401   -0.013599340110412   -0.957725191275713
  159    0.231849577488157    0.119795352801422    0.965347008523746
  160   -0.240917798995624    0.898795221133216    0.366231845413800
  161    0.217536365599107   -0.970972173310468   -0.099453347347780
  162    0.001690223131148    0.426982758178899    0.904258186229855
  163    0.212336380508614   -0.710964303873221    0.670405116426306
  164   -0.183858948774083    0.321954786728572    0.928730855661773
  165   -0.094847663726895   -0.634973471433093   -0.766689383819652
  166   -0.136653046543330    0.702024066491832    0.698919276409442
  167    0.178286057971719    0.319343407323623    0.930716857981977
  168   -0.171804856569205    0.530682352461564    0.829975500870414
  169    0.426706939585781   -0.419096967335043    0.801423059114165
  170   -0.104624212034466    0.839149519236031    0.533743251593971
  171    0.364886713827079   -0.763896199966808    0.532278387452230
  172    0.241548341337164   -0.333326101098015    0.911344122230489
  173    0.406014260650919   -0.603537729751725    0.686217625039041
  174    0.043031029540902    0.603666146134529    0.796075068387232
  175    0.418511151773847   -0.220333556808909    0.881079757788626
  176    0.077912056957126    0.750630197811004    0.656112808528322
  177   -0.073551042835365   -0.877984140533456   -0.473005383763821
  178    0.553323688858717   -0.640408367835111    0.532644363299332
  179   -0.035697366083786    0.940165661237349    0.338842481818349
  180    0.102005210258074    0.866468437893115    0.488699686121519
  181    0.023047073043999    0.974351429966557   -0.223848438337707
  182    0.207057287909644    0.669164014164104   -0.713685366020129
  183    0.025727125144124   -0.763927208907781   -0.644789372215599
  184   -0.192633141270259    0.956361891134116   -0.219691615840771
  185    0.200463106907708   -0.425976695371600   -0.882246222870464
  186    0.148853372000834    0.988316374738068   -0.032763044250864
  187    0.120057544316931   -0.610322547267707   -0.783002282467456
  188    0.430881791667947    0.651955570962752   -0.623934944605326
  189    0.149570853126586   -0.857248793347042   -0.492699772884081
  190    0.254201315603482    0.371202213421536   -0.893079284216363
  191    0.243798516430795    0.947021305989114   -0.209076372143810
  192    0.588342806544395   -0.467118411750036    0.660040249826924
  193    0.388029784836800    0.920171524932952   -0.052127255654528
  194    0.195099752867445    0.927258128265478    0.319575421452688
  195    0.272349998813906    0.784164765260606   -0.557594027110984
  196    0.245235799631155   -0.726945747347764   -0.641411944846889
  197    0.289172150042038    0.796865190757172    0.530457665982499
  198    0.328007016569530    0.865486324210041   -0.378609059171262
  199   -0.006600439256450   -0.458056601409719   -0.888898522952198
  200    0.404731456811902   -0.377894132693883   -0.832699509032192
  201    0.227365095511745    0.501057679118119    0.835012763698675
  202    0.390699077248796    0.865387020308406    0.313782625584461
  203    0.447510710698437   -0.180329406145821   -0.875908367975369
  204    0.374999513887915    0.204892451096143   -0.904098693765035
  205    0.716776905203433   -0.502873117800559    0.483062620744489
  206    0.490101802003016    0.750033014363698   -0.444129149052279
  207    0.288489517809800    0.948637869780424    0.129846024707451
  208    0.688814017187839    0.717869684107101    0.100986961363943
  209    0.499848398349551    0.857249073930070    0.123594514091141
  210    0.265561826242123    0.660970754884125    0.701850822918132
  211    0.637648858462390    0.612269259098162    0.467472231972124
  212    0.538999366502229   -0.479373881102481   -0.692589607940330
  213    0.459615762351869    0.628395766509574    0.627592313234121
  214    0.374930994203803   -0.018665155058567    0.926864802207953
  215    0.800377005077068   -0.531626766985058    0.277073330309646
  216    0.474893078484896    0.748795024254256    0.462366278678719
  217    0.170606637343797   -0.851871089529486    0.495185846039735
  218    0.371963167282684    0.301481190582833    0.877925107232839
  219    0.661123330743690   -0.669956042208060    0.337749675137197
  220    0.427005140799437    0.478497788028624    0.767272100745601
  221    0.616534960517374    0.473161994500156    0.629287191527425
  222    0.474727953737047    0.848799734443802   -0.232749609556636
  223    0.570340612225970    0.311300814102766    0.760133796896744
  224    0.332617393921604   -0.563108055849157   -0.756488589932844
  225    0.487901171199874    0.137248277119047    0.862041389707968
  226    0.768807050217484    0.443792242144880    0.460417381674401
  227    0.324090843235424   -0.885305488584026    0.333465616239443
  228    0.256944793139221   -0.919369972013895   -0.297889623581978
  229    0.499589704158152   -0.783853133079841    0.368760617826916
  230    0.444132623460887   -0.857464811979385   -0.259808215795629
  231    0.358591235202881   -0.808756066012868   -0.466182315969902
  232    0.735723450460380    0.285890630359107    0.613984976946134
  233    0.595095840998145   -0.272850994807469    0.755918828088893
  234    0.638960599867742    0.716318043195781   -0.280388681670326
  235    0.481613898075301    0.360495914364167   -0.798805826786120
  236    0.568074566751507   -0.066173274564066    0.820312369980824
  237    0.324876758391805   -0.937011405643642    0.128314915542032
  238    0.513732921661650   -0.840236113801137    0.173440935956156
  239    0.413028844150676   -0.908811698977310   -0.058893715297412
  240    0.598520548689743   -0.278727254288273   -0.751055437709527
  241    0.588523228052944   -0.808371065502683   -0.013290240787822
  242    0.567838306938377    0.496583172382781   -0.656479101022729
  243    0.453612716767237   -0.657758218587951   -0.601323231770611
  244    0.594865786411269    0.750835239119649    0.287021148791239
  245    0.747476702240245   -0.659622833241584   -0.078589423425764
  246    0.644997182077336   -0.558865796644287   -0.521198288997040
  247    0.475160238377085    0.025063798221692   -0.879542241102799
  248    0.810056316702467    0.077780267514365    0.581170365517571
  249    0.667729500530845    0.111760598122508    0.735966631599645
  250    0.739126133812489   -0.311753788024907    0.597077996552815
  251    0.752026545476621    0.595060689785951    0.283476366510453
  252    0.550297656308032   -0.723206552278154   -0.417306568608538
  253    0.615195271855674   -0.759193311651565   -0.212509512798728
  254    0.700216225870415   -0.700541006243301    0.137620985316251
  255    0.827137312908027    0.556269880098630    0.080048023650453
  256    0.593332245325962    0.802144731129540   -0.067235979784409
  257    0.726068476256427   -0.103189037554441    0.679835708326106
  258    0.588535301920198    0.173152520938496   -0.789711594752379
  259    0.751462189568957    0.651177962494994   -0.106168916397867
  260    0.716158155076812   -0.364874918103950   -0.594965369627185
  261    0.849068825858872   -0.139620047062169    0.509498156437287
  262    0.870719661207594    0.473604336885626   -0.132462083894446
  263    0.723821276958487   -0.612814522263018   -0.317082198058697
  264    0.844838127810818   -0.345720671781962    0.408320652061270
  265    0.630558849537314   -0.064697814263121   -0.773440191675965
  266    0.742595197692911    0.085164761889034   -0.664303647209475
  267    0.758212475755372   -0.150523284528772   -0.634394658255868
  268    0.868403835955014    0.417526878596585    0.267480996237134
  269    0.862490153687135    0.251853595143725    0.438953871615143
  270    0.632233106149695    0.606549447545259   -0.482057120236647
  271    0.676777141324258    0.313560490786091   -0.666072458219788
  272    0.773035934437136    0.552259436549320   -0.312129714719907
  273    0.846539851217239   -0.501033301714243   -0.179821886527806
  274    0.840894592666652   -0.537560038643818    0.062653721974381
  275    0.914482847089120    0.043138605380874    0.402318509523946
  276    0.747060877112063    0.434329700597076   -0.503247212677636
  277    0.799776437146256   -0.439661436830670   -0.408724199858083
  278    0.925105482838104    0.375149869354620    0.058672149663102
  279    0.929236178004786   -0.367668318185157   -0.036607830992237
  280    0.820469747940297    0.228808373587832   -0.523904686838052
  281    0.869480832599040    0.360091756455716   -0.338137558806350
  282    0.853503180284622   -0.232816634053131   -0.466185302376863
  283    0.907139258487343   -0.371828832936239    0.197082938653524
  284    0.948058346042913    0.276137975531343   -0.157902472962991
  285    0.860883328913011   -0.002188634626239   -0.508797704277571
  286    0.939680650952407   -0.089275037696109   -0.330197277199583
  287    0.908683118180509   -0.317270523477005   -0.271356602400558
  288    0.933451040321903   -0.172313270859231    0.314606567013071
  289    0.921287848555379    0.147858620120628   -0.359675587940334
  290    0.973927034556547   -0.203078813060085    0.101119370280858
  291    0.981121550966947    0.063477033627800   -0.182677772129037
  292    0.944272241565875    0.221524762619869    0.243468095146711
  293    0.983001390482171    0.180528601136638    0.033431878226721
  294    0.978190279826967    0.011919660369265    0.207368508093013
  295    0.974797471855887   -0.177574421811273   -0.135045227911853
  296    0.999737052750925   -0.022781558529925    0.002612651496418
   
 U =    40996.5503272388     


 http://math-lab.ru/  - см. Задача Томсона
