     50
    1   -0.277121922712335   -0.015199635240026    0.960714531502875
    2   -0.977067821388021   -0.103697577620517   -0.185971193478192
    3   -0.611926372505011    0.367748362015332    0.700219434797334
    4   -0.906972984621876   -0.315477677276614    0.279058847389288
    5   -0.433335479588176    0.034712998276205   -0.900563917709766
    6   -0.672740589259307   -0.186802014109869    0.715908588499632
    7   -0.916640262057366    0.183315426558036    0.355198654785246
    8   -0.720185275538126   -0.327761810367823   -0.611478016417991
    9   -0.677377524557561    0.691666167859134    0.250514673149759
   10   -0.281403713870472    0.801093481200459    0.528262419823742
   11   -0.249247312078344   -0.454347562343561   -0.855245035071344
   12   -0.792984428154872   -0.592783334907400   -0.140654237618185
   13   -0.910757023378790    0.400584862843737   -0.100266704476960
   14    0.144140252291263   -0.292648780744328    0.945293752649550
   15   -0.082422559426550    0.843106847763661   -0.531391912764581
   16    0.062984873471075   -0.068524083525837   -0.995659256819710
   17   -0.599947584259303    0.735854064999569   -0.313977214404225
   18   -0.429056412932986   -0.768133763082447   -0.475269519887272
   19   -0.797246241091168    0.210027766156068   -0.565938838134912
   20   -0.263082779432406   -0.559232551147276    0.786159274513397
   21   -0.271106421953029    0.962343484528881   -0.019907932103499
   22   -0.592471565556033   -0.678019501553618    0.435048272632550
   23    0.066771380944829   -0.784636660915751   -0.616349651605079
   24   -0.140155593572787    0.462941993479786    0.875237750707327
   25   -0.425794270622255    0.524017582739690   -0.737634606078724
   26   -0.073119380500348   -0.913872297447159    0.399363218328750
   27    0.365122072463008   -0.434244974205985   -0.823478703171589
   28    0.137647991109880    0.947611567141211    0.288245292005945
   29    0.299253157301756    0.199106530130639    0.933168868696480
   30   -0.418221444019039   -0.908100708694659    0.021069566461786
   31    0.271450381407501    0.941799315239809   -0.198314750453791
   32    0.296817058689061    0.662633290239206    0.687616721973760
   33    0.521836031204204   -0.762430956022971   -0.382604487473609
   34    0.699826135247529    0.676721009187211   -0.228674563843797
   35    0.280064540247332   -0.690820318318783    0.666581683737249
   36    0.040961088545466    0.427109507493966   -0.903271641220642
   37    0.048401305499232   -0.986837110899142   -0.154304342706886
   38    0.418615311669308    0.630032823224236   -0.654079400758124
   39    0.720206278621040    0.327695021774933    0.611489075077191
   40    0.767455242592430   -0.296932460149853   -0.568193245935527
   41    0.517227350026018    0.116096652350459   -0.847937164946837
   42    0.426601851911399   -0.891586178870773    0.151937308099026
   43    0.615587465437070   -0.184545243498848    0.766156071240524
   44    0.610732404499163    0.742524797694768    0.275068818485510
   45    0.832915441392550   -0.550133194070773   -0.060044452461013
   46    0.927099269893210    0.358902736816867    0.108054473617891
   47    0.706357079854296   -0.563575583602097    0.428301572851731
   48    0.828648137975877    0.266198920078953   -0.492422987255786
   49    0.929527457137077   -0.104620135544376    0.353600528374825
   50    0.984180836093025   -0.078884366651414   -0.158635867839655
   
 U =    1055.18231478084     


 http://math-lab.ru/  - см. Задача Томсона
