    164
    1   -0.045047967381502   -0.001862455159642    0.998983088893688
    2   -0.957128864337463   -0.159865342637876    0.241552083980561
    3   -0.780142115027109   -0.065934222189388    0.622118122791251
    4   -0.870414032550789   -0.439220802729101    0.222406156364158
    5   -0.971698209245725    0.162809340461168   -0.171159892519393
    6   -0.694175208373585   -0.535808690158059    0.480655622697368
    7   -0.837583576497765   -0.284385352401627    0.466453345706316
    8   -0.941447412765781   -0.334538532324974   -0.041961165218209
    9   -0.911146305314917    0.062470553895582    0.407320316467219
   10   -0.878399623304794    0.377792749440211    0.292722975265696
   11   -0.947525952518370   -0.139531600324634   -0.287620412723092
   12   -0.812490344651492   -0.580931221219293   -0.048768392025581
   13   -0.997708341134503   -0.065642761219405   -0.016404082727499
   14   -0.309166259582479   -0.051649505925119    0.949604418941630
   15   -0.774883296980006    0.610550634962378    0.163657563859521
   16   -0.775000096570698    0.615085013814712   -0.145069900723631
   17   -0.913699136681423    0.406275802512297   -0.009688132978614
   18   -0.616947395358383   -0.785616431438818   -0.046719739017288
   19   -0.890317534830071    0.095368261162424   -0.445241038019815
   20   -0.457617827462234   -0.569758883617278    0.682613169026161
   21   -0.976065544319462    0.161771032504524    0.145348499251873
   22   -0.709708307357034   -0.667287973874085    0.225922283963826
   23   -0.851953833124714   -0.421631977014442   -0.310485333281623
   24   -0.641709215569170   -0.338766283362045    0.688074623795026
   25   -0.871272642479784    0.376223427012690   -0.315182352667660
   26   -0.192012593216323   -0.561219429894157    0.805086278330230
   27   -0.747725518179692    0.312920931866815   -0.585650953949975
   28   -0.699734921389010    0.546226650258403    0.460442706898697
   29   -0.649580465730433    0.147142264720271    0.745918475756180
   30   -0.491883784627308   -0.741634857350663    0.456100954595776
   31   -0.567353624336579    0.756888533128603    0.324391142558763
   32   -0.791920221785553    0.277606365883384    0.543872290108754
   33   -0.631101609183195   -0.274395761443333   -0.725546500913839
   34   -0.315741507416265    0.835526581534406    0.449669469770779
   35   -0.387110178030818   -0.342586100273309    0.856025977388814
   36   -0.093248637527968    0.995610712216293   -0.008000082458481
   37   -0.680726543695119   -0.666245262962843   -0.304513747289790
   38   -0.605375133731780    0.795539257915723    0.025263344476358
   39   -0.310341067956941    0.481723756265100    0.819530746335479
   40   -0.737657605886949    0.026238234074771   -0.674664962444154
   41   -0.704490966346750    0.564552501709256   -0.430084818552856
   42   -0.434151278911711   -0.870905883740760   -0.230294612800761
   43   -0.553166136826267   -0.104204691480810    0.826528043893305
   44   -0.571760586860570    0.418081383129419    0.705902109639466
   45   -0.475653063788464   -0.732201584528327   -0.487478207228646
   46   -0.341043179431902    0.930751146787792   -0.131878173008993
   47   -0.238450572949682   -0.769202371278064    0.592848240513685
   48   -0.525565123769447   -0.033668591380543   -0.850086893577154
   49   -0.458332324040625    0.652026457919771    0.603980942507391
   50   -0.822233954832032   -0.212931534681380   -0.527817662701343
   51   -0.560307954525648    0.789017213469216   -0.252005620859055
   52   -0.684018753308018   -0.492581712472987   -0.538034944645908
   53   -0.273243732201114    0.874287097786061   -0.401198122450284
   54    0.080704513351114   -0.492333457888775    0.866657110839138
   55   -0.550905184813651    0.244934557485730   -0.797816106565107
   56    0.135617434363577    0.968409900175765    0.209261025368331
   57   -0.218797247108263   -0.894120492554706   -0.390738159707464
   58   -0.416583916332876    0.207491617319359    0.885101728274756
   59   -0.236442447523359   -0.724200301409694   -0.647787690873539
   60   -0.133935418955672    0.954604589528581    0.266066497703371
   61   -0.493848938334683   -0.847946962667834    0.192611460220054
   62   -0.274449015909268   -0.059247473280295   -0.959774699904272
   63   -0.482360812320027    0.713539394618339   -0.508123586409505
   64   -0.020516470319663    0.524603390573376    0.851099498909817
   65   -0.153908673837470    0.260776163622260    0.953051893972226
   66   -0.174997886543157    0.706958040529363    0.685263503067478
   67   -0.383477146845273   -0.315893041870935   -0.867846106141484
   68    0.125081109975053    0.297296120939815    0.946556777167406
   69    0.296491031046526   -0.612944649585144    0.732387824211949
   70   -0.532077957783396    0.498838928409632   -0.684143822850270
   71   -0.300017165581418    0.219272730155331   -0.928390634467367
   72   -0.382598625166474    0.911728475872639    0.149564294882429
   73   -0.168841354228433   -0.523698425376983   -0.835004524754194
   74   -0.288161624174077    0.478350450386105   -0.829544287527055
   75    0.754698065899256   -0.534326906979739   -0.380690932129184
   76    0.138661131449097    0.710728848456145    0.689664842222263
   77   -0.033749909888433    0.074945246216876   -0.996616352290095
   78   -0.457186079804295   -0.537903017302199   -0.708266356966340
   79   -0.255004756022983    0.705799384080541   -0.660923447788916
   80    0.073722756252321   -0.662502347858150   -0.745423097504363
   81   -0.012731732068273    0.864423689617163    0.502602813190687
   82   -0.258428336602228   -0.909637228635004    0.325230544571441
   83    0.029092875792749   -0.729016746617867    0.683877319209234
   84    0.263181003017935    0.857297678922105    0.442466325685068
   85   -0.032502574327718    0.364708730920650   -0.930554202748190
   86    0.003467636303218   -0.839097004764081   -0.543970764007053
   87   -0.097631158915162   -0.274357273330998   -0.956658896043549
   88    0.417245193637112    0.225568916051233    0.880355105907952
   89   -0.033983452875319    0.958988197140619   -0.281401426214680
   90   -0.306406727280331   -0.951810263451117    0.013120208324295
   91   -0.015446957118006    0.625936189249568   -0.779721282577001
   92   -0.123314040033932   -0.291381973602835    0.948625422909289
   93    0.164961087234862   -0.236733796239648    0.957467988716206
   94    0.289864909021199    0.497201531528780    0.817782961159969
   95    0.132728910440131   -0.938353552181259   -0.319179647600202
   96   -0.089432758537349   -0.984033831700266   -0.153880472346860
   97    0.420343942962955    0.667169463780191    0.614976321669061
   98    0.148258682308684   -0.145270118702816   -0.978220811336665
   99   -0.007088012437137   -0.902196237796989    0.431267560320330
  100    0.226016965064456    0.037158149537527    0.973414404776300
  101    0.201001431515208   -0.978528033297489   -0.045621404842301
  102    0.135928567309493   -0.433370804360381   -0.890905814616352
  103    0.395082206636804   -0.328436129243010   -0.857927595433824
  104    0.246037387322111   -0.828156820430993    0.503608860936082
  105   -0.036851007030499   -0.989384249720727    0.140573147099270
  106    0.456716377049248   -0.091051589460856    0.884940539805732
  107    0.286386900014613   -0.790569672921773   -0.541278242456114
  108    0.214976808816412    0.193055215496442   -0.957347719191274
  109    0.236425731062988   -0.942866562933547    0.234745645738555
  110   -0.013424820372810    0.833574513969657   -0.552243880779324
  111    0.390704961680652    0.911824382992243    0.126197969472317
  112    0.917748122727534   -0.036993059290512   -0.395436337220564
  113    0.481566372127286   -0.693479566981040    0.535891704932960
  114    0.190733870404719    0.977571182659936   -0.089303826980085
  115    0.557369598519055    0.407325681201432    0.723481112455948
  116    0.468871322948959   -0.883234039794809    0.007570565621860
  117    0.391484269677758   -0.367707110770661    0.843523293859491
  118    0.664242740091200    0.549015997954571    0.507309586176016
  119    0.773558720913605    0.270615483070098    0.573039410181573
  120    0.492425745286636   -0.823267479864397    0.282396072877486
  121    0.514616611161094    0.781529130907890    0.352678268481955
  122    0.618950168548450    0.784828190167720    0.030747370162461
  123    0.588200411148730   -0.468653926120108    0.659077972516661
  124    0.228564081186810    0.892799357600879   -0.388159461895091
  125    0.622113529562549   -0.200414695704620   -0.756841268748509
  126    0.729508498406205    0.638537740129719    0.245126304551663
  127    0.359625640881573   -0.585479699376512   -0.726555517519829
  128    0.440937428369544    0.878348899095365   -0.184600638462636
  129    0.540986169358194   -0.694906136869521   -0.473750383117762
  130    0.604444359725103   -0.468009679230637   -0.644681282606333
  131    0.588177549004276    0.090077234121321   -0.803699734192052
  132    0.406441967385034   -0.872030135620503   -0.272705646655639
  133    0.657113550038466   -0.205352553337125    0.725280711996236
  134    0.646688547473865    0.098005325151123    0.756431674910673
  135    0.219658797591530    0.493202719912125   -0.841725067769711
  136    0.674624763289251    0.699311516013560   -0.236315112355809
  137    0.387000056456204   -0.039683325353004   -0.921225374157607
  138    0.649826699237449   -0.736312708837336   -0.188597072519134
  139    0.857814729028046    0.402290483014992    0.319869126265890
  140    0.238453396970039    0.727319026913490   -0.643542547593446
  141    0.797881699793825   -0.344900862951804    0.494396791928524
  142    0.475416026179863    0.753017442982815   -0.454911345885076
  143    0.435983719752245    0.318475046387650   -0.841719573812668
  144    0.695979698013523   -0.605225473030286    0.386412197980696
  145    0.697562925962352   -0.708860032673185    0.104515158715915
  146    0.799066690647907   -0.277546467495702   -0.533348274842677
  147    0.828657667354560    0.559753100267054   -0.001713789928979
  148    0.690199928780158    0.542682200678264   -0.478664900926380
  149    0.472172773403361    0.561608723197672   -0.679447212140030
  150    0.852557139038079    0.254010426614035   -0.456754888147420
  151    0.857353346595136   -0.467198912261677    0.216033366551619
  152    0.673663571509001    0.329023273083422   -0.661756056406898
  153    0.839059638278286   -0.537791239532597   -0.082216215519233
  154    0.825659744218143   -0.044608482901880    0.562402053722089
  155    0.781210487960093    0.018561060204274   -0.623991715125486
  156    0.961374917089165    0.202715102200985   -0.186185005119760
  157    0.852704414714700    0.456785729035795   -0.253460014351964
  158    0.933576456142174   -0.176287792642151    0.312021817670460
  159    0.946944922993323    0.313718976968084    0.069826329613330
  160    0.908713147347797   -0.322414189714988   -0.265121681700478
  161    0.922672131509217    0.129993041987493    0.363012323166963
  162    0.957494269883892   -0.285771622456836    0.039233951341912
  163    0.992730224321199    0.034331853560145    0.115360415872636
  164    0.988199434284925   -0.073140528242052   -0.134582098391384
   
 U =    12289.0987943674     


 http://math-lab.ru/  - см. Задача Томсона
