    282
    1   -0.052759435644255    0.012432628462972    0.998529855187115
    2   -0.979829391490323   -0.057592388926673   -0.191356944764024
    3   -0.970102894524274   -0.083123539243215    0.228015024196448
    4   -0.959052628495576   -0.272305718868872   -0.077895129803051
    5   -0.812465485938125   -0.015334851989404   -0.582807581002332
    6   -0.860512532026648   -0.422571629156692    0.284519595910276
    7   -0.949213617749148   -0.279753429058914    0.143984467250299
    8   -0.922239435577149   -0.256962671784192   -0.288867805017921
    9   -0.997172622693233   -0.073000531928226    0.017823660939739
   10   -0.988690359451849    0.139777161510346   -0.054348120915853
   11   -0.843198652701770   -0.233527699967598   -0.484232222626461
   12   -0.870730719551041   -0.454035976568745   -0.188889772119595
   13   -0.918570103861810   -0.038506695362427   -0.393377933676470
   14   -0.603531621508788   -0.088892706163287    0.792368391993232
   15   -0.868889324180855    0.352696876378234   -0.347327303443847
   16   -0.743317289458926    0.517616456366127   -0.423736488032843
   17   -0.862203611235507    0.171451448990345   -0.476664801943212
   18   -0.782596726347552   -0.619492358292542   -0.061413206456268
   19   -0.725664246308500   -0.195940523373888   -0.659559483996313
   20   -0.793387450921478   -0.345249303127782    0.501337482550527
   21   -0.949944903557934    0.156436031745448   -0.270430116991516
   22   -0.887955037795024   -0.458204186191563    0.039809227711240
   23   -0.805001260559198   -0.434599687001880   -0.403851560051426
   24   -0.900966069826850   -0.217668525783272    0.375340583875626
   25   -0.754236727031761    0.343542223312663   -0.559558487021516
   26   -0.538963563515814   -0.303695529088411    0.785676334640446
   27   -0.720880467549813    0.155902048802350   -0.675296899655546
   28   -0.942047328867046    0.320456940126168    0.099268220994626
   29   -0.919196416836055    0.040082819405191    0.391754151049212
   30   -0.730723577319090   -0.539715603425662    0.418031244010380
   31   -0.931677959388576    0.340414501496187   -0.126862709890025
   32   -0.978434078715140    0.121916203202781    0.166742894917513
   33   -0.522293756932872   -0.456784967572533   -0.720108828489629
   34   -0.862482466342162    0.505321528013935    0.027823525621364
   35   -0.714719286721853   -0.219642596156142    0.664028215621593
   36   -0.585810975107271    0.797745533663021   -0.142925032672974
   37   -0.737559712251149   -0.609300152098283   -0.291133982071850
   38   -0.829877804833291    0.520299523168739   -0.201472666224135
   39   -0.829114406365193    0.170232434038955    0.532531895344181
   40   -0.565309903009577   -0.256268518990814   -0.784060686256847
   41   -0.609878083305922    0.504585422559954   -0.611099234857226
   42   -0.637895562783612   -0.754214170790993   -0.155724871356615
   43   -0.835285186677495   -0.091326050108613    0.542179130443714
   44   -0.908590898400051    0.255772630238202    0.330216506198011
   45   -0.568801881749946   -0.726239253233676   -0.386058242212640
   46   -0.687027955470651    0.671575058211466   -0.277451850940091
   47   -0.643286328873789   -0.437012640264346    0.628651454570232
   48   -0.456611288022592   -0.086647621763933   -0.885436796893490
   49   -0.851923763498909    0.453554103079539    0.261752892563904
   50   -0.695064042172676   -0.395268661072010   -0.600540309099166
   51   -0.574987334315905    0.673872159201794   -0.463989093006508
   52   -0.643582455603666   -0.573262341391165   -0.507121199302371
   53   -0.434749401297464    0.651036839999730   -0.622208960908361
   54   -0.323864026034090   -0.378793102370464    0.866964750285471
   55   -0.641718791409999   -0.029460434462126   -0.766373978911467
   56   -0.470020523807435    0.882581181442870    0.011452744766729
   57   -0.464133092717039   -0.850483283791428   -0.247504861035631
   58   -0.733629219085797    0.041767703197441    0.678265160444773
   59   -0.387853146523204   -0.779438435097026   -0.491981364103914
   60   -0.625741438240932    0.772845295090320    0.105630499028104
   61   -0.783588444641498   -0.595332645086134    0.177674396352049
   62   -0.382080872602948    0.285002856368924   -0.879083374119044
   63   -0.278803884430868    0.592485603977450   -0.755797064763906
   64   -0.589557634291862    0.163744140624455    0.790954899004578
   65   -0.455853517708998    0.027575659748827    0.889627536321661
   66   -0.791118166713927    0.387849030388900    0.472974815314289
   67   -0.378367830368491   -0.305400105828472   -0.873824101465620
   68   -0.386172760010379    0.234561887069064    0.892104994134976
   69   -0.378829216543139   -0.668482629704920    0.640015154880029
   70   -0.596114217972306    0.315100235426107   -0.738484719385363
   71   -0.526299461792327    0.132201291992653   -0.839959341225860
   72   -0.742987154235744    0.667471797918364   -0.049512499677331
   73   -0.324506725065180   -0.500880860540056   -0.802380052675866
   74   -0.446356888093772    0.461688985854795   -0.766556461581020
   75    0.079020303222887   -0.937657902645944    0.338457455648673
   76   -0.697207641234870    0.291336913497023    0.654999471631648
   77   -0.163072298577312    0.235822591572726   -0.958016247639170
   78   -0.465290931940327   -0.631818322940143   -0.619927379175342
   79   -0.065634104387145    0.597321468078843   -0.799311721491329
   80   -0.261356232034382   -0.669573036184099   -0.695244467214229
   81   -0.754864775812162    0.627786759505697    0.189902487680890
   82   -0.569043374176718   -0.619746259075930    0.540466661938520
   83   -0.458354236584694   -0.499452038585005    0.735159203817884
   84   -0.587537907593815    0.741533749768455    0.323924227396803
   85   -0.217021120019716    0.428507568911497   -0.877087850133011
   86   -0.280747322488818   -0.895697117111099   -0.344829835301741
   87   -0.323312731039720    0.076666498259137   -0.943181385520473
   88   -0.172447074656564    0.238253229356063    0.955770581857278
   89   -0.476379121115026    0.812886561507439   -0.335079648869172
   90   -0.658894466186750   -0.748439675240619    0.075472743120908
   91    0.144781152969853    0.575999736181005   -0.804526395877806
   92   -0.398166683687430   -0.178021867261581    0.899873050367691
   93   -0.194245701085101   -0.173120786332900    0.965555695415566
   94   -0.516819639214059    0.376444117933777    0.768887044107071
   95   -0.302848084188714   -0.945372765404252   -0.120637358787161
   96   -0.494140778745081   -0.869118905370090   -0.021382682467414
   97   -0.707198572266435    0.578423665284768    0.406566406412103
   98   -0.110015807031241    0.024148708248496   -0.993636433557664
   99   -0.476043517240019   -0.772223750181303    0.420776721492142
  100   -0.260545810315666    0.038125568196723    0.964708412825674
  101   -0.499052517740492   -0.842808939622576    0.201543235632321
  102   -0.248867680372098   -0.145260645312294   -0.957582488660725
  103   -0.169150413653739   -0.363527058899180   -0.916098365356516
  104   -0.285348521164309   -0.808630173478378    0.514483686825607
  105   -0.643320702213158   -0.701897944004190    0.305741312724761
  106   -0.032750468302973   -0.542003999084554    0.839737501724371
  107   -0.100084969324902   -0.972987265804198   -0.208035524606028
  108   -0.000001918042337    0.411760106252270   -0.911292277425547
  109   -0.312459808098228   -0.897376206433677    0.311584358480849
  110   -0.184606594142567    0.742253297229113   -0.644189760980094
  111   -0.160055736796931    0.977384058644992   -0.138212021998938
  112   -0.025426953110336   -0.717788281750995   -0.695796990965382
  113   -0.237807755650494   -0.567895549240168    0.787998804888486
  114   -0.368344148444126    0.913023738966484   -0.175243374741051
  115   -0.627426839446405    0.494479334533379    0.601519533233728
  116   -0.314998917240686   -0.943933594342164    0.098818275685618
  117   -0.117165212004259   -0.369992414087881    0.921617017319786
  118   -0.522177555679290    0.673043894389325    0.523777163085651
  119   -0.433052321867029    0.565880637563804    0.701601589619035
  120   -0.112495127374005   -0.892372817209045    0.437053316454067
  121   -0.436450393596106    0.871665358814420    0.222958642292091
  122   -0.074456778446213    0.993311630144507    0.088250742563865
  123    0.044124357183226   -0.692134360818465    0.720418675269861
  124   -0.337678377615430    0.797853263482519   -0.499403126983908
  125   -0.033035613879345   -0.198540713208406   -0.979535723398750
  126   -0.278104139743387    0.959129723112164    0.052232764625034
  127   -0.180599660359026   -0.807201266766558   -0.561969641180615
  128   -0.236064119249459    0.908308555007065   -0.345324920189602
  129    0.095866164661590   -0.989009659806063   -0.112559190132887
  130   -0.077254162511942   -0.908277195012309   -0.411174332121001
  131    0.048478438682269   -0.411983859210741   -0.909900621349801
  132   -0.111912982246315   -0.993688319246851    0.007681705351280
  133    0.121447242863676   -0.390732633726781    0.912457437989162
  134    0.040576756167576    0.205188585740126    0.977880959596251
  135    0.212227617211906    0.380624221707919   -0.900047021183781
  136   -0.086924592602202    0.861138121940354   -0.500884467858589
  137    0.099601597662771   -0.013153585293263   -0.994940452960355
  138    0.084932036683159   -0.989898093279382    0.113526710807170
  139   -0.383403505520638    0.821313270657346    0.422429003971815
  140    0.039280740980498    0.744219263241550   -0.666779357515083
  141    0.160567063925863   -0.027381755682341    0.986645051392840
  142    0.132583570046994    0.857327560365582   -0.497404313603323
  143    0.052792388559370    0.205977838599547   -0.977131564179592
  144   -0.150814194229059   -0.734093402492059    0.662089084063974
  145   -0.116373980971393   -0.967459114291627    0.224677454870153
  146    0.303726650437576   -0.924298864501987   -0.231131414771572
  147    0.051546992537306    0.992963109487907   -0.106616934660805
  148    0.342131522193224    0.809349541698213   -0.477388040146210
  149    0.252708607079079    0.712369592737345   -0.654727365589206
  150    0.179912450378454   -0.238920763883999   -0.954226586709837
  151    0.204746270462898   -0.560675100891165    0.802323124415728
  152    0.418940547680681    0.333737733020494   -0.844457188415939
  153    0.047512014258681   -0.830499608821318    0.554989196515320
  154    0.028808982397991   -0.203624202031231    0.978625171799876
  155   -0.102811567830061   -0.556907890762414   -0.824186497539776
  156    0.135467793731839    0.984385043180279    0.112403574784741
  157    0.300818701676225   -0.048731443067396   -0.952435486097825
  158    0.252779687642613    0.158286055434566    0.954488320604432
  159   -0.229910575118988    0.935268953661504    0.269096844584570
  160    0.281096581404639   -0.959642882557338   -0.008381520128676
  161   -0.092057361762944    0.427383052299670    0.899371540995302
  162    0.244160041130189   -0.725700727452347    0.643229607908746
  163   -0.306477134087069    0.427039567035518    0.850710864199990
  164    0.074261465828345   -0.836367574351627   -0.543115563454225
  165   -0.311878630258826    0.732268723883384    0.605404192263382
  166    0.118680404839611    0.390724003246293    0.912825128266251
  167   -0.221641718714503    0.604261078894113    0.765338811938219
  168    0.352175103400811   -0.400638400093339    0.845849613652024
  169   -0.168838937692675    0.867212755560135    0.468439376774206
  170    0.430119035517015   -0.725012809980991    0.537916388158401
  171    0.263519335692182   -0.221139705266824    0.938964743997799
  172    0.407757037076778   -0.574705912630355    0.709540212181155
  173   -0.012145966311885    0.601138011121705    0.799052918827653
  174    0.482715193122299   -0.220379872201820    0.847595867295972
  175   -0.093849402966203    0.757233284920289    0.646366801260489
  176    0.116767965808465   -0.937335417853419   -0.328279692638015
  177    0.590784140524790   -0.558931800948198    0.581867116439131
  178   -0.014910419179567    0.953324850480756    0.301578196917042
  179    0.050728387460064    0.866747914199337    0.496159937859558
  180    0.201917944787633    0.931657261596522   -0.302066036633066
  181    0.350729390841076    0.530375136691168   -0.771810280302143
  182    0.282000255743886   -0.846104552265750   -0.452308459345565
  183   -0.011993587002283    0.948767385494470   -0.315747687391065
  184    0.265832067827380   -0.443788688350335   -0.855794900549722
  185    0.257030481464428    0.962359448929755   -0.088315472335157
  186    0.224299578777536   -0.729067126412112   -0.646645825893437
  187    0.552315936448502    0.449454272733595   -0.702095408806046
  188    0.473643070512612   -0.812139201954568   -0.340722993653175
  189    0.262982140021416    0.171149918847697   -0.949498867460190
  190    0.404814859513120    0.871137028688042   -0.277930219238468
  191    0.552404441367893   -0.399294970348583    0.731719112645932
  192    0.449146508821981    0.891351591518708   -0.061316832192249
  193    0.201198718297513    0.925444924361668    0.321046363830311
  194    0.458439906254949    0.641517159784292   -0.615051693807317
  195    0.436009520537555   -0.716789683927555   -0.544158292241924
  196    0.267489234660623    0.819208487254638    0.507293764746465
  197    0.539073178542842    0.722157792155958   -0.433460761089340
  198    0.126465525079849   -0.595403494415090   -0.793411085002332
  199    0.386116726351960   -0.270793035366067   -0.881807805379651
  200    0.192655551130352    0.561047871455029    0.805052249580387
  201    0.411486195832995    0.844145202798972    0.343653877077465
  202    0.490346665132005   -0.085177850123275   -0.867355107117205
  203    0.464286063788842    0.126909922020193   -0.876545676313728
  204    0.725942710102045   -0.389559403714439    0.566789778160606
  205    0.651077572532870    0.544622651233767   -0.528662616711081
  206    0.340602837654268    0.930357003729081    0.135740755096276
  207    0.720971551502393    0.679485006118526    0.136015250557940
  208    0.532223914045505    0.830235193704988    0.165672050906976
  209    0.123092460530473    0.734635986642032    0.667201778543074
  210    0.682962437598999    0.557330524915955    0.472170514566230
  211    0.493749320724716   -0.422246981409199   -0.760209901918346
  212    0.337879691436409    0.675571051620480    0.655317532443040
  213    0.382863679082343   -0.034232690453127    0.923170366803372
  214    0.857229196553339   -0.367322871946760    0.360876727320150
  215    0.489342150106172    0.712120294890536    0.503417268013806
  216    0.245965847432549   -0.854620858952399    0.457300764639916
  217    0.327165690481532    0.336969556096709    0.882844340320381
  218    0.746224547843355   -0.536609027524884    0.393953900570585
  219    0.392319442441981    0.501113394045887    0.771343517111426
  220    0.549330671836944    0.542769718657053    0.635324205023006
  221    0.592707515125822    0.770656905232257   -0.234063529690581
  222    0.540265860163148    0.340439673379626    0.769554175566183
  223    0.366448044610376   -0.589523251226853   -0.719845932727381
  224    0.472004805211561    0.156105693728843    0.867664956214455
  225    0.818381988757279    0.379102626129375    0.431893643550692
  226    0.427794093606886   -0.837434342899305    0.340141051341751
  227    0.477256096301856   -0.870633233395302   -0.119266053218654
  228    0.600395402279904   -0.689048009897181    0.405879539984325
  229    0.644009170119863   -0.735868646172867   -0.209163869684125
  230    0.625276913900061   -0.661507404332146   -0.414049193885657
  231    0.695578409891892    0.369342069334558    0.616244360227284
  232    0.672944937248583   -0.217941171421341    0.706856956697035
  233    0.719558670802756    0.611166887077133   -0.329712534510015
  234    0.613595727398301    0.238339631848533   -0.752791141824116
  235    0.587504865856624   -0.031218040147327    0.808618245258015
  236    0.267591312389583   -0.936467987326387    0.226765513794504
  237    0.597734953115494   -0.772860654134861    0.213071197289199
  238    0.448171651465849   -0.887759441740328    0.105001640098026
  239    0.602722001804341   -0.232174683762983   -0.763427209863865
  240    0.632237648819746   -0.774761792082881    0.004440826882707
  241    0.727280659567257    0.341402036474742   -0.595405317166646
  242    0.574169403547092   -0.556246073181307   -0.600766012770989
  243    0.619944103002260    0.711692842576804    0.330397649776252
  244    0.778911205302063   -0.626690824685741   -0.023578475557034
  245    0.688060437994851   -0.371309008599377   -0.623460065921853
  246    0.646934140221708    0.014159588113136   -0.762414404559663
  247    0.807726857848847    0.184197841058486    0.560043282665743
  248    0.663531546843357    0.163134900245390    0.730145800964155
  249    0.825708801203089   -0.205197017357425    0.525451386603341
  250    0.792851862091804    0.540412661945603    0.281673711209311
  251    0.751832852152135   -0.486567642734224   -0.444971113072350
  252    0.782497783903502   -0.573773764409522   -0.241828214775354
  253    0.752027236865063   -0.629651193367730    0.194921547561302
  254    0.850935317313666    0.522714158250952    0.051759004166316
  255    0.623253663290636    0.781681278235534   -0.023005443939729
  256    0.757747872648312   -0.023775254599136    0.652114176172934
  257    0.771172145722493    0.115086080250427   -0.626137936715511
  258    0.758124631007040    0.642705001003468   -0.110350920003291
  259    0.830369532825727   -0.276527219039596   -0.483755243987092
  260    0.883920218943247   -0.003254016242005    0.467626408494665
  261    0.938672087511652    0.343764718566298   -0.026842697248079
  262    0.879791285665313   -0.383331878427170   -0.281112014415737
  263    0.931343772696624   -0.182292400496280    0.315227311285877
  264    0.755882012466388   -0.136599918414713   -0.640299028203899
  265    0.870003406358981   -0.033528530057670   -0.491904371393405
  266    0.930104858234558   -0.172205443938178   -0.324422930395693
  267    0.906973747076059    0.366788110358857    0.207038895413863
  268    0.912434257676813    0.200625387621752    0.356669565928163
  269    0.810304418009693    0.423107080401026   -0.405446850608675
  270    0.862385703658715    0.212296441037668   -0.459587988580863
  271    0.858655680980789    0.475428371375633   -0.191515757081578
  272    0.888853243101542   -0.454490074486559   -0.058126451991099
  273    0.871668725617222   -0.462197745828435    0.162993486164210
  274    0.965403352994564    0.013287153627129    0.260422383015253
  275    0.925559498396891    0.280434867965481   -0.254353886851527
  276    0.959259934267527   -0.264574579727444   -0.099099295008121
  277    0.976937244198950    0.174933957320268    0.122440726366808
  278    0.954536477403008   -0.272805023619179    0.120156283211473
  279    0.946556265006656    0.067257411997352   -0.315448375662432
  280    0.986408850362359    0.138181678825566   -0.088901088653385
  281    0.987332199572847   -0.063916048057036   -0.145223505285522
  282    0.995668409465630   -0.064738304540398    0.066733577136383
   
 U =    37147.9930181515     


 http://math-lab.ru/  - см. Задача Томсона
