     56
    1   -0.341929365686945   -0.067680277989381    0.937285276131128
    2   -0.977705502517811   -0.112309782156767   -0.177421709997095
    3   -0.703257209451466    0.343086646288267    0.622672346016111
    4   -0.910764708067837   -0.315941587835124    0.265873202136521
    5   -0.494367546262408   -0.076888873977656   -0.865845731213669
    6   -0.723809189564259   -0.137288389020682    0.676204226060764
    7   -0.954018894728022    0.170357112700927    0.246630092758622
    8   -0.711986362490394   -0.415346970511699   -0.566182226597100
    9   -0.746855171514454    0.631265599394432    0.209071987131955
   10   -0.376300596630138    0.751125727086774    0.542409442288910
   11   -0.278676413049853   -0.549012009015652   -0.787988115878828
   12   -0.804733264306680   -0.579669017290162   -0.128016419697525
   13   -0.890614264811099    0.405949887870970   -0.204965655299938
   14    0.114155674349886   -0.264405045864486    0.957631690022381
   15   -0.178774361893140    0.788120232455182   -0.588987458885577
   16   -0.191606557941549    0.309882101834864   -0.931267958171116
   17   -0.572891616383763    0.763777957951726   -0.297385989623402
   18   -0.424322034928816   -0.816612622025361   -0.391273096727508
   19   -0.818380954176936    0.088526557279407   -0.567816574693540
   20   -0.278511487949156   -0.531020904878019    0.800280044523714
   21   -0.368608109227320    0.925876808934318    0.082946949850274
   22   -0.619780320947239   -0.606082065431179    0.498534736732771
   23    0.049631144173934   -0.832690972233404   -0.551509287581790
   24   -0.301397978425774    0.388674811652020    0.870684299495588
   25   -0.562403087702245    0.470610711082057   -0.679873757073930
   26   -0.150057165474458   -0.878454469525895    0.453652501436672
   27   -0.035743930527121   -0.165507518847246   -0.985560567715400
   28    0.057081051938912    0.946414440140375    0.317870195210763
   29    0.153508154326058    0.204355631317766    0.966785406646234
   30   -0.510430645939917   -0.852666944912104    0.111443423940656
   31    0.015983847687231    0.980379577399327   -0.196469847130365
   32    0.085446002069101    0.657933642831951    0.748212738704899
   33    0.357658015668721   -0.913281074860012   -0.194931839704174
   34    0.479548346800824    0.877298796001633    0.019498861881727
   35    0.220052649977627   -0.659289337140943    0.718967593963789
   36    0.175948375329189    0.560025970496353   -0.809575865245893
   37   -0.081961504103569   -0.995493771813559   -0.047691321280654
   38    0.388715134677289    0.802565069605879   -0.452537128997531
   39    0.552086767327187    0.351458323481969    0.756093412348938
   40    0.265771851877011   -0.491038157094531   -0.829606443458024
   41    0.342348529014792    0.098202730599181   -0.934426941169973
   42    0.323650581386308   -0.897408399308707    0.299847404555200
   43    0.555320092176303   -0.166858926266031    0.814725532894759
   44    0.471994324907656    0.738479136146260    0.481528735104812
   45    0.715153388721371   -0.697781250325462    0.040705740314786
   46    0.818127176750407    0.506545372895268    0.272175876706225
   47    0.646284497677250   -0.545895075490678    0.533211885292416
   48    0.655481587071624   -0.194684116874679   -0.729686222733300
   49    0.853333210188247    0.065694338490382    0.517210485470018
   50    0.590894067484427   -0.634955188479464   -0.497670683921323
   51    0.620817949428067    0.404500728533253   -0.671538706467466
   52    0.901571088647853   -0.341133537803104   -0.266077961320105
   53    0.792476472465605    0.569312741650924   -0.218778524499959
   54    0.924518288347449   -0.302409091194880    0.231979904461121
   55    0.891327231612737    0.109097171765498   -0.440038149821516
   56    0.991057452225804    0.132106194696244    0.018790415391272
   
 U =    1337.09872752465     


 http://math-lab.ru/  - см. Задача Томсона
