    245
    1   -0.121255980606531    0.053025278190483    0.991203968434333
    2   -0.998019994339138    0.045876401089220   -0.043028440854962
    3   -0.914110119938263   -0.041507570869600    0.403335852840980
    4   -0.982148118192393   -0.186074263170719    0.027594247890022
    5   -0.842149247873071    0.166514130187231   -0.512891498033268
    6   -0.827437685707780   -0.445999209319101    0.341220722637547
    7   -0.935479031398881   -0.235765719652857    0.263236599373230
    8   -0.969752547594539   -0.119103904142772   -0.213059279196777
    9   -0.982278272319327   -0.002234994939563    0.187415048827403
   10   -0.963402189187107    0.226692427117011    0.143062103148555
   11   -0.892192780675961   -0.051129731049454   -0.448751370708222
   12   -0.927502891112060   -0.346686201466497   -0.139810817505303
   13   -0.953074166653174    0.107694088807279   -0.282933942987278
   14   -0.519954540374971   -0.126947232968869    0.844708041861210
   15   -0.869255592782934    0.471483911735805   -0.148652734216005
   16   -0.768080428622813    0.543934201390175   -0.337917208387836
   17   -0.884572187970144    0.323427076348734   -0.336046083973942
   18   -0.830199452752332   -0.553308372466365   -0.067961118357128
   19   -0.746081085805018    0.016451759327579   -0.665651825670923
   20   -0.690857529078806   -0.428763770095252    0.582131861324247
   21   -0.959064641499940    0.266638052797223   -0.095389528906993
   22   -0.908043371350538   -0.405981812689608    0.103131001699828
   23   -0.887162563904409   -0.275647894699318   -0.370082184594704
   24   -0.832358914631987   -0.269083524294729    0.484533480975039
   25   -0.753943815504400    0.385652490854860   -0.531827866287683
   26   -0.519235766890527   -0.387135488046419    0.761918848878716
   27   -0.673931556859017    0.239547574926285   -0.698879972539289
   28   -0.856726348066906    0.402710168622863    0.322249103359014
   29   -0.803699696687168    0.156783742030514    0.574008410896446
   30   -0.672815481610347   -0.600086774295801    0.432683707829053
   31   -0.893645618800292    0.439893944501701    0.088830319090824
   32   -0.910570295350010    0.186960999875957    0.368656102284471
   33   -0.626301011476938   -0.376155641879333   -0.682827925692345
   34   -0.767986692641137    0.597950833496338    0.229458581550488
   35   -0.674694284726229   -0.226887884876360    0.702359957467746
   36   -0.539071959140759    0.838548791029261   -0.078976882259996
   37   -0.813184505548280   -0.500743197512732   -0.296626381296277
   38   -0.776274334708740    0.630115750508726   -0.018769609301456
   39   -0.636905838866384    0.272384098344896    0.721219699804952
   40   -0.614824540391644   -0.159227853043478   -0.772422989913796
   41   -0.565007172140309    0.457121399262802   -0.686882029002091
   42   -0.685490490895889   -0.685530727915706   -0.245255801103003
   43   -0.798993849738519   -0.069343345080134    0.597327655958703
   44   -0.759771634559688    0.372598375404208    0.532839107015096
   45   -0.637715759023546   -0.606108873055838   -0.475342660294659
   46   -0.674851983744009    0.707788262429635   -0.208831452620560
   47   -0.513569301715981   -0.590591968910593    0.622452968981005
   48   -0.420152429300556   -0.115197146584162   -0.900111967241692
   49   -0.686041924594738    0.571976318655414    0.449654943924503
   50   -0.780673807072732   -0.200904874170758   -0.591764850667052
   51   -0.628324136857945    0.588595232983610   -0.508688933190697
   52   -0.754128925315045   -0.420067821576914   -0.504809458388807
   53   -0.430543385826292    0.675238233501501   -0.598903766008367
   54   -0.337459907031740   -0.532578251321855    0.776196635759963
   55   -0.561094816741584    0.070536979340640   -0.824740650854089
   56   -0.315914524566736    0.947841182168603   -0.042368697796816
   57   -0.499097020814269   -0.792759819502612   -0.349905747875776
   58   -0.660662752702148    0.037290670019603    0.749756049072970
   59   -0.445424103548737   -0.707014982529070   -0.549296989302893
   60   -0.445759067788579    0.882072230301174    0.152471092393838
   61   -0.781263735835240   -0.598723736065605    0.176513067336127
   62   -0.129079561966854    0.190072950458689   -0.973247522568834
   63   -0.357468812214233    0.533602003619709   -0.766475668255149
   64   -0.484285058128444    0.133803526504165    0.864618180914893
   65   -0.330925531099672   -0.033234811456902    0.943071439591839
   66   -0.575130687041400    0.493201534166683    0.652669088833627
   67   -0.439103753093479   -0.339323928797680   -0.831893722397595
   68   -0.281857807557308    0.223370970198295    0.933092485229444
   69   -0.226802140645213   -0.868262709597959    0.441226309415429
   70   -0.470420669919323    0.300497046766959   -0.829702306973405
   71   -0.349646579317869    0.123995138851451   -0.928640121420846
   72   -0.641794889989903    0.759475616200935    0.106283148142394
   73   -0.274778099862924   -0.517498083105918   -0.810365800004801
   74   -0.253385409917432    0.368872037160953   -0.894275826712152
   75    0.417865208733729   -0.893595858222460    0.163936297071707
   76   -0.440176673188635    0.372389439615153    0.817049938280211
   77    0.004826017702166    0.002431315685010   -0.999985399021995
   78   -0.479788445699959   -0.541133215700041   -0.690635859363638
   79   -0.129907441280588    0.575219596295794   -0.807617776387590
   80   -0.252780335413451   -0.703167913590517   -0.664572785573576
   81   -0.580093754314152    0.745156719958402    0.328987384114571
   82   -0.471974896967775   -0.756365244413493    0.452936324084937
   83   -0.307381756759894   -0.726391101424731    0.614713285509730
   84   -0.374148794028423    0.847899930820220    0.375604029853438
   85   -0.011579412551648    0.398239229698319   -0.917208500360877
   86   -0.275654229836383   -0.848139825318389   -0.452408645233712
   87   -0.209157079286532   -0.066897960244200   -0.975591092158745
   88   -0.060689347761968    0.301159460604963    0.951640574143597
   89   -0.534204562998176    0.753201048743073   -0.383814623280906
   90   -0.690559976232312   -0.723264007648518   -0.004011790901018
   91    0.227565971741810    0.390880336879304   -0.891866744949226
   92   -0.353900327922104   -0.284170343889046    0.891067771581157
   93   -0.167725455723472   -0.421922431200940    0.890982398003373
   94   -0.221809194631733    0.456531847168451    0.861614388051746
   95   -0.313095707295562   -0.921634806152856   -0.229260467941335
   96   -0.520544377829044   -0.843446813775905   -0.132781862623807
   97   -0.484641377507336    0.688074520506767    0.540070541167702
   98    0.003314921771816   -0.224629400781887   -0.974438629980368
   99   -0.382343826925954   -0.881845993902690    0.275972536766599
  100   -0.146135155154519   -0.190349895573541    0.970778776901878
  101   -0.520059912939669   -0.848461288341691    0.098240160518713
  102   -0.226649802189928   -0.296523556387611   -0.927741153379815
  103   -0.062136423111090   -0.463124929262209   -0.884112190176582
  104   -0.021008558728057   -0.936761837916805    0.349336370111815
  105   -0.618482748266645   -0.739917984227048    0.264576013111392
  106    0.030145875270663   -0.535108835373189    0.844245083201386
  107   -0.093240516907910   -0.941399173236801   -0.324150894855796
  108    0.122783450178854    0.199824352679955   -0.972108251399099
  109   -0.181862377840563   -0.965207344642935    0.187885223936079
  110   -0.206349500696329    0.728470089367408   -0.653261978427810
  111   -0.181331250862826    0.946217995139524   -0.267937461237997
  112    0.141647749784977   -0.764092096019607   -0.629364110655522
  113   -0.056816676929265   -0.806888508290658    0.587964965292314
  114   -0.401513204172556    0.880234883897656   -0.252930219714386
  115   -0.363279787493359    0.589273314400622    0.721654180985661
  116   -0.331024044503787   -0.943553542003855    0.011392775444725
  117   -0.133799351806862   -0.652391348859096    0.745978056909097
  118   -0.264869543220464    0.772339538803284    0.577352372364844
  119   -0.133434058965911    0.659059289060588    0.740159581043733
  120    0.199396652434808   -0.946068777152740    0.255332810062692
  121   -0.225707345306075    0.957532478081595    0.179409441484566
  122    0.143658722646312    0.988283766780478   -0.051549662712960
  123    0.125628459319490   -0.694372745982436    0.708564732290439
  124   -0.305058647044565    0.832038185180749   -0.463305169693222
  125    0.150358655913168   -0.380091230121716   -0.912646115083249
  126   -0.089561157767843    0.994773145792056   -0.049042710266270
  127   -0.068467416825357   -0.828602509661838   -0.555634856551825
  128   -0.075102202857218    0.875702614995093   -0.476974411490543
  129    0.086208981140795   -0.982150968090192   -0.167175020413235
  130    0.116419618303878   -0.902008882686219   -0.415724004634249
  131    0.159476657469396   -0.584797664992659   -0.795348280152489
  132   -0.125903293417249   -0.988872956057536   -0.079237853862410
  133    0.058804181455652   -0.327524480397739    0.943011019545117
  134    0.097653797328920    0.130417043169355    0.986638297816482
  135    0.444368096403932    0.329148473566814   -0.833185619923305
  136    0.022746282424958    0.755193515546490   -0.655107136819907
  137    0.217574077949898   -0.057084244870965   -0.974373085420448
  138    0.245182979939685   -0.969448105218707    0.007461744819710
  139   -0.152352763411926    0.905692647567702    0.395612769792073
  140    0.099746497943246    0.589996675472079   -0.801220668155754
  141    0.285300811528140   -0.270084247265938    0.919596621524990
  142    0.251330101955653    0.739922917810261   -0.623976967163140
  143    0.343281487709319    0.143761088389961   -0.928165162921455
  144    0.143728769748308   -0.859686861128826    0.490184191451647
  145    0.030643131855327   -0.994894309162638    0.096157745740500
  146    0.290413590200148   -0.922978102620259   -0.252529936266113
  147    0.046958543858363    0.961914186180758   -0.269287938056854
  148    0.471331961454469    0.676908852410761   -0.565367657051082
  149    0.322644709459348    0.564047872644127   -0.760098933576102
  150    0.322719236821950   -0.241265653131409   -0.915228484480314
  151    0.248463593510453   -0.489783131299633    0.835690329604333
  152    0.576098378348954    0.136147988987792   -0.805961775494524
  153    0.366599757167832   -0.842908992418398    0.393838861140806
  154    0.078962739629676   -0.103971662523269    0.991440759270227
  155   -0.051278093585173   -0.660381736561432   -0.749177228120542
  156    0.387013192040958    0.921862176413675   -0.019771618145987
  157    0.463862070093042   -0.054551969066768   -0.884226250797802
  158    0.302759004098922   -0.043531689127298    0.952072464405285
  159    0.000354190444543    0.985207941282286    0.171362735107280
  160    0.447869623424847   -0.890803702122462   -0.076691359997078
  161    0.175061162960115    0.367103830183250    0.913558080850823
  162    0.311833351505755   -0.738764927521238    0.597483340983854
  163    0.013222294076520    0.516085073600617    0.856435267691610
  164    0.355315408359828   -0.653000917350666   -0.668835377743491
  165   -0.026243913380193    0.811753337083940    0.583410470203939
  166    0.312667930405784    0.183976962682932    0.931875121729155
  167    0.118851712759769    0.676626159761152    0.726671390864499
  168    0.472793275247048   -0.360089102238266    0.804240236080245
  169    0.073216367276262    0.920124278583292    0.384721555835443
  170    0.569100058366173   -0.758033078572254    0.318607870834807
  171    0.499668540568950   -0.131206795721854    0.856222007613737
  172    0.410362640473712   -0.570674233419676    0.711289970837708
  173    0.287410733519579    0.534612529610551    0.794722916141938
  174    0.681075879435387    0.012442432732289    0.732107118063345
  175    0.216390083159725    0.799332157365949    0.560574200361402
  176    0.324420768086521   -0.812532307063223   -0.484295793098255
  177    0.528099087501309   -0.667656798568816    0.524733983181120
  178    0.231734863429072    0.959611019633015    0.159516908415360
  179    0.297306738215152    0.882890706402172    0.363473113119169
  180    0.390733910766839    0.823406965440256   -0.411494811925158
  181    0.525840959956550    0.492089973905093   -0.693785804419533
  182    0.530403087242807   -0.673945394403811   -0.514266633571720
  183    0.160307669466465    0.874267717687757   -0.458211096460213
  184    0.530427638968334   -0.277265682992994   -0.801105648995753
  185    0.283072013494863    0.929153284276100   -0.237790684205460
  186    0.551933891948395   -0.491279057618313   -0.673805510859298
  187    0.665646107008499    0.315969912084237   -0.676075642869871
  188    0.488382924121580   -0.812899959419150   -0.317294461664239
  189    0.664653442130077   -0.079825591224223   -0.742875276779584
  190    0.610052260822490    0.703524470303032   -0.364540201829932
  191    0.661912202726384   -0.227892959028474    0.714098757250811
  192    0.513552263925244    0.835115970901275   -0.197092332075296
  193    0.465485330104323    0.862086782707558    0.200324203576606
  194    0.671877224158924    0.531252524468683   -0.516092773541880
  195    0.681493107250805   -0.653926356164946   -0.328553596057749
  196    0.472060742925101    0.763944473222455    0.439940333251985
  197    0.788487721580036    0.529689655110856   -0.312595556887917
  198    0.364615260744055   -0.457891458321214   -0.810796598432071
  199    0.703832542104000   -0.296668548980455   -0.645451411588241
  200    0.431611388455384    0.352294035549238    0.830421893902158
  201    0.641515866168878    0.717800434638466    0.270591813413533
  202    0.825877386173716   -0.096087909682193   -0.555602066788612
  203    0.763178185761119    0.114300393218669   -0.635998802584112
  204    0.615912856092606   -0.462844181067828    0.637515974506914
  205    0.804682675651222    0.341136347367153   -0.485913350312365
  206    0.604149097800362    0.796390736576811    0.027670603926428
  207    0.711908003887811    0.686842041448918   -0.146406981045150
  208    0.858916889854174    0.504819469562790   -0.086134078468257
  209    0.389980424829170    0.666190573971243    0.635692840451995
  210    0.769670931677717    0.631371068144501    0.094748251912246
  211    0.836878450226844   -0.309587696800234   -0.451430966522948
  212    0.536957237408723    0.492594884333214    0.684855608959392
  213    0.510332245620403    0.104199558554565    0.853641289463596
  214    0.779002711610113   -0.324330602779546    0.536623178221689
  215    0.621792591235179    0.605025419163856    0.497310984848155
  216    0.616393548526360   -0.782911922600691    0.084308450257207
  217    0.633624747260388    0.264687623743570    0.726952640476800
  218    0.711348773165952   -0.553785068389543    0.432787500910185
  219    0.728154299842904    0.402503926652228    0.554780951952955
  220    0.778171482857792    0.531472497751720    0.334643283811960
  221    0.953538095165778    0.299138150277310   -0.035797599309022
  222    0.865643988191978    0.314795139522352    0.389312863697296
  223    0.709933450578052   -0.497706391530289   -0.498279884783883
  224    0.795625505848556    0.167466000912515    0.582181408996886
  225    0.888375716554602    0.432154562441917    0.155019419418123
  226    0.739266744136149   -0.638619727755034    0.213657493050029
  227    0.635483089403695   -0.759817337535503   -0.137254714536129
  228    0.855326549061816   -0.399164693588250    0.330278733591195
  229    0.827899491167868   -0.493867255486645   -0.265852527695477
  230    0.919086750109537   -0.388670071451126   -0.064923965769705
  231    0.956159408971279    0.210111034586578    0.203991513991762
  232    0.816559175134903   -0.083707478286897    0.571160372909270
  233    0.906056658108551    0.327152238073222   -0.268389167853037
  234    0.888722329829609    0.133871123252806   -0.438464528578154
  235    0.911782314729525    0.071557154065906    0.404391622376698
  236    0.787156611936319   -0.614296333163712   -0.054995302949914
  237    0.908794737820282   -0.178232972253564    0.377260032486645
  238    0.865841484201283   -0.484275991861509    0.125679305944421
  239    0.935597951464838   -0.074328317270514   -0.345154710914586
  240    0.957128014436395   -0.255730039194047    0.136044518577025
  241    0.971978625737637    0.105230145030273   -0.210200303724998
  242    0.929276076288517   -0.271445169050620   -0.250526434207848
  243    0.997112922894645    0.075067994286121    0.011428702041627
  244    0.978371017049606   -0.039550037155334    0.203041738463624
  245    0.988360174570216   -0.132883644298590   -0.074068228016192
   
 U =    27896.0357226225     


 http://math-lab.ru/  - см. Задача Томсона
