     36
    1   -0.361505981338649    0.058037750596363    0.930561682513360
    2   -0.829941707957905    0.105144468104681   -0.547851624273305
    3   -0.750052191849832    0.391300557710769    0.533203134871228
    4   -0.986778388623479   -0.161835654433131   -0.008810942052350
    5   -0.516443693874427   -0.304282624446433   -0.800436128318386
    6   -0.818253411642204   -0.184095013600423    0.544582757993084
    7   -0.899626763202515    0.434311329891201   -0.045225608430423
    8   -0.739773324491484   -0.596649696472893   -0.311037888479236
    9   -0.512210836247520    0.842601286247848    0.166322372650493
   10   -0.232544860378272    0.647357561861519    0.725845076453894
   11   -0.218114168200366   -0.793030782901505   -0.568795558176125
   12   -0.646412838509700   -0.710252688897120    0.278732057941393
   13   -0.545478047842326    0.666996252907104   -0.507513249019184
   14    0.219600015930184   -0.342041421169040    0.913664872482316
   15    0.090380701101921    0.704916270441308   -0.703508621507542
   16    0.059914380665510   -0.342402296233350   -0.937641154452810
   17   -0.088367091296861    0.968844345652750   -0.231369598418692
   18   -0.219522330432350   -0.975415617496846   -0.019347340509637
   19   -0.305734288037561    0.260503174661332   -0.915786351235665
   20   -0.353539916022644   -0.516171927831029    0.780112856385472
   21    0.102620669601117    0.931961592919156    0.347730624901241
   22    0.042974711871355   -0.847304938401312    0.529365200499923
   23    0.359806735202119   -0.759167557134661   -0.542405506514621
   24    0.190493825150550    0.280877890064667    0.940648560011832
   25    0.315028357679644    0.195495130801264   -0.928729663406237
   26    0.621340799587457   -0.595614182725539    0.509096607830191
   27    0.650537995335996   -0.253383633479481   -0.715958833250180
   28    0.505593559765459    0.856255787964432   -0.105835617355881
   29    0.691413233246688    0.032170777519488    0.721742878014845
   30    0.379670086228512   -0.924536327712895    0.032912070162614
   31    0.663940648428406    0.509659845196190   -0.547201660778788
   32    0.533654063999260    0.619774017685690    0.575407253151029
   33    0.815090271999689   -0.557017244325636   -0.159247097352975
   34    0.881357284908615    0.451702538094374    0.138470767375698
   35    0.956043924828471   -0.150653956628958    0.251561919118560
   36    0.944681841910943    0.055717539554668   -0.323220935815925
   
 U =    529.122410370143     


 http://math-lab.ru/  - см. Задача Томсона
