     53
    1   -0.197688821313321   -0.000114707121472    0.980264819714564
    2   -0.981470732389501   -0.113657574158077   -0.154263272684456
    3   -0.586332957492107    0.311007530228735    0.747989290765304
    4   -0.866637481803413   -0.401500809531788    0.296203604094815
    5   -0.455940008745018   -0.020459867735398   -0.889775309973166
    6   -0.636294586940476   -0.180737068939532    0.749975539962068
    7   -0.920657924876859    0.070723494324981    0.383910370675111
    8   -0.723128923387595   -0.336147416841546   -0.603398271716993
    9   -0.763137474736507    0.550357114877104    0.338715575013812
   10   -0.355472474721465    0.774796237409016    0.522809822222412
   11   -0.278522456945072   -0.505070149123677   -0.816902310831269
   12   -0.808349665474970   -0.563755351679097   -0.169560377976938
   13   -0.934286281009236    0.350042552677105   -0.067670942310766
   14    0.317542893811428   -0.241232242864039    0.917046081498989
   15   -0.216598578154435    0.903033123908396   -0.370966619880713
   16   -0.078882767060181    0.297827193807696   -0.951355071300701
   17   -0.681503573323464    0.648605101503840   -0.338916364093774
   18   -0.450122656456637   -0.788679018411703   -0.418777984213083
   19   -0.807953306009468    0.172496677124443   -0.563432650535445
   20   -0.176537908015513   -0.469139868928129    0.865298879240927
   21   -0.495304005906810    0.867214037587566    0.051124893581689
   22   -0.527215591802669   -0.635777507594370    0.563764738696250
   23    0.016016468165140   -0.855991520005503   -0.516741705715906
   24   -0.126586749743164    0.488205597280299    0.863499328067861
   25   -0.445290414563232    0.519672577359361   -0.729148036436213
   26   -0.109166290992569   -0.887220833713456    0.448243140645483
   27    0.076619916777842   -0.166779847291881   -0.983012650422289
   28   -0.011177226334174    0.991344655839785    0.130808420789235
   29    0.277924591501151    0.230880231056784    0.932444229080798
   30   -0.520504230413286   -0.846870195456199    0.109023933931281
   31    0.296289847964435    0.921823002604615   -0.249909339285717
   32    0.141211306377656    0.805172868428818    0.575982655031578
   33    0.402112979714482   -0.893781280169408   -0.198645852621881
   34    0.758642489250722    0.636841712325552   -0.137456200099256
   35    0.248541825528421   -0.667574785155714    0.701833931345088
   36    0.068701392336343    0.704183702803029   -0.706686232636284
   37   -0.067808772391785   -0.997038579398747   -0.036277287346880
   38    0.534623521770155    0.619565251133215   -0.574731754437071
   39    0.530459452642498    0.529998146442675    0.661600131400795
   40    0.265735186599057   -0.561658417047381   -0.783533428235831
   41    0.403656568909587    0.245253367933089   -0.881426207854984
   42    0.399929046367125   -0.872091451149977    0.281980954504040
   43    0.718172184931127    0.023184483591911    0.695479110047043
   44    0.506326076525129    0.832337712134714    0.225494650023053
   45    0.789990331285281   -0.609695898717605    0.064700753957769
   46    0.853334924173015    0.392917881014959    0.342687971725517
   47    0.682716508255715   -0.473828754100934    0.556223409379974
   48    0.613379523878703   -0.191999480988436   -0.766095137033585
   49    0.949821644015933   -0.157894280630963    0.270015260129684
   50    0.651674853207651   -0.599103175334337   -0.465183051068180
   51    0.814940745406406    0.205155865474456   -0.542017206680635
   52    0.926487768456937   -0.249503289182262   -0.281724197730543
   53    0.977610466743778    0.194882201853922   -0.079364366774895
   
 U =    1191.92229054204     


 http://math-lab.ru/  - см. Задача Томсона
