     44
    1   -0.479956132762213    0.045754644416375    0.876098523648038
    2   -0.875213090465429    0.044599245687076   -0.481677229648751
    3   -0.845815572500394    0.280226440233004    0.453948410626328
    4   -0.990639709717632   -0.131978880966265    0.034850258384374
    5   -0.510720785631958   -0.177613796672689   -0.841200106012231
    6   -0.797392739367637   -0.267927050504482    0.540721661126818
    7   -0.909404019412377    0.407213503756017   -0.084625597991158
    8   -0.771848001195683   -0.496214299152152   -0.397519851538471
    9   -0.600682239379224    0.773728203110450    0.201309500535455
   10   -0.436782986323818    0.571545819900102    0.694662506986499
   11   -0.318053062829675   -0.672390386325165   -0.668381191837531
   12   -0.763442765297023   -0.629842165236201    0.143017450005965
   13   -0.577910215172832    0.734860160939721   -0.354965247682837
   14    0.062030918364620   -0.205471303223366    0.976695299834362
   15   -0.120746102996417    0.728086946066250   -0.674766461510277
   16    0.012633815734877   -0.344088686076489   -0.938852151733239
   17   -0.135411913689727    0.982879679539597   -0.124944584432562
   18   -0.389952377527381   -0.905693783688341   -0.166300671823775
   19   -0.543846307672846    0.372290854708695   -0.752084246032904
   20   -0.373736613647112   -0.494295317866046    0.784852267853826
   21   -0.104722234806018    0.899133059667047    0.424962344862468
   22   -0.340313344409079   -0.856723390095254    0.387571748816657
   23    0.104867545940237   -0.899663758645387   -0.423801745145685
   24   -0.012934096628017    0.345198478740586    0.938440578523543
   25   -0.061788246991172    0.206493888948296   -0.976495000683960
   26    0.120757758190701   -0.727928365895931    0.674935447254651
   27    0.435623624465337   -0.572004352242658   -0.695013006225883
   28    0.390011883751789    0.905658439601560    0.166353603239754
   29    0.510782819556957    0.177725043419941    0.841138942260329
   30    0.135116817451098   -0.982783884112548    0.126013026193884
   31    0.339530118316505    0.857199783493599   -0.387205152257181
   32    0.319185807064464    0.672170797063462    0.668062003218022
   33    0.600598284345575   -0.773813472337046   -0.201232231192805
   34    0.763194267801348    0.629925183733874   -0.143974902302485
   35    0.543689306942287   -0.372267885130906    0.752209119339016
   36    0.479872598739896   -0.045761491337911   -0.876143923615949
   37    0.578138670069544   -0.734670029852001    0.354986796103008
   38    0.374462152206587    0.494666167505607   -0.784272579713282
   39    0.772433219189696    0.496001686348758    0.396647512322252
   40    0.845299726184804   -0.281148523572398   -0.454338949029197
   41    0.797711082193705    0.266969294101303   -0.540725831963298
   42    0.909480164126909   -0.407092286902112    0.084390171255304
   43    0.875178233993198   -0.044770798785648    0.481724645747592
   44    0.990651596048333    0.131834138486830   -0.035059594640078
   
 U =    807.174263369607     


 http://math-lab.ru/  - см. Задача Томсона
