    267
    1    0.026147405539802   -0.038587283232303    0.998913076676988
    2   -0.993441202065842   -0.048341126060558   -0.103622939396506
    3   -0.940496277938566   -0.100011853601912    0.324752798791347
    4   -0.960366187379870   -0.275090594239555   -0.044966110554292
    5   -0.873351379154364    0.074679643937069   -0.481331818302720
    6   -0.824177401521239   -0.494512561045332    0.276023437030418
    7   -0.939525234371846   -0.298989200975841    0.167026320316158
    8   -0.935657987862370   -0.240435235436870   -0.258331235644780
    9   -0.990862261407283   -0.077768674902415    0.110199873515204
   10   -0.989215040911281    0.145158833335747    0.019558014712565
   11   -0.866009636118250   -0.167538981263660   -0.471124187351352
   12   -0.873884451826526   -0.454708069138545   -0.171949227146123
   13   -0.949742163759439   -0.020092375280021   -0.312387769980109
   14   -0.563845932242365   -0.124153539176954    0.816494741810120
   15   -0.892660707260078    0.375665966042892   -0.249062128134723
   16   -0.770769740477233    0.516672544241645   -0.372778069622564
   17   -0.853399285204798    0.284303887284737   -0.436899255763531
   18   -0.761331845117163   -0.644372860972290   -0.071815302358773
   19   -0.763689105381056   -0.052861927489553   -0.643416324741898
   20   -0.751603580742656   -0.415493993294670    0.512305376656215
   21   -0.960589474208425    0.173383856427195   -0.217269188727751
   22   -0.871861802408286   -0.487067562279126    0.051207297105431
   23   -0.833560538679600   -0.387519479692484   -0.393707354789114
   24   -0.875340977502758   -0.305112496125701    0.375079375349353
   25   -0.711192892873154    0.420508726732840   -0.563362298941135
   26   -0.505247287736931   -0.350013355247252    0.788806585534778
   27   -0.753876861201283    0.189266291270513   -0.629164484959225
   28   -0.928017934828956    0.323447275321247    0.184836610883942
   29   -0.877583691828100    0.047588977243157    0.477055712765619
   30   -0.681673409063766   -0.606865461719232    0.408699981340453
   31   -0.934762228928211    0.353462628906233   -0.035829392066538
   32   -0.961633164078178    0.113081999761662    0.249948232790102
   33   -0.580515999681091   -0.390953289765619   -0.714252545907750
   34   -0.845164954097328    0.526487943232282    0.092231480508028
   35   -0.681870332363643   -0.271786917921202    0.679105824661509
   36   -0.550636611152333    0.825906126361352   -0.121154417573031
   37   -0.748014787280178   -0.592546302917108   -0.298936041502955
   38   -0.822402110140598    0.552737085836781   -0.134671760874191
   39   -0.769915115931115    0.181182488221669    0.611885299890905
   40   -0.615300361762829   -0.167406852982051   -0.770311891631681
   41   -0.537589715214379    0.539294625886218   -0.648196424385362
   42   -0.613693348110989   -0.765626438433013   -0.192864281961963
   43   -0.825876195876720   -0.167839618121920    0.538292087692997
   44   -0.874960199420949    0.263977240683115    0.405907213326620
   45   -0.586710934821051   -0.697706930132419   -0.411066075718495
   46   -0.678096311619893    0.690618525707897   -0.251458633012565
   47   -0.594360185167303   -0.501135061967952    0.628967105621801
   48   -0.452473727257505   -0.039370662457407   -0.890908231570102
   49   -0.820004941620621    0.475923514744055    0.317944498036099
   50   -0.741495536900109   -0.290627748429201   -0.604747782633547
   51   -0.608762600159438    0.641225696725787   -0.467159183261605
   52   -0.695398693352141   -0.502122424404156   -0.514095057547364
   53   -0.411884529563970    0.739393433639879   -0.532586598213001
   54   -0.303063784643959   -0.406199358425211    0.862064048462890
   55   -0.623303051415518    0.069445763350661   -0.778890616228459
   56   -0.395454700353626    0.918476277872679    0.004111806582694
   57   -0.428054464370244   -0.852820603371571   -0.299109334521097
   58   -0.732387680056102   -0.032497333008734    0.680111909504135
   59   -0.393651598693268   -0.770574002613751   -0.501252556444411
   60   -0.565100111105756    0.816096926068276    0.121027565827679
   61   -0.735856584548971   -0.657662566148415    0.161229761716024
   62   -0.250841166263680    0.292970041075645   -0.922630621830650
   63   -0.334490701169203    0.630454707282049   -0.700459015858344
   64   -0.599974336213602    0.104001350932721    0.793230429881013
   65   -0.405903319367508    0.025873501697587    0.913549701568745
   66   -0.746261300311091    0.403062485882700    0.529749661757379
   67   -0.429587936330267   -0.262009227282196   -0.864179014891295
   68   -0.434756274557669    0.239769715293178    0.868042317724756
   69   -0.306542744854272   -0.731282363650006    0.609309158138681
   70   -0.605175016591270    0.308865766513418   -0.733733696629666
   71   -0.452183578073340    0.190719518264401   -0.871295631272065
   72   -0.712249342717426    0.701835011543465   -0.011335359296434
   73   -0.387211726747279   -0.468773973001813   -0.793925714979359
   74   -0.429131828675576    0.414237556029669   -0.802653798839900
   75    0.138898706357915   -0.966521304992904    0.215739927614042
   76   -0.628922930797317    0.313329134590562    0.711534117617731
   77   -0.047157001708463    0.216175073378487   -0.975215132593662
   78   -0.526646771847117   -0.590395245174533   -0.611618044353102
   79   -0.087750196190217    0.643381441147447   -0.760499983074038
   80   -0.331222195262459   -0.651039800774989   -0.682963421547874
   81   -0.713715031130713    0.665845789007004    0.217394203233954
   82   -0.508305944998359   -0.684923367374119    0.522020159672233
   83   -0.406917722910573   -0.560903588867855    0.720975124935968
   84   -0.539266352050609    0.765926662627589    0.350068777559771
   85   -0.230164228193579    0.496080529905674   -0.837214748979352
   86   -0.212034237221314   -0.886121931510763   -0.412103633497219
   87   -0.262246460383250    0.076391631667320   -0.961972511368002
   88   -0.227967584718991    0.212241943393920    0.950254775195453
   89   -0.488174639401457    0.804970915593026   -0.337205199388418
   90   -0.608655716000263   -0.792384684050954    0.040801125740315
   91    0.122337621102241    0.576007187225922   -0.808238347721219
   92   -0.365051340513103   -0.192494234913898    0.910869632996127
   93   -0.151542888702908   -0.225186885223739    0.962458113170027
   94   -0.459163496814204    0.436187584676360    0.773892288479189
   95   -0.239871919327765   -0.949754823923695   -0.201065254958897
   96   -0.444939220334396   -0.892056822442254   -0.079143639936815
   97   -0.668603353005574    0.604914075991780    0.432491060042534
   98   -0.055572883931793   -0.008126385782013   -0.998421562480311
   99   -0.392469061343062   -0.830931749992523    0.394360828103984
  100   -0.194417254936339   -0.006559840195065    0.980896987190619
  101   -0.434915590843122   -0.886218075429993    0.159580549011264
  102   -0.248412957932910   -0.148130692095749   -0.957260831952429
  103   -0.214505594727638   -0.368080689749820   -0.904712084402457
  104   -0.181423981345047   -0.859380043188954    0.478070371767026
  105   -0.578337161538560   -0.763751261596883    0.286723103346575
  106    0.038269161330021   -0.624659552787036    0.779958918407243
  107   -0.013879345226127   -0.947039078881768   -0.320818245813525
  108   -0.034021916478005    0.433609649016602   -0.900458317457762
  109   -0.237171166956820   -0.936339256188083    0.258879576030030
  110   -0.179814469642045    0.777001601124277   -0.603270476948491
  111   -0.162840343079160    0.983570301036086   -0.077926154695615
  112    0.001107320132178   -0.694366717990098   -0.719620479690360
  113   -0.191206169974858   -0.605531365926807    0.772510171740386
  114   -0.333370505644265    0.918231863171067   -0.213809147194122
  115   -0.575438709893267    0.536300915943126    0.617455762557073
  116   -0.258816672190333   -0.965640442692320    0.023504587494809
  117   -0.091491898448506   -0.436962116046611    0.894814696827425
  118   -0.449889048196331    0.708099165659553    0.544238381506894
  119   -0.342807618496818    0.610391685857791    0.714076275012848
  120   -0.022265860919724   -0.934773332893982    0.354546255864844
  121   -0.386042548001921    0.887319271999555    0.252261096228419
  122   -0.004009675050577    0.992282796575166    0.123930521369666
  123    0.201920823916305   -0.720047061669594    0.663897740506732
  124   -0.258829905562071    0.871607601711656   -0.416301896014401
  125   -0.034948763935046   -0.239997384787300   -0.970144236283796
  126   -0.222265277475248    0.966143087298174    0.131017866319081
  127   -0.173519674275934   -0.775697806967313   -0.606781538039247
  128   -0.088598642327036    0.955806324050462   -0.280329362505875
  129    0.188637677201567   -0.958161674196083   -0.215271997346976
  130    0.013019870139987   -0.851452751375539   -0.524269677891600
  131    0.000912003346707   -0.464619923155193   -0.885509737528142
  132   -0.039765706546885   -0.993645348860106   -0.105297717313836
  133    0.124795600057460   -0.451707675176476    0.883394721737096
  134   -0.011532950994327    0.181541315487588    0.983315687768887
  135    0.162170130875877    0.351158138661656   -0.922165283614267
  136   -0.019668504068255    0.880743727799398   -0.473184568524521
  137    0.148860351262326   -0.096278857183816   -0.984160036519181
  138    0.164193349769392   -0.986427573204337   -0.001089363901252
  139   -0.299059201045414    0.840556980416514    0.451694096644124
  140    0.062766681041097    0.759140379681340   -0.647893685482701
  141    0.249967795268661   -0.113438235204897    0.961586121011594
  142    0.208301378925685    0.845070162870328   -0.492409337202268
  143    0.158434174009315    0.130011295812009   -0.978772535100607
  144   -0.069313791912430   -0.761162563580482    0.644846609709866
  145   -0.060373105415654   -0.991123648668754    0.118444084664481
  146    0.398308751155631   -0.871547289058973   -0.285929120039910
  147    0.064905545183514    0.993592553099089   -0.092526259140118
  148    0.410956463823315    0.759830386254453   -0.503758443071921
  149    0.272904777652340    0.686235000059618   -0.674243655533890
  150    0.170601205616201   -0.334700315806556   -0.926752894379775
  151    0.290322743331644   -0.550290517148600    0.782874863206576
  152    0.360994232446962    0.259310450208349   -0.895790854247113
  153    0.091911026618141   -0.847379145208007    0.522973180433325
  154    0.070235987531654   -0.253531708389751    0.964773848576146
  155   -0.164933498575523   -0.574679306324934   -0.801586324689693
  156    0.212158899390588    0.970553758306645    0.114078936032121
  157    0.339250367690708   -0.188740358542178   -0.921567287331256
  158    0.206409215104160    0.115834617250014    0.971585084985678
  159   -0.136342553973277    0.934728767298774    0.328165872022303
  160    0.378689865800261   -0.923125126932708   -0.066588178873215
  161   -0.052592943062026    0.396851916966867    0.916374671376177
  162    0.365410390015077   -0.768594323413342    0.525107620289229
  163   -0.261500304827326    0.424076052136048    0.867050801614254
  164    0.198585385147760   -0.754935489425566   -0.625009001224379
  165   -0.198881783198019    0.751966753437743    0.628483920268671
  166    0.161138895796975    0.344199058053711    0.924965547842875
  167   -0.126917122742476    0.596203780043779    0.792737722463287
  168    0.480289968042828   -0.411134785002637    0.774783669909385
  169   -0.042046156925455    0.859563667635425    0.509296006236979
  170    0.577352684052185   -0.667909952533440    0.469638343328689
  171    0.303717885715905   -0.325360135211855    0.895486587454655
  172    0.451764995838824   -0.609863749151012    0.651133316615130
  173    0.091610830359834    0.557739071585294    0.824945200475738
  174    0.471646321854767   -0.187844503336816    0.861547555069953
  175    0.031115779138233    0.730817685762343    0.681863122969408
  176    0.208235186980090   -0.881868528190282   -0.423020101048252
  177    0.633562705655456   -0.478462972676962    0.608006152748196
  178    0.094877937700787    0.940248349783093    0.327003390911800
  179    0.182659979787405    0.836012227716703    0.517415584315181
  180    0.371118429541536    0.874391805809117   -0.312586118035487
  181    0.322064032213883    0.480751155379180   -0.815569179012865
  182    0.394312604611675   -0.772274179969410   -0.498106575741510
  183    0.145925206034375    0.942648368040815   -0.300199747624500
  184    0.338470552734247   -0.443221652857387   -0.830055571254202
  185    0.283702753023766    0.953060115717047   -0.105778843613197
  186    0.372115856558885   -0.625419329755311   -0.685842876514632
  187    0.522546859715325    0.371591920994117   -0.767374891206087
  188    0.576267571819538   -0.739708998859613   -0.347485658229692
  189    0.357951139140221    0.037146827320731   -0.933001122833312
  190    0.578846064266147    0.751482909671748   -0.316560689844577
  191    0.645479142769435   -0.267859890463592    0.715267610989389
  192    0.487055615438056    0.865620544315820   -0.116094361312856
  193    0.311972918012996    0.895327919351401    0.317900637395316
  194    0.466714704850289    0.575871434712883   -0.671229822756881
  195    0.560569766918405   -0.623528894694808   -0.544952524443842
  196    0.394319344715581    0.770856443040280    0.500292513042482
  197    0.590778802603245    0.636140568417890   -0.496291833105925
  198    0.169775107047025   -0.578988564537261   -0.797463889566326
  199    0.498598069899194   -0.291693218528719   -0.816281220509914
  200    0.300220512398136    0.498224576549503    0.813412512356104
  201    0.515441969831623    0.804613236695116    0.294817087481551
  202    0.539081955307310   -0.071715988686314   -0.839194531934516
  203    0.548255107483616    0.150303182526189   -0.822693922695815
  204    0.782471026092741   -0.322445646883924    0.532698693569809
  205    0.661904585863076    0.448896119736433   -0.600312079587779
  206    0.418669754337342    0.902558173371343    0.100520547569610
  207    0.665319447473928    0.736370455537979   -0.122916984277095
  208    0.611358540801606    0.786323488029071    0.089084829026757
  209    0.249758175218453    0.686548516754384    0.682841114794579
  210    0.772740785215399    0.493968232944848    0.398581313794354
  211    0.673533695766558   -0.228536740728652   -0.702939057674396
  212    0.455245885011781    0.607781854885546    0.650655362731858
  213    0.413981388321495    0.027834012592996    0.909859702298316
  214    0.876725102710784   -0.346245308676742    0.333867159954544
  215    0.592659212107460    0.665092293194828    0.454320701528127
  216    0.256075490614533   -0.888060107150687    0.381804386032999
  217    0.365521293255486    0.266558427030105    0.891818809599839
  218    0.745641782130067   -0.524874665864542    0.410517865476622
  219    0.492056440445463    0.411560777628486    0.767136354068803
  220    0.643142458941488    0.495961205610750    0.583429738731090
  221    0.792071520890673    0.581152950831133   -0.186772464603867
  222    0.662647386245633    0.303251282148963    0.684789822775456
  223    0.543946265865348   -0.467332489169338   -0.696938163984392
  224    0.554582078861480    0.166244295203849    0.815353636232681
  225    0.860142097649785    0.471714168533114    0.194013698113666
  226    0.474994950169822   -0.818216196519201    0.323885864259032
  227    0.569873046728755   -0.811635154501697   -0.128425412551772
  228    0.663990895858939   -0.700873186881793    0.260562595409629
  229    0.728667160226486   -0.656221432004809   -0.196004086143697
  230    0.721663600840258   -0.557253167384314   -0.410695208959665
  231    0.801237942188607    0.301048402964494    0.517095367480598
  232    0.784122930200117   -0.111305046256219    0.610542723330876
  233    0.746466155028454    0.540364676024010   -0.388322412825352
  234    0.699350485159082    0.239089758030628   -0.673605957895722
  235    0.622812727695631   -0.047655101447611    0.780918239975445
  236    0.348624187622732   -0.923787563826533    0.158359441536745
  237    0.815724496309477   -0.543844213287571    0.197045725135749
  238    0.541713958629007   -0.834704605609332    0.099066686636125
  239    0.706240041490553    0.008083148724003   -0.707926314316771
  240    0.709060667728290   -0.704256279996176    0.035440958884600
  241    0.813060488834445    0.330455597307409   -0.479303390040689
  242    0.715130108476970   -0.403200867459208   -0.570979849407892
  243    0.706895440055444    0.658644924022263    0.257848212886045
  244    0.840728231547078   -0.540700393238762   -0.028620367418518
  245    0.813764695620984   -0.140791330134197   -0.563883695029330
  246    0.832204585051697    0.106723813297869   -0.544100685805573
  247    0.900843453647433    0.285490056207037    0.327072621641537
  248    0.745161690731868    0.100685727640000    0.659239288054973
  249    0.899007172440646   -0.132995620047524    0.417250846552105
  250    0.780720683090368    0.623170096103947    0.046197903812906
  251    0.849339283865462   -0.311199968575182   -0.426353562717271
  252    0.846896547148509   -0.462395756205000   -0.262595512283700
  253    0.926538583496818   -0.355477748980381    0.123133355641561
  254    0.956052628421743    0.270182116171755    0.113863935417802
  255    0.898186359003335    0.438179354190254   -0.035498141666063
  256    0.875079011236161    0.084300976895660    0.476581650285007
  257    0.923881976738562    0.176693540377006   -0.339442905135292
  258    0.883116316518593    0.386775606468160   -0.265537571239590
  259    0.944528487654643   -0.206871087755106   -0.255088786621153
  260    0.959680164885284    0.070298613472247    0.272161874754041
  261    0.966532345482241    0.230064852737399   -0.113513825904677
  262    0.931428587618675   -0.351280617113380   -0.095093186964808
  263    0.967549507634230   -0.145592720476969    0.206520483296149
  264    0.916657620461287   -0.045280647392332   -0.397100075323567
  265    0.983643015993939    0.013204381677414   -0.179644263451033
  266    0.988286002795412   -0.151650948300368   -0.017110422504031
  267    0.996924369249435    0.058467803872366    0.052185418528150
   
 U =    33236.1844795362     


 http://math-lab.ru/  - см. Задача Томсона
