    142
    1   -0.254751488997288    0.100407133648040    0.961779645431452
    2   -0.984974234683355   -0.114339615971817   -0.129430325771652
    3   -0.897366871324435   -0.063170517055168    0.436740408050797
    4   -0.909495872741574   -0.413271799665015   -0.044985298350484
    5   -0.839592877029703    0.331417987817512   -0.430402042504420
    6   -0.805885926841175   -0.546528542406914    0.227715667563552
    7   -0.949881216625593   -0.244265846213633    0.195089391498924
    8   -0.887679986816624   -0.281984105006629   -0.364018139010748
    9   -0.991811060668268    0.056701575635672    0.114436669195313
   10   -0.916050292199000    0.388111102461655    0.101102098435814
   11   -0.760054990224452   -0.188521971715041   -0.621913079148188
   12   -0.784255081023406   -0.551626390813826   -0.283993473246628
   13   -0.908400196106188    0.026068080565653   -0.417288316263303
   14   -0.472427868759851   -0.123154799119501    0.872722638799327
   15   -0.648606386942947    0.756403173487592   -0.084640380166419
   16   -0.483030962463612    0.810796897296921   -0.330589595473243
   17   -0.842288440211128    0.516218979278999   -0.155139127620514
   18   -0.473486935008410   -0.875643835006115   -0.095173507827152
   19   -0.737785597175606    0.136326830540199   -0.661125863867916
   20   -0.616259593359644   -0.623832898478296    0.480683501244192
   21   -0.963509832303918    0.211612831862415   -0.163917090154887
   22   -0.716902650088394   -0.696453607409056   -0.031669591458533
   23   -0.673777920337297   -0.485958237007342   -0.556657799685465
   24   -0.808073001902523   -0.357357819601354    0.468309099170635
   25   -0.688736226309979    0.604376249634131   -0.400464429689419
   26   -0.362667145883787   -0.636579809248744    0.680616402794805
   27   -0.619338150464617    0.442445474907164   -0.648584811041117
   28   -0.747811296383409    0.641978178831576    0.169240311112508
   29   -0.763426152039561    0.198780657022712    0.614545979382901
   30   -0.576167606473850   -0.786596077324375    0.222030404197490
   31   -0.491266427514223    0.851931696216034    0.181299978433215
   32   -0.909643802697742    0.224140075961792    0.349727577639272
   33   -0.209135782968483   -0.547505551157891   -0.810246811615728
   34   -0.270987315265494    0.859744913362135    0.432902481990038
   35   -0.602961998877583   -0.394281305238884    0.693526553383987
   36    0.250082033897828    0.948694609181725   -0.193487764034473
   37   -0.566265672965581   -0.742806196678058   -0.357186424430598
   38   -0.353969126680842    0.931003663848885   -0.089095652288729
   39   -0.582633176083761    0.459082474070521    0.670657784662072
   40   -0.566170277829328   -0.084979433717053   -0.819896159490816
   41   -0.416717702890432    0.684495230653055   -0.598174418803531
   42   -0.178779847516224   -0.974787238607792   -0.133520056805977
   43   -0.719954952064396   -0.105952699616321    0.685885480559230
   44   -0.768891074461262    0.478625175057953    0.423939214292036
   45   -0.292334838640360   -0.870669151911787   -0.395569930639734
   46   -0.059892787419441    0.984722751210825   -0.163505220904143
   47   -0.349930094757851   -0.821722955216206    0.449800304194547
   48   -0.266634297510401   -0.266846717732226   -0.926120392080140
   49   -0.558433781196268    0.704485173026361    0.438009535289881
   50   -0.500468266100174   -0.386687792425866   -0.774599293709654
   51   -0.206864834427666    0.885368506505534   -0.416328653788536
   52   -0.413307593840495   -0.666934867945658   -0.619979608367960
   53    0.094381171739017    0.885125495580665   -0.455680865841711
   54   -0.343376515383545   -0.394772912315804    0.852201218248808
   55   -0.492774799293871    0.246919647434025   -0.834388209943035
   56    0.109581263850002    0.988939526634016    0.099952785223449
   57    0.209022757560266   -0.972759023354083   -0.100246542609271
   58   -0.548127133328164    0.163445412448075    0.820269615955100
   59    0.031645019084858   -0.937587498090743   -0.346306621639062
   60    0.055200295056940    0.919832323485559    0.388408836275367
   61   -0.309236540172085   -0.936597616220290    0.164795835848082
   62   -0.321192822083992    0.027572329901132   -0.946612348147616
   63   -0.108247445121818    0.733475784302543   -0.671040806856311
   64   -0.339817323458832    0.384380765412325    0.858356344333931
   65    0.080611672906615    0.014113585418585    0.996645656639224
   66   -0.347646719322559    0.664135434786407    0.661865456724651
   67    0.032460383453573   -0.346555411715433   -0.937467690172197
   68   -0.016910848202695    0.298326447631047    0.954314075059624
   69   -0.071042781711986   -0.517153946252193    0.852938871808764
   70   -0.311368289518591    0.502207223990986   -0.806745122361167
   71   -0.156114400745507    0.278613983949277   -0.947629960389488
   72   -0.187083131157512    0.968714755445720    0.163069385900728
   73    0.093149078139214   -0.612080865163198   -0.785289923367724
   74    0.012659115644068    0.520025329964965   -0.854057025605398
   75    0.573281615066507   -0.676293493331963   -0.462574643385894
   76   -0.103456545641690    0.563978949736180    0.819282910488412
   77   -0.029148186923708   -0.036675337007006   -0.998902048678690
   78   -0.099998310706929   -0.783871100960163   -0.612818435538017
   79    0.216006979197197    0.705689615887562   -0.674791190640903
   80    0.214507747679899   -0.814494752492909   -0.539059110253052
   81   -0.027091969060149    0.776175384752289    0.629934756397105
   82   -0.058562952736872   -0.918092147659974    0.392016822307201
   83   -0.073034116862852   -0.754311158034896    0.652442100602128
   84    0.353772355126139    0.857656411562929    0.373189764668734
   85    0.147273949426219    0.223080452091326   -0.963610655667076
   86    0.401945092766748   -0.864830362325399   -0.300846450537227
   87    0.260319160283914   -0.104575346563354   -0.959842659856412
   88    0.302998118669142    0.241229971241099    0.921954576461324
   89    0.406718692404214    0.810108793433473   -0.422260166308367
   90   -0.005514694688450   -0.994227995937754    0.107146069625022
   91    0.311672333790566    0.453856997939882   -0.834789902772272
   92   -0.156030410073924   -0.188442638909398    0.969610170621691
   93    0.127161900934098   -0.300145346589115    0.945379617863494
   94    0.189859686735488    0.520214693257277    0.832664381531923
   95    0.682825721941481   -0.707101827512077   -0.183728166006674
   96    0.494257317393670   -0.869275601355537    0.008344644437169
   97    0.276073029214672    0.726160411089975    0.629662401534245
   98    0.434830529654623    0.130842594150202   -0.890956018014540
   99    0.210035089338628   -0.832226709221521    0.513112040109011
  100    0.371992968266894   -0.067172743024845    0.925801843892366
  101    0.734661158491496   -0.668630288136329    0.114919624045081
  102    0.336419596080855   -0.383676724553873   -0.860008154849944
  103    0.554094859582705   -0.161629546677819   -0.816611765911284
  104    0.201530685135890   -0.613594892241439    0.763470163898941
  105    0.265194769202975   -0.936894160055178    0.227818057321811
  106    0.577941795477359    0.170917773349130    0.797978944455167
  107    0.383044213509969   -0.621146259928809   -0.683706409413413
  108    0.579310032934445    0.346519328740722   -0.737783329000169
  109    0.515699891547634   -0.795878245828880    0.317224588697194
  110    0.515518418418376    0.605320103329413   -0.606488526500448
  111    0.396693845424028    0.914228931105774    0.082579988689093
  112    0.794516277231381   -0.465693962147928   -0.389708889856712
  113    0.386861304897665   -0.378350401265807    0.840945482558102
  114    0.558646260627341    0.815824697674625   -0.149480494216458
  115    0.473535469622253    0.470603905613102    0.744510660119335
  116    0.714734106926593   -0.568734670737467    0.407057773168613
  117    0.624433131071491   -0.138552589908279    0.768691384529554
  118    0.564595908809737    0.652723199932683    0.505157286421710
  119    0.717387011884650    0.371662057406996    0.589256472398235
  120    0.449001126103450   -0.669804798256639    0.591404701528672
  121    0.623256836521402    0.755196606831409    0.203049256978844
  122    0.775191178330359    0.630738857841961   -0.035314731303061
  123    0.610079789795643   -0.432055025375740    0.664177013401151
  124    0.695800099111441    0.626953897778488   -0.350415513550514
  125    0.708459686762133    0.075460162614863   -0.701705519495920
  126    0.787824647984564    0.529292211772425    0.314931863400723
  127    0.619688565672744   -0.421601949937604   -0.661995375650968
  128    0.890506172041294    0.390257631182120   -0.233875477253349
  129    0.878540150721059   -0.468793041050547   -0.091653086328821
  130    0.798088237472991   -0.193824653058310   -0.570514828093083
  131    0.935285028913456   -0.200187705013674   -0.291833509816323
  132    0.890555256707784   -0.396692491435339    0.222590210901010
  133    0.811279749367233   -0.267468097185096    0.519890358878509
  134    0.800325816072461    0.050880522237311    0.597402511364664
  135    0.773248043594415    0.373550862919069   -0.512393614216481
  136    0.917926020778259    0.390255914301456    0.071499242869599
  137    0.886162659621361    0.092908891160280   -0.453964402388737
  138    0.981743740667241   -0.189933278887640    0.010226300977542
  139    0.895991014594297    0.239318914519440    0.374067586031613
  140    0.978924943297500    0.099024921558131   -0.178605767825094
  141    0.939856175781878   -0.090662129083819    0.329318610459009
  142    0.988246356269807    0.105182052657330    0.110931848980537
   
 U =    9148.28546518829     


 http://math-lab.ru/  - см. Задача Томсона
