    175
    1   -0.000034442525735   -0.000042290380718    0.999999998512618
    2   -0.986170610914514   -0.073910391092482    0.148340083109895
    3   -0.843815196690902    0.150697838639838    0.515039877352012
    4   -0.913833522918822   -0.341091222003145    0.220374841264098
    5   -0.939178448690284    0.128666293708035   -0.318416121418418
    6   -0.800556950090032   -0.361846137492953    0.477677655374392
    7   -0.908936763636585   -0.101557734391122    0.404376045649583
    8   -0.950799966607505   -0.304117640198941   -0.059092168846599
    9   -0.947969452119196    0.179969361885833    0.262611779307856
   10   -0.895392029776367    0.433633170317365    0.101170087543049
   11   -0.920903734774697   -0.194383511211480   -0.337862933520548
   12   -0.842766898565283   -0.538252423590912    0.005318193411640
   13   -0.991785108981719   -0.043481473760886   -0.120298208805042
   14   -0.333743703630794    0.083399051732352    0.938967378803409
   15   -0.786657499526703    0.610438178336203   -0.092386194141620
   16   -0.738808625623001    0.561825287362566   -0.372174906710572
   17   -0.898166803272545    0.386758426218196   -0.209079681577149
   18   -0.675787782375315   -0.733089606703937    0.076749604135270
   19   -0.845181070354260   -0.018378508426425   -0.534164009217064
   20   -0.622282834989556   -0.346767886217283    0.701794917597555
   21   -0.979074237000458    0.203046080282911   -0.013635531662415
   22   -0.764936271836062   -0.573368976359808    0.293462973776340
   23   -0.842416807238676   -0.456925324800017   -0.285575157249706
   24   -0.760827964198672   -0.120760756224870    0.637618732981789
   25   -0.819953045965156    0.303516307588079   -0.485339935962993
   26   -0.404816646367163   -0.317965027269693    0.857334079724717
   27   -0.705893929394701    0.155387249356033   -0.691063356850351
   28   -0.742815863569513    0.634158332074430    0.214634113528244
   29   -0.684429837747492    0.372182327578598    0.626925922449470
   30   -0.608572370634039   -0.575205161474519    0.546606523848680
   31   -0.616834521345344    0.786919859101858    0.016501776503534
   32   -0.828470671191083    0.411240237783431    0.380154986556830
   33   -0.572804545948708   -0.413162517255547   -0.707948929284842
   34   -0.398795821429742    0.908470434271441    0.125073429891554
   35   -0.530678222508256   -0.082097544002253    0.843587942910682
   36   -0.129924751033499    0.969544364211978   -0.207613306157564
   37   -0.700965756184584   -0.680013088357440   -0.215009786565986
   38   -0.585662068982532    0.763822446797334   -0.271247508234885
   39   -0.460942951799170    0.544311509096456    0.700896979770784
   40   -0.672731091812382   -0.131362220481072   -0.728132436538301
   41   -0.637429959080644    0.467798909561132   -0.612247684748472
   42   -0.501876524431953   -0.854862109862742   -0.131646220398173
   43   -0.670065311864849    0.116497435109549    0.733103557110699
   44   -0.633950969695803    0.602228134423937    0.485208658341971
   45   -0.485585487245154   -0.777764443811102   -0.399110516674384
   46   -0.313435056167599    0.857712939248139   -0.407537703055230
   47   -0.392962866283052   -0.562247860524705    0.727638322972340
   48   -0.446060089609044   -0.212700799434591   -0.869361125412137
   49   -0.526136157655511    0.786255703782319    0.324010357669728
   50   -0.778119115444385   -0.318069940119211   -0.541629167763894
   51   -0.494981602886951    0.690721183764911   -0.527159804140893
   52   -0.662199298732818   -0.572731894817779   -0.483187608922455
   53   -0.209790504504081    0.736160447009754   -0.643471631447977
   54   -0.162731525571169   -0.446977512196041    0.879618982387442
   55   -0.487963714093724    0.053582983669691   -0.871217698160977
   56    0.106194764640929    0.994195163002480    0.017281487937359
   57   -0.268843919644065   -0.930462372544668   -0.248923120960999
   58   -0.482574832471188    0.280553664773505    0.829705473193687
   59   -0.228509332491200   -0.827798338705192   -0.512380127836112
   60   -0.150629345083430    0.985884404733728    0.073094055179333
   61   -0.549534040327693   -0.755868179761350    0.355915205274213
   62   -0.190794209674787   -0.226208639563676   -0.955210563667155
   63   -0.377652631082939    0.548068787106357   -0.746323719866855
   64   -0.262063389354054    0.433216693406111    0.862349161601344
   65   -0.113184715597968    0.238352370310519    0.964560712305018
   66   -0.360644865946976    0.752382905054675    0.551230663921716
   67   -0.313667896462804   -0.460786320086160   -0.830233953744398
   68    0.173892143144534    0.232958908928692    0.956813288632299
   69    0.146225646705702   -0.748548754538272    0.646755612518903
   70   -0.514383798274336    0.314150350357215   -0.797946655762969
   71   -0.231705577006389    0.041010150685924   -0.971921135239302
   72   -0.389726508467162    0.909338707743451   -0.145658378397761
   73   -0.146299487311608   -0.666042389892718   -0.731426000958646
   74   -0.273307321940947    0.304291636097397   -0.912529291570762
   75    0.697890869547210   -0.687100096682973   -0.202093521273910
   76   -0.170084828338318    0.656391784952461    0.734997262454798
   77    0.077051990465480   -0.227305014025549   -0.970770529715521
   78   -0.421392271895148   -0.644679499461528   -0.637821994102649
   79   -0.111728124800036    0.530308912101546   -0.840410187869199
   80    0.049067067415350   -0.801059983583495   -0.596569631808784
   81   -0.238841881942796    0.904799270545189    0.352551890437304
   82   -0.346082698238164   -0.761311425417848    0.548298896140086
   83   -0.126620498186919   -0.683161308232861    0.719206421253636
   84    0.034454110764806    0.952889429164042    0.301354691416665
   85    0.041626141983452    0.034545316620312   -0.998535870864525
   86   -0.017549321261992   -0.940417311321455   -0.339569288791211
   87   -0.028157792808635   -0.467369827053139   -0.883613367635679
   88    0.301696565059427    0.456533607412853    0.836992382243679
   89   -0.035499087845354    0.876122823466234   -0.480779172764069
   90   -0.453179901678388   -0.881145333494992    0.134947686066733
   91   -0.003815116548833    0.293838548723997   -0.955847452352882
   92   -0.215481197787945   -0.160641899471362    0.963204045638361
   93    0.054910874486040   -0.273261332325881    0.960371303256539
   94    0.024780196150506    0.476129977913528    0.879025702702034
   95    0.020752082569311   -0.997115934440921   -0.073001125697117
   96   -0.229104153122708   -0.973190506669198    0.020286072830318
   97   -0.059679929653125    0.832242661804097    0.551190037890590
   98    0.277654711431661   -0.381697279894989   -0.881598008017581
   99   -0.064424265606853   -0.861542820638320    0.503580661073860
  100    0.267182521507904   -0.049306235518477    0.962383704839018
  101   -0.018772305336673   -0.975922319055681    0.217309060375606
  102    0.170221649283142   -0.618638406639661   -0.767014414431481
  103    0.458480089917270   -0.511065768135478   -0.727054184906150
  104    0.391706383064772   -0.769209751057094    0.504858859826187
  105   -0.266090517409866   -0.907322126409063    0.325518656106045
  106    0.316246801878531   -0.324456548532390    0.891468400121984
  107    0.234609572148825   -0.880655387453741   -0.411587702932008
  108    0.314222483787735   -0.082098361470217   -0.945792836580069
  109    0.190295017841149   -0.902308250825688    0.386817304003744
  110    0.066319083602843    0.693711791977023   -0.717192950901016
  111    0.357375960569645    0.932280674832059   -0.055992554340771
  112    0.947497185468190   -0.061346185977902   -0.313824360105815
  113    0.342786766679786   -0.569528461206711    0.747084041098947
  114    0.128880057231045    0.955164266129841   -0.266554226296947
  115    0.118756847797803    0.681815170355574    0.721820534879778
  116    0.250166987261158   -0.961160217165128    0.116565498427959
  117    0.093652436697746   -0.532756745707326    0.841070431654754
  118    0.218834008779879    0.838717530132956    0.498662793126781
  119    0.383442144260071    0.651698463370419    0.654416713452425
  120    0.650666636223291   -0.671527378393035    0.354519264038564
  121    0.302022508110477    0.924631502306050    0.232032302789750
  122    0.589955821553285    0.786033009955308   -0.184673322047302
  123    0.560282814070234   -0.353349655733795    0.749150978808910
  124    0.229583755277968    0.808777521204203   -0.541451955862430
  125    0.676696573711646   -0.379300246577559   -0.631041258613985
  126    0.545890842154419    0.830759060592787    0.108823580601494
  127    0.360828220311861   -0.723439171865899   -0.588590485852903
  128    0.375226622841161    0.868265503228790   -0.324530426022081
  129    0.488966634771097   -0.810646134526562   -0.322124936410970
  130    0.610247190039291   -0.621136442108204   -0.491719317633863
  131    0.709739661555997   -0.081020039593741   -0.699789515496343
  132    0.276112263132996   -0.948242133638971   -0.156840282259971
  133    0.514028070995699   -0.102843151684151    0.851585831481543
  134    0.433673157726189    0.179784405290762    0.882952524138214
  135    0.273004923277186    0.202157057804082   -0.940532208829881
  136    0.516743043175437    0.704084367322880   -0.487074769436202
  137    0.516913219199790   -0.233166036228501   -0.823671247140507
  138    0.507843556797278   -0.860668724762312   -0.036664261011292
  139    0.477448671946915    0.781025557149552    0.402544214634068
  140    0.186436400365103    0.472404324530868   -0.861438113147681
  141    0.740979900005280   -0.166058913219868    0.650671364921187
  142    0.362575839521173    0.611773435434515   -0.703044823814363
  143    0.520714452017840    0.072937544765837   -0.850609530879646
  144    0.561555814359874   -0.578327796034587    0.591770249076781
  145    0.466633510806538   -0.850209212701519    0.243715943733329
  146    0.802409734583174   -0.477267419352709   -0.358265862552610
  147    0.726640638064865    0.596832919387673   -0.340270259423114
  148    0.622215571410750    0.486778931558020   -0.613101993542042
  149    0.457833551656181    0.363075594216820   -0.811519902320325
  150    0.847885732498704    0.084410793913473   -0.523416280312367
  151    0.754724793888836   -0.413744149133084    0.509123034783926
  152    0.684714056552138    0.225808454996123   -0.692948196052331
  153    0.698174164019592   -0.710418072053325    0.088650998841417
  154    0.665843833527874    0.095413708277932    0.739965008379152
  155    0.841226403545713   -0.228574139707302   -0.489991837314268
  156    0.879438313083146    0.445703206907024   -0.167143366109056
  157    0.816199635175944    0.357050274841704   -0.454239206557647
  158    0.861465998802712    0.032884237730740    0.506749405343227
  159    0.754276349180684    0.656117269369139   -0.024027440609517
  160    0.933429613792719   -0.304952180300961   -0.188979691566227
  161    0.550256425205828    0.387670320465049    0.739546880968495
  162    0.835547207158171   -0.491388770294651    0.245759925615410
  163    0.615099775606704    0.571949824052105    0.542702187958873
  164    0.946238850074995    0.200111080536120   -0.254140894102894
  165    0.696106166869091    0.669551973856343    0.259106848137781
  166    0.760836849231612    0.287346594130739    0.581858422378484
  167    0.802663212587928    0.458021351364209    0.382031685665641
  168    0.894890508612251   -0.225493085305447    0.385128350131663
  169    0.881630633512202    0.457056253562109    0.117588295049477
  170    0.853298352817623   -0.519574464335039   -0.043866810799153
  171    0.922593216887853    0.226635649205571    0.312182700772627
  172    0.952632800836326   -0.286289716903576    0.102610646455461
  173    0.975912763825511    0.216641183487878    0.025707489558970
  174    0.997667601107958   -0.048139217218070   -0.048393940376087
  175    0.974179534888197   -0.021045675419659    0.224791711037453
   
 U =    14034.8714134692     


 http://math-lab.ru/  - см. Задача Томсона
