    180
    1   -0.100690904758156    0.023330385738098    0.994644174969268
    2   -0.989948144455088   -0.123991733782629   -0.068034706169020
    3   -0.914409724518037    0.076047286011302    0.397582275758317
    4   -0.921212343271357   -0.388665187648925    0.017526851238055
    5   -0.882713585909527    0.207097418995866   -0.421814395553298
    6   -0.863495008416073   -0.413051157669431    0.289422030240389
    7   -0.964552784483000   -0.166987911094663    0.204335419089134
    8   -0.911762308039268   -0.324480874621426   -0.251796853919626
    9   -0.986978566681869    0.092726438432302    0.131434837567001
   10   -0.938241331862085    0.344156664971205    0.035487929519184
   11   -0.831746364194722   -0.219269917971406   -0.510018321947039
   12   -0.797423408065773   -0.581656993291910   -0.160595922810583
   13   -0.938851247732914   -0.050647962121837   -0.340577624871712
   14   -0.555694389594321   -0.017211643220719    0.831208460442408
   15   -0.768244363259183    0.629108680316738   -0.118418185557057
   16   -0.648851320926977    0.673740363967746   -0.353646554192071
   17   -0.885715164498309    0.411424673248952   -0.215031127094954
   18   -0.613928407383199   -0.785849349459461   -0.074382192506469
   19   -0.791390154165802    0.035777062966763   -0.610263570643784
   20   -0.722816418237382   -0.424194173899398    0.545523352713969
   21   -0.977553320868676    0.144225832432103   -0.153585201493799
   22   -0.777017966383126   -0.620653500305542    0.105034815543753
   23   -0.764188958674069   -0.495227098069479   -0.413237651694911
   24   -0.868635306080191   -0.184189598140581    0.459942275690965
   25   -0.769271114812963    0.456750157935047   -0.446767551575460
   26   -0.504604863003845   -0.303183208481048    0.808364938828997
   27   -0.697716435470483    0.291853670864547   -0.654227185675780
   28   -0.819312577406482    0.557558583837673    0.133623823072368
   29   -0.773410532616003    0.310343357517816    0.552741484315407
   30   -0.692615507552479   -0.618625509280662    0.370926189376085
   31   -0.591408229723849    0.805965600585678   -0.025607742725022
   32   -0.893048340700345    0.330703955424961    0.305122196896008
   33   -0.459233808384687   -0.368015194103545   -0.808498068114839
   34   -0.422901014940840    0.883676206594460    0.200676589219651
   35   -0.706460976942959   -0.197374388665364    0.679673626644270
   36   -0.050694782416674    0.993870874835006   -0.098238094395325
   37   -0.605127634956299   -0.720359581881653   -0.338972887121502
   38   -0.471403308924949    0.844072997143861   -0.255577181742010
   39   -0.577753314876658    0.504611243002105    0.641536125705251
   40   -0.640139126866599   -0.134490136652758   -0.756395598478462
   41   -0.570061534430033    0.549894969919020   -0.610446860112358
   42   -0.395526076346654   -0.883329574518606   -0.251571035118511
   43   -0.770926731837831    0.056354390551057    0.634425848152059
   44   -0.731737240376098    0.543472845425000    0.411336695825240
   45   -0.362868433788898   -0.779563370880708   -0.510497258112813
   46   -0.219313749536553    0.920791322401774   -0.322559792680072
   47   -0.514141476557627   -0.533553944024187    0.671549499962124
   48   -0.405028225020468   -0.104631531782994   -0.908297517057882
   49   -0.644637236978669    0.730908855219608    0.224087210840041
   50   -0.667290007301438   -0.375252505538058   -0.643358067675425
   51   -0.409613929363640    0.759024002840329   -0.506062241214974
   52   -0.547168372149332   -0.600622524781030   -0.582974575127519
   53   -0.148086503165977    0.810840806616382   -0.566222194819108
   54   -0.272820520480619   -0.413497900407901    0.868670507133137
   55   -0.565478703034160    0.117050547740264   -0.816414726525991
   56    0.120443551881908    0.985294301549319    0.121196081390900
   57   -0.148077866360891   -0.903367070893604   -0.402493330030594
   58   -0.596013558635944    0.245791498271233    0.764430753763676
   59   -0.111021925992681   -0.756570529910387   -0.644418470576373
   60   -0.155318743380380    0.972492108179384    0.173594894750845
   61   -0.571046710451707   -0.796236550641318    0.199782406395308
   62   -0.144717281293955   -0.053628638507203   -0.988018662590313
   63   -0.324713339000391    0.609383819081047   -0.723334368406074
   64   -0.385890473338513    0.410288888993539    0.826287825249184
   65   -0.357432656691563    0.148702645190090    0.922024630497408
   66   -0.510490973256171    0.726039941639962    0.460722225823118
   67   -0.221684624762258   -0.329882580088617   -0.917623784836735
   68   -0.129732891871449    0.297597913196746    0.945835534766807
   69   -0.005216972486330   -0.756108225288085    0.654425805458326
   70   -0.461175579828135    0.374875149230072   -0.804229884460851
   71   -0.313116415649294    0.166355033632482   -0.935031610714886
   72   -0.321469101574507    0.945630370723571   -0.049404642474981
   73   -0.079403518869002   -0.544987515060467   -0.834675799109713
   74   -0.192225156236034    0.412596767874612   -0.890400694322200
   75    0.758152810351617   -0.637354792315345   -0.137779479127365
   76   -0.346918306163507    0.662129528771016    0.664253096325576
   77    0.159787083536707   -0.011759028872118   -0.987081462278984
   78   -0.323449990561565   -0.592020785205333   -0.738167659472145
   79   -0.065303491383967    0.637337182317312   -0.767812978562419
   80    0.157486088818945   -0.679424554626145   -0.716645244454728
   81   -0.274023093756637    0.863491686834949    0.423430573831149
   82   -0.483552957009469   -0.727530949181952    0.486698321087926
   83   -0.270052743711288   -0.638714414968776    0.720496642410705
   84    0.008064576920308    0.922837413467873    0.385105272494447
   85   -0.026180518276927    0.191723005508577   -0.981099826532198
   86    0.123174061441572   -0.848716475776882   -0.514303892978516
   87    0.034320872129198   -0.256134157069481   -0.966031765170586
   88    0.112553287823110    0.429003128856477    0.896263394785016
   89    0.048700430413241    0.932474825092615   -0.357937101522128
   90   -0.383443253629856   -0.923325336120803    0.021014160063044
   91    0.090761811553016    0.419089046941904   -0.903397290397166
   92   -0.317257886914699   -0.134438702220329    0.938761774112971
   93   -0.062137398689609   -0.265419314617091    0.962128645822523
   94   -0.155426898250521    0.547087483013220    0.822519157971704
   95    0.081928197343120   -0.959558023506449   -0.269325397993772
   96   -0.155010940583302   -0.980032265310411   -0.124532595130852
   97   -0.106932818256589    0.783817114162903    0.611715705148267
   98    0.324505583899507   -0.235303826806756   -0.916148587898348
   99   -0.233909657292862   -0.818037300303192    0.525453373324218
  100    0.155596611745063   -0.099595244527978    0.982787098857565
  101   -0.121363168486127   -0.979957175627521    0.157971248242015
  102    0.170985935136037   -0.460958690283503   -0.870793256656121
  103    0.414701334877200   -0.483873236195426   -0.770642260809018
  104    0.231159550082807   -0.823836663711317    0.517550397478855
  105   -0.335486586869208   -0.895153855042810    0.293510350469698
  106    0.187355149499226   -0.384080947824069    0.904090633440413
  107    0.362733910427356   -0.848905955224853   -0.384425271554641
  108    0.283052032703083    0.226670693319908   -0.931934516783516
  109   -0.018355963175791   -0.915937976676171    0.400899839733381
  110    0.125339347681573    0.803066012520130   -0.582559033453071
  111    0.390832612535630    0.918038164878674    0.066751755068841
  112    0.765221267630716   -0.260730208508386   -0.588605275152045
  113    0.220066314377956   -0.636378877568088    0.739319106652387
  114    0.229122455037928    0.961831030165242   -0.149612733444256
  115    0.079014587062710    0.653275090483528    0.752986288842664
  116    0.102509934357759   -0.994511665003974    0.020934696773332
  117   -0.027373550271965   -0.539877253167091    0.841298544072355
  118    0.187605906297716    0.805456135356830    0.562178297284991
  119    0.335609435920067    0.584778231292242    0.738512509527179
  120    0.462739266736304   -0.815125687666306    0.348485988709560
  121    0.289989157403719    0.899171514833626    0.327714625093364
  122    0.636702926943872    0.770012313984426    0.041114707021399
  123    0.422990170031474   -0.470470384459800    0.774426841866288
  124    0.327270068265669    0.857199660080269   -0.397621736296768
  125    0.568355073028832   -0.255751646349992   -0.782025323344238
  126    0.543707141533594    0.791663193667725    0.278660962528278
  127    0.402187553038684   -0.693292965822715   -0.597988324067870
  128    0.498429914585662    0.846732967051307   -0.186040056855022
  129    0.556381555146091   -0.816540502950567   -0.153951850052063
  130    0.602483035254727   -0.693392442088392   -0.395248166959631
  131    0.671736325654351   -0.007837189207665   -0.740748869227429
  132    0.312851248673053   -0.939694552544207   -0.138196396922835
  133    0.394003175905013   -0.196513138141160    0.897855268912912
  134    0.138908703444668    0.174906298336790    0.974736969089325
  135    0.393661767198911    0.445270927430082   -0.804216521983592
  136    0.584667687560356    0.701535934780314   -0.407444508288843
  137    0.442588384548523    0.003749680662587   -0.896717046652765
  138    0.418906310613571   -0.902643470992725    0.098753568048619
  139    0.445593978149102    0.724885656246740    0.525344450817738
  140    0.199974423956745    0.617922853267169   -0.760382520297073
  141    0.604016792560774   -0.279160121002328    0.746480636819577
  142    0.407141840214058    0.684241670972476   -0.605019716746408
  143    0.558799133110285    0.238447130399604   -0.794283636265653
  144    0.461464884948120   -0.671904445872414    0.579305252502256
  145    0.206819047958719   -0.942359775242106    0.263028392777464
  146    0.786352300286841   -0.490828588966522   -0.375149778204289
  147    0.734851144578509    0.654343233870208   -0.178406075008486
  148    0.769036975031184    0.493167905276585   -0.406654089171610
  149    0.604888483895910    0.489711145883572   -0.627927476423437
  150    0.841014726715470    0.003460186302232   -0.541001161328197
  151    0.659305647947091   -0.484380202201839    0.575058155580784
  152    0.755334475482253    0.258783425939174   -0.602080533323520
  153    0.649264852222073   -0.753046397687458    0.106659620283371
  154    0.391484293621691    0.078960032951390    0.916790794589388
  155    0.625875174569477   -0.496917689553322   -0.601126505543230
  156    0.888138362458448    0.440333398821863   -0.131593111565968
  157    0.893827343653712    0.264729845700455   -0.361926496035263
  158    0.618806382213545   -0.019487714333764    0.785301782961067
  159    0.804445414114479    0.583217323438008    0.112805715067943
  160    0.905730963611876   -0.408310305486451   -0.113728255012830
  161    0.372601717020370    0.347101679850849    0.860632548953496
  162    0.678224213446390   -0.643213789938690    0.355370140456021
  163    0.574641836287329    0.500169084708357    0.647779010689858
  164    0.951624069097045    0.003667428244404   -0.307242869868864
  165    0.681565567606097    0.609384414490420    0.405116048102204
  166    0.599113453539984    0.243602184946808    0.762706395198398
  167    0.761932492841712    0.325841773434232    0.559719586076143
  168    0.790637212565872   -0.214362683235905    0.573534164755659
  169    0.842696647134046    0.426183333942825    0.328983474932126
  170    0.830395692205845   -0.542875818565519    0.125414672119306
  171    0.800539701634181    0.056748881099907    0.596586750273056
  172    0.836344610489307   -0.404159391429265    0.370382071414122
  173    0.916827021616479    0.159543170047337    0.366024847961314
  174    0.947605508655344   -0.284074475592402    0.146100966057550
  175    0.923270649433631   -0.117367432095412    0.365781620338871
  176    0.901202863617769   -0.253346924600532   -0.351637219876658
  177    0.986146269656960   -0.143474805829487   -0.083249714316948
  178    0.942401744339767    0.314477181371039    0.113943208056871
  179    0.990563269876186    0.020812181733729    0.135466827908831
  180    0.980402676184952    0.168575543034353   -0.101945469835878
   
 U =    14867.2419609968     


 http://math-lab.ru/  - см. Задача Томсона
