    224
    1   -0.089154510618893    0.026562561703226    0.995663549374018
    2   -0.997060608002845    0.024700880372727   -0.072525929692835
    3   -0.920652241705252   -0.087130498602899    0.380536103485996
    4   -0.974360074206209   -0.224186580791048   -0.019047907656466
    5   -0.823695566434676    0.202429246167447   -0.529667833771258
    6   -0.815214704251826   -0.507420484636826    0.279194265239343
    7   -0.933776233471718   -0.283489199613446    0.218393725884923
    8   -0.953699864252216   -0.154708608124028   -0.257918234131733
    9   -0.986579511196539   -0.032023636690712    0.160110445568990
   10   -0.967993979439295    0.216009560660462    0.127779205947412
   11   -0.863524733096091   -0.044463420115682   -0.502342552052820
   12   -0.896132383405379   -0.393312127435640   -0.205553695720233
   13   -0.946883286239978    0.081123256904864   -0.311176894110933
   14   -0.495247543157358   -0.204847372717447    0.844255544777385
   15   -0.838020579704914    0.506457273690886   -0.203033341884123
   16   -0.677334841807769    0.658751040134245   -0.327512716081826
   17   -0.889856576078911    0.313966789963006   -0.331028894221399
   18   -0.777934343570595   -0.610941171028077   -0.146864027713491
   19   -0.709470450716177    0.086747942526922   -0.699375774550371
   20   -0.678169304438399   -0.504347939661757    0.534527408349169
   21   -0.957863430571237    0.266379747954427   -0.107421963555119
   22   -0.889204925782145   -0.456114575220232    0.035694456662596
   23   -0.853338055706935   -0.283380615092108   -0.437618086546165
   24   -0.830793182020217   -0.335752047158032    0.443906805014198
   25   -0.755581280573884    0.464104321054788   -0.462281416049363
   26   -0.489845797249381   -0.451393547701186    0.745851835159542
   27   -0.664468068146567    0.347889604175318   -0.661403817437055
   28   -0.872741847064253    0.397480999892901    0.283426398041920
   29   -0.814225529003426    0.095653635256943    0.572614329179094
   30   -0.649682416083638   -0.668567921748280    0.361842081909930
   31   -0.890277954959645    0.454012134417108    0.035751149840173
   32   -0.920066582877938    0.159421224180653    0.357858011440372
   33   -0.549126627411601   -0.269064897314935   -0.791242079328737
   34   -0.772600299005544    0.609943762670229    0.176231053892974
   35   -0.665559294380087   -0.307326002263025    0.680133482485099
   36   -0.385195056106092    0.922550598034788   -0.022916431159326
   37   -0.763916080108300   -0.522722942863687   -0.378408440122436
   38   -0.739838158640503    0.669572786727688   -0.065664162928858
   39   -0.652919410340355    0.199631621631145    0.730645919201444
   40   -0.550192581757194   -0.033813238850180   -0.834352915652492
   41   -0.577774596489367    0.587866525056717   -0.566206203047343
   42   -0.611075278329130   -0.728518007416334   -0.309594116683619
   43   -0.802166913014235   -0.141395043808513    0.580116958252042
   44   -0.790164695430926    0.326842001077760    0.518472815513058
   45   -0.581120392439077   -0.625290026923201   -0.520875677798297
   46   -0.555449912255900    0.812172532077572   -0.178468969609898
   47   -0.483089899075128   -0.639278648371952    0.598286686419907
   48   -0.348913994623406    0.063065984300647   -0.935030323561824
   49   -0.723281592652811    0.540635857971558    0.429623796832730
   50   -0.730100337899583   -0.160141761557844   -0.664310253423854
   51   -0.474285335179163    0.770888157969059   -0.425188039268581
   52   -0.705987244247075   -0.393703893415909   -0.588709822637244
   53   -0.235341679060654    0.834521241627736   -0.498185298226487
   54   -0.275217238875328   -0.582813708288188    0.764580703952965
   55   -0.524368794644760    0.219863462645786   -0.822616207593922
   56   -0.188357055259355    0.967865409453214    0.166607829701928
   57   -0.394617130026532   -0.781752469450838   -0.482846142365392
   58   -0.658257738814946   -0.046273399357719    0.751369098248068
   59   -0.343223897026276   -0.645238068159067   -0.682543179519400
   60   -0.411042142500374    0.885356375314892    0.217229016887660
   61   -0.749624216714397   -0.654791942545482    0.096493759864773
   62   -0.132831415054212    0.158462199058592   -0.978389261308714
   63   -0.361041652638162    0.678656599433735   -0.639589043922224
   64   -0.478781339691849    0.064997329046418    0.875524857431078
   65   -0.301932761377798   -0.092537655972568    0.948827376203849
   66   -0.613513397278067    0.425825177188070    0.665037013881990
   67   -0.347778489995927   -0.186554033677205   -0.918829535014475
   68   -0.269024724851940    0.178804927987315    0.946390244637902
   69   -0.201355698922863   -0.897075241763298    0.393334327419570
   70   -0.465082541452707    0.463775278460938   -0.754062809535367
   71   -0.308377502275735    0.318059552771355   -0.896516278146172
   72   -0.595147514073537    0.800216997201503    0.073838972649267
   73   -0.328926192332946   -0.423219869362398   -0.844211171552607
   74   -0.233576710984979    0.544419465196324   -0.805636000933913
   75    0.401137278041672   -0.915587514323636    0.028078243890654
   76   -0.450049193097719    0.314263723348570    0.835879199393779
   77    0.090343082200233    0.006358110412454   -0.995890406586259
   78   -0.517185372501755   -0.486805091807827   -0.703946086756787
   79   -0.105442678669084    0.712716130127303   -0.693482198308976
   80   -0.137263640401288   -0.575181869396964   -0.806427002363388
   81   -0.613110353249258    0.726175105272670    0.311071392482170
   82   -0.443946358573592   -0.791222355956892    0.420569630552745
   83   -0.256470151319749   -0.759121521801491    0.598295559585573
   84   -0.424274475920103    0.791414206547229    0.440062180558545
   85   -0.066514451673383    0.412459094654533   -0.908544618032242
   86   -0.156427639007086   -0.773506101556160   -0.614181328770307
   87   -0.130347000524670   -0.094493170560460   -0.986955267563659
   88   -0.013425972598377    0.261339942496877    0.965153447756115
   89   -0.336465239711789    0.903412429380338   -0.265776456645061
   90   -0.607567258175216   -0.790485834259222   -0.077422042268025
   91    0.067376202150912    0.587421070536837   -0.806471904825628
   92   -0.304120638810795   -0.359764421979488    0.882088543019962
   93   -0.068473960666158   -0.481510500675056    0.873761383016179
   94   -0.205362958478831    0.409157596990063    0.889053494515453
   95   -0.194222535137465   -0.899094926538955   -0.392308449968501
   96   -0.413575618896503   -0.873334009302587   -0.257376991298450
   97   -0.535264043997576    0.624964344411519    0.568253439424383
   98    0.108577076225824   -0.239288909634775   -0.964858453994187
   99   -0.366533857319163   -0.903807013637829    0.220875108461329
  100   -0.108652607316861   -0.249681240239940    0.962213016538175
  101   -0.402681847708672   -0.915142785316607   -0.019000316020878
  102   -0.122188305929845   -0.334533634154022   -0.934428844542856
  103    0.077634780351547   -0.470249497603966   -0.879112194707243
  104    0.002620444573858   -0.959421297269315    0.281964372955699
  105   -0.573802674575495   -0.801124607932394    0.170146563924097
  106    0.178643729315718   -0.561595014563786    0.807896935006733
  107    0.036592161971739   -0.862698329575067   -0.504393304704398
  108    0.092353298914635    0.246658449637656   -0.964691908021381
  109   -0.172765210754939   -0.978834237631857    0.109707416305663
  110    0.018732880503833    0.840091077899787   -0.542121812899281
  111    0.045670425045859    0.993674364120906    0.102593715036757
  112    0.445361564633106   -0.623899996034962   -0.642185231607771
  113   -0.021210861064139   -0.838604739139663    0.544327282859693
  114   -0.154245059251990    0.984789390032300   -0.079989492911007
  115   -0.384517219495051    0.532766806431237    0.753860754965302
  116   -0.195301306893655   -0.969677179220683   -0.146913469853004
  117   -0.039947258477299   -0.680059425501520    0.732067889151471
  118   -0.288461459495749    0.723983953107104    0.626607709838454
  119   -0.133273353984899    0.615196490863223    0.777027342342078
  120    0.206845881324746   -0.965153976794833    0.160289059065518
  121   -0.210848062761954    0.888216015457040    0.408185502333377
  122    0.237142694213937    0.937938867835013    0.253049447312833
  123    0.196021061908854   -0.739021224555024    0.644533453705328
  124   -0.101431233100917    0.942251733689391   -0.319176088250614
  125    0.324201539746915   -0.343642924880851   -0.881364227663605
  126    0.011188941582410    0.937169637188444    0.348694534970576
  127    0.057676502707946   -0.690798923146092   -0.720742859011159
  128    0.091929815691684    0.986852564175628   -0.132932033637048
  129    0.246723178531200   -0.894724852321154   -0.372283644301425
  130    0.248220565202349   -0.765505221720832   -0.593623034028133
  131    0.524107647214047   -0.423286871639639   -0.739012448088179
  132    0.018545246840428   -0.962531500997720   -0.270534994791255
  133    0.143317228942862   -0.356211795119509    0.923348974605959
  134    0.176731984090921    0.093714808777220    0.979787395517586
  135    0.229160707832699    0.421239267786909   -0.877520854031381
  136    0.138575372819961    0.923300211620264   -0.358208857051002
  137    0.310861011614693   -0.084180298637405   -0.946720185048997
  138    0.228082123608346   -0.964699455496890   -0.131656771395592
  139   -0.060644131357141    0.805849523140881    0.589006651393303
  140    0.197465539886881    0.724509295707101   -0.660373864557936
  141    0.379722716990493   -0.371741896499147    0.847123733930632
  142    0.317267056811887    0.820870809574610   -0.474881804926498
  143    0.314002551528636    0.166636766278487   -0.934684217133121
  144    0.184322699399694   -0.882197792043934    0.433303817429317
  145    0.027912362137267   -0.999579312559919   -0.007880224753060
  146    0.450003816333056   -0.866538055928255   -0.215889700805219
  147    0.295374921081630    0.955333834704680    0.009535211820980
  148    0.480488333299457    0.675130465547846   -0.559758712350473
  149    0.360327603334638    0.565830014649484   -0.741620127017114
  150    0.503619004903217   -0.171027725551504   -0.846827854403109
  151    0.407983430780571   -0.571967959247427    0.711619402351319
  152    0.461581047008162    0.338305294751644   -0.820056378906873
  153    0.381273215516762   -0.869005542071574    0.315372958540199
  154    0.094089599328795   -0.128944605230941    0.987178016408380
  155    0.271411955149922   -0.561247480430853   -0.781880308174925
  156    0.471199088312347    0.867526519565031    0.159276982094081
  157    0.518146521343190    0.081982219137428   -0.851353685706037
  158    0.324012833691911   -0.146917071721642    0.934575335454385
  159    0.166915099712257    0.842579307030890    0.512054158123330
  160    0.622000958219301   -0.780879902516837   -0.057804721429714
  161    0.248387992274828    0.309826954821656    0.917774843499003
  162    0.408429766193102   -0.741644407316332    0.532117185574620
  163    0.054115875402306    0.477337787903023    0.877051941602828
  164    0.632856580489985   -0.582205127136896   -0.510421138341697
  165    0.099323638042065    0.678083525536418    0.728242780480651
  166    0.413664230549250    0.084817357844494    0.906470032694063
  167    0.296388119279980    0.515217403312771    0.804179774722868
  168    0.589617978731056   -0.352659874430161    0.726623459657068
  169    0.321403414594011    0.697928589564682    0.639996506987002
  170    0.556916215860352   -0.811921660515541    0.175007273270204
  171    0.537504436340287   -0.134884670809258    0.832403211487791
  172    0.609037899273925   -0.544773891616874    0.576449689270982
  173    0.480693145361657    0.302336105353033    0.823120270314294
  174    0.764789687234580   -0.336150083726985    0.549636111904936
  175    0.517630093713216    0.500068670305282    0.694255292426032
  176    0.458249246449760   -0.771259814333604   -0.441775878610774
  177    0.597849406059600   -0.700746542035694    0.389269022013313
  178    0.386970437483988    0.829403777039044    0.402918422446553
  179    0.525837258853131    0.669947314500580    0.524085654254423
  180    0.531897810656904    0.779421311782480   -0.331039480663061
  181    0.590453085623915    0.479581647613738   -0.649127566006320
  182    0.648010708043357   -0.704449219392528   -0.289540013743186
  183    0.343796411044523    0.911188680640486   -0.227022501143734
  184    0.672034831286413   -0.236312617193085   -0.701801633293338
  185    0.529042209469239    0.844617536139530   -0.082070446845959
  186    0.797955718203788   -0.509526221002090   -0.321946737671322
  187    0.664511842870914    0.251386568786226   -0.703724948909863
  188    0.791527226192144   -0.605171324701529   -0.085160542245616
  189    0.698220021028440    0.006167923113703   -0.715856660903221
  190    0.680649708106509    0.598309550112734   -0.422778496494821
  191    0.768784914901847   -0.519035214196040    0.373593630893021
  192    0.707702198788925    0.683762094137048   -0.177839805585363
  193    0.611155520996145    0.729141676688320    0.307963219349447
  194    0.772422512483098    0.387159961411489   -0.503458664131578
  195    0.910236744566082   -0.393744291260082   -0.128197121425701
  196    0.701109712137446    0.516071314401285    0.492052405744224
  197    0.834858282081649    0.487829290637681   -0.255018101388147
  198    0.746278382945556   -0.384713521107652   -0.543198013458368
  199    0.887916324566318   -0.278313789987643   -0.366259518472020
  200    0.629247289563838    0.098685208895781    0.770914442802675
  201    0.780895704195021    0.567050382786902    0.262022446654844
  202    0.830405672970612   -0.121027935609229   -0.543855364136820
  203    0.827495770939068    0.143055649447206   -0.542941829516934
  204    0.735165938793105   -0.658495076629077    0.160982224154466
  205    0.904221934097323    0.267487378699071   -0.332916199867169
  206    0.682484412200203    0.727342956727274    0.072022568705720
  207    0.835182358065657    0.549951071189346    0.004924233298567
  208    0.935550319181778    0.346435874142175   -0.068758893142782
  209    0.685302832093176    0.318078926472080    0.655122755565277
  210    0.902835780724656    0.381368214861855    0.198609762439773
  211    0.931910055279749    0.003925913232459   -0.362668217622920
  212    0.802735134782862    0.113199917964051    0.585493024687803
  213    0.723287114962015   -0.121497596775995    0.679775024039264
  214    0.891600773724275   -0.310870920847128    0.329252685434656
  215    0.835059087195932    0.334539831246117    0.436760142642750
  216    0.871595427066070   -0.473133566737599    0.128320066800457
  217    0.867764490571311   -0.106111675981495    0.485515294428416
  218    0.961554404079315   -0.263371439717010    0.077772827755350
  219    0.961934300563502   -0.080455923832178    0.261168998389390
  220    0.922645242071690    0.132033205122518    0.362343745671907
  221    0.980360891316275    0.124604626080068   -0.152860099231309
  222    0.976302546037997    0.177806543347781    0.123361954193500
  223    0.971604063906781   -0.155311514840937   -0.178504555565511
  224    0.999144814223475   -0.032609872834040    0.025421180226068
   
 U =    23237.6052486761     


 http://math-lab.ru/  - см. Задача Томсона
