     34
    1   -0.332439405649902   -0.012020018662591    0.943048016127753
    2   -0.790748159301684    0.181504010144646   -0.584614097385969
    3   -0.788890012803289    0.320572662373543    0.524295447088724
    4   -0.993960011817766   -0.079836398795839    0.075297040675828
    5   -0.481755216587932   -0.289054453639724   -0.827260197351084
    6   -0.744727696017809   -0.311802493786208    0.590050729728137
    7   -0.857634346915549    0.506273334879953   -0.090280880480143
    8   -0.831350885215702   -0.440954569430617   -0.338252528962205
    9   -0.468978226985256    0.870985426374422    0.146437050151705
   10   -0.324076164706512    0.613252769796658    0.720344139842787
   11   -0.362052334944667   -0.822409476696562   -0.438817455670124
   12   -0.630940484112987   -0.756905100481996    0.170319624152969
   13   -0.422899686123010    0.727359976308672   -0.540465836423827
   14    0.232094883676053   -0.283745654381214    0.930387214331311
   15    0.254553505536794    0.664339770620666   -0.702748306287970
   16    0.067423263099058   -0.435091612026373   -0.897858225299166
   17    0.044172933778924    0.975255774724723   -0.216621618929050
   18   -0.052119701214984   -0.991578073401738    0.118559947259424
   19   -0.227761785658473    0.279322843743932   -0.932793287902774
   20   -0.254527513684952   -0.664431531099913    0.702670965144840
   21    0.115421934819228    0.912195521131902    0.393162953734815
   22    0.331811363976395   -0.766230708740124    0.550265135838835
   23    0.231707264504336   -0.854188760562009   -0.465481798683317
   24    0.193871635944785    0.383734275157981    0.902863109693309
   25    0.368935970146417    0.102802014640213   -0.923752128938297
   26    0.811283614301100   -0.397013376045913    0.429184431692450
   27    0.650371714915853   -0.397579781592932   -0.647261114007267
   28    0.626476363985949    0.761159303016636   -0.167820978420976
   29    0.695356845838059    0.086310322520196    0.713462952908282
   30    0.607537748932708   -0.793940869098925   -0.023574986664293
   31    0.807469758763843    0.276314506894237   -0.521193708674286
   32    0.617513797029518    0.643353201299695    0.452518915467211
   33    0.950031974215076   -0.265086485229908   -0.164828405675294
   34    0.958802261161716    0.257154081353253    0.120706265100634
   
 U =    468.904853388178     


 http://math-lab.ru/  - см. Задача Томсона
