    124
    1   -0.121195199895567   -0.014570389283537    0.992521751539179
    2   -0.995998054797622    0.019407321689786   -0.087242367598448
    3   -0.870020942141955   -0.081849273853758    0.486173072685065
    4   -0.837266624339759   -0.534508969371661    0.115259539422768
    5   -0.736905097920826    0.455489307041641   -0.499500117946956
    6   -0.800545586766837   -0.424038895005249    0.423459300323973
    7   -0.955844977801798   -0.230206215704870    0.182662192754611
    8   -0.944702173960347   -0.292205553251470   -0.148841248192817
    9   -0.968621796348728    0.097772274232891    0.228500323915508
   10   -0.876185613145605    0.403825185680102    0.263104524337936
   11   -0.904565757106579   -0.082912189695758   -0.418194165275003
   12   -0.795381601415203   -0.571755463320288   -0.201156154003772
   13   -0.910837612160082    0.233172351402008   -0.340595799762973
   14   -0.153231659095852   -0.351776402199480    0.923457319807647
   15   -0.540556269545569    0.831118505981967   -0.130540983868214
   16   -0.279151933912079    0.892007618694717   -0.355523003452274
   17   -0.774130153970440    0.593938647745269   -0.218996318298330
   18   -0.611839023958354   -0.788834446617041   -0.058251391331672
   19   -0.750649072584128    0.161135995014235   -0.640750466983335
   20   -0.560897205927829   -0.605222296958804    0.564889631384984
   21   -0.933640887773869    0.355227988238557   -0.046127747059766
   22   -0.628384152414705   -0.727319277465424    0.275934821327840
   23   -0.791695088012675   -0.388641309292511   -0.471356362350193
   24   -0.683518482890769   -0.254437970390922    0.684151885746177
   25   -0.534312987605519    0.713318708543381   -0.453526241046831
   26   -0.331924706149356   -0.830224629080970    0.447831502593363
   27   -0.517934822348007    0.453661727672635   -0.725213455917924
   28   -0.749972988203171    0.654914481216346    0.092884548008436
   29   -0.656713085046716    0.073825187485934    0.750518331302501
   30   -0.382067378067059   -0.914799323942835    0.131021813186563
   31   -0.513192302655355    0.831363033663431    0.213235003583444
   32   -0.808752662105506    0.248621485478312    0.533016405465925
   33   -0.249819383956527   -0.478582390921373   -0.841753628147550
   34   -0.228646122337313    0.926049439720905    0.300255534391471
   35   -0.437466476020307   -0.420745573010357    0.794730297113782
   36    0.319489048803937    0.863549254386512   -0.390140273418234
   37   -0.592818316042212   -0.683055112109812   -0.426617109344582
   38   -0.256594872774391    0.966123115448693   -0.027662195531194
   39   -0.574789434418496    0.425075887053738    0.699233577802399
   40   -0.704538466284408   -0.148374498502596   -0.693981669584808
   41   -0.282439859760376    0.689927596247788   -0.666504041663881
   42   -0.381594105825126   -0.884195418667867   -0.269414921647408
   43   -0.421767954692303   -0.109027492499612    0.900124879266160
   44   -0.679028352456649    0.592844635896772    0.432961585187915
   45   -0.120651751798377   -0.875338604093455   -0.468215210102901
   46    0.033922457924796    0.968303405853994   -0.247462686197124
   47   -0.066299435035640   -0.962492597595429    0.263082467085813
   48   -0.441658229458620   -0.179033261660530   -0.879138839757788
   49   -0.419545550557948    0.729473456502632    0.540231438612315
   50   -0.554178783208706   -0.456298163288818   -0.696188094138767
   51   -0.012357470873271    0.835411382707375   -0.549486227813371
   52   -0.337678987183983   -0.708910972408068   -0.619207666953380
   53    0.268811903780480    0.702881680006348   -0.658557138217610
   54   -0.230426044405012   -0.657286078564028    0.717550589844216
   55   -0.501653536056322    0.142728624224623   -0.853212909881897
   56    0.364341930009554    0.928015752606556   -0.077728507968446
   57    0.105702839060093   -0.958217056036750   -0.265795002464117
   58   -0.387708612798322    0.223860167598209    0.894186030378971
   59    0.217403411151758   -0.808953792962208   -0.546195494005247
   60    0.083655823713158    0.922389209145531    0.377093953824182
   61   -0.145537497385359   -0.986748736793766   -0.071734003727063
   62   -0.193491390089461    0.104413358665880   -0.975530077697945
   63    0.013706689608629    0.585156656648950   -0.810804423914544
   64   -0.279573754369266    0.541246058747218    0.793026619829673
   65    0.207414120426748    0.065882779064806    0.976032193152611
   66   -0.112831209442731    0.788890294176528    0.604087097966644
   67   -0.131975668206312   -0.205877298599013   -0.969637541003374
   68   -0.077292510492708    0.310083816215367    0.947562079624892
   69    0.075604851580769   -0.574402515878346    0.815074018829012
   70   -0.242354994717522    0.405372755157634   -0.881440290610418
   71    0.094335458689877    0.289976242215361   -0.952373141255269
   72    0.065214675358025    0.995579650424037    0.067588503308619
   73    0.112162611915863   -0.400859048875996   -0.909247805288769
   74    0.360577307558496    0.439440150063985   -0.822724959986999
   75    0.520734651596360   -0.686956452719790   -0.506878934947449
   76    0.059448916270143    0.601961369181481    0.796309196460434
   77    0.144775450897349   -0.034592277585517   -0.988859668076778
   78   -0.003565107386031   -0.672774327117641   -0.739839168185039
   79    0.558861553977613    0.608578710450603   -0.563298958522034
   80    0.341595280560660   -0.560066248276986   -0.754743971052188
   81    0.264009190414531    0.765296448647485    0.587043859574573
   82    0.270106373093233   -0.897009890847781    0.349879697804361
   83   -0.000286804761567   -0.829061233534084    0.559157749471445
   84    0.377151079644239    0.891978841027116    0.249260526925362
   85    0.420413852734773    0.126020522948413   -0.898538268647760
   86    0.413463278171314   -0.876189293938092   -0.247670019970322
   87    0.398504107449751   -0.221790341973107   -0.889945796412978
   88    0.244773845511835    0.367980023578190    0.897037606124037
   89    0.606021228879647    0.749527880705241   -0.266357328025180
   90    0.195072872240815   -0.979721756814189    0.045736787607334
   91    0.644343573117905    0.307415853681085   -0.700226286772484
   92    0.148576795309458   -0.248540478067885    0.957158590128803
   93    0.382023796866378   -0.419941899634362    0.823229384533424
   94    0.450016438330742    0.537908641681241    0.712839041044159
   95    0.686497216794028   -0.703495730554049   -0.183889446206893
   96    0.506677305142933   -0.859322683037341    0.069589042748125
   97    0.565673297019038    0.700661313391156    0.434841862010308
   98    0.664502280413007   -0.038497209126094   -0.746293966353350
   99    0.305033664672123   -0.718107963682454    0.625520116313244
  100    0.478599215488759   -0.104189891904723    0.871829832799054
  101    0.776090054782114   -0.619887580510990    0.115860322787944
  102    0.612368304032045   -0.371351615276570   -0.697927673937923
  103    0.847874408148150   -0.188450480610422   -0.495575831094622
  104    0.579245882349976   -0.542550226100332    0.608369509376560
  105    0.569422218682108   -0.739646660411324    0.358721555825016
  106    0.524837460892804    0.216698765767141    0.823156901543437
  107    0.758473474413920   -0.487761567498765   -0.432211339371868
  108    0.850491851537345    0.130975991328483   -0.509420160735812
  109    0.802736411618305   -0.446619451769628    0.395152272881183
  110    0.792661445464289    0.452411582410373   -0.408670518847894
  111    0.633251928947548    0.770015114581731    0.077901975584017
  112    0.894292140477321   -0.419163261228505   -0.156664379859543
  113    0.696820123882795   -0.247917698989551    0.673036796527272
  114    0.821110586293490    0.561540027597303   -0.102226231872161
  115    0.712296178970036    0.404640638208753    0.573498131936538
  116    0.943511420735970   -0.304830079490675    0.129864627895747
  117    0.751394969322406    0.069986800596649    0.656130663678528
  118    0.793987030522971    0.544403492135522    0.270572417500312
  119    0.899215497339549    0.208742688681757    0.384497047148999
  120    0.900821003767623   -0.123724790833767    0.416189494466442
  121    0.940843080846497    0.328355952479789    0.083646073992516
  122    0.951052976475494    0.221223058740981   -0.215774405846448
  123    0.994732279842212    0.010533442117602    0.101964395928531
  124    0.972535316769585   -0.104616996182905   -0.207919074992049
   
 U =    6926.20623784877     


 http://math-lab.ru/  - см. Задача Томсона
