    101
    1   -0.048612431759795    0.002078467058135    0.998815554270701
    2   -0.939689004101023    0.225032904291574   -0.257574780515731
    3   -0.875625688022410    0.095362080855614    0.473482553015599
    4   -0.824793436444418   -0.486662722400200    0.287880499207976
    5   -0.498283670293345    0.485205249802066   -0.718532705924725
    6   -0.781974916198073   -0.263566702607355    0.564843185064406
    7   -0.961551426397774   -0.164714098016180    0.219745580859142
    8   -0.980151921302934   -0.139169454422975   -0.141188080664687
    9   -0.977827842608056    0.181332035851561    0.104744465220857
   10   -0.836412890234564    0.428802610650396    0.341382187802570
   11   -0.872856751139617   -0.061761234734765   -0.484052313158433
   12   -0.873924181232898   -0.482298087788596   -0.060374497694584
   13   -0.768904743587661    0.269862705447274   -0.579620233857542
   14    0.191214254759679   -0.273819262952040    0.942581625119598
   15   -0.569839758704528    0.803971205164824   -0.170038085926022
   16   -0.042610536991373    0.865205313061636   -0.499603951532835
   17   -0.717951999472769    0.570104241370727   -0.399407161207909
   18   -0.636543118970839   -0.758233080012561    0.141051246238882
   19   -0.569828336339359    0.107215193278932   -0.814739571541042
   20   -0.504985418950889   -0.400528401967510    0.764569634411639
   21   -0.858773988763820    0.508475096048600   -0.062931017162013
   22   -0.582069995470848   -0.632624967520213    0.510862183805590
   23   -0.814201334410828   -0.414679290039923   -0.406346248236172
   24   -0.652678797879156    0.012519197786199    0.757531290763497
   25   -0.400283863684262    0.767593651272472   -0.500572487258533
   26   -0.243622811617588   -0.683926208168332    0.687672063879309
   27   -0.252886304612517    0.291156262203623   -0.922646491305874
   28   -0.686307208186839    0.708799372994341    0.163051724411660
   29   -0.364946558048501    0.247037275016148    0.897656167204987
   30   -0.346063215055682   -0.863131116052666    0.367756614742691
   31   -0.392614389931385    0.905477779062739    0.161133275403983
   32   -0.648176244792628    0.364626268710149    0.668517194882107
   33   -0.197213906235733   -0.690935697443824   -0.695495893003733
   34   -0.050741425156796    0.988600410936760    0.141755194856228
   35   -0.141720951595071   -0.403737971429459    0.903831191265832
   36    0.319644839735717    0.841167262682396   -0.436193549495786
   37   -0.645381037662195   -0.729830856018837   -0.225455622748423
   38   -0.233795811852212    0.952453706333220   -0.195375166417018
   39   -0.315523440898140    0.574760889908386    0.755046275188162
   40   -0.665341386420034   -0.227662373640428   -0.710978679810494
   41   -0.154903063787958    0.626600237803536   -0.763791321509780
   42   -0.370277099482806   -0.928331240633415   -0.033105547308949
   43   -0.366684790464227   -0.116396543729072    0.923035269667488
   44   -0.558162023504355    0.668626653947005    0.491318179135635
   45   -0.010356013569252   -0.985994518258424   -0.166455888893400
   46    0.144507661955614    0.976491559813858   -0.159943018754871
   47    0.030741476412634   -0.858559752458199    0.511791083438240
   48   -0.399652651027507   -0.415638690597094   -0.817020340876173
   49   -0.240031798618186    0.838498448483601    0.489188192358231
   50   -0.554986190546845   -0.615618663108644   -0.559467595071088
   51    0.222382109634846    0.659969326574503   -0.717625727865962
   52   -0.320671048061928   -0.864504544165852   -0.387042597205342
   53    0.510849340285818    0.446793215600762   -0.734444534340528
   54    0.134850320191373   -0.618294321015455    0.774291627065876
   55   -0.306563754449408   -0.088495340583450   -0.947727407619354
   56    0.526638200064173    0.840365588362983   -0.128210312098935
   57    0.274441007821548   -0.939413919114796    0.205386518056257
   58   -0.020307672855240    0.380239010239568    0.924665287287913
   59    0.049466949931744   -0.870804701395467   -0.489134125666981
   60    0.419913376605179    0.737762281077655    0.528563688468222
   61   -0.070630600304165   -0.981248901762668    0.179337422447827
   62   -0.060118549667421   -0.378347993307407   -0.923709129513260
   63    0.105731185254753    0.390947674668592   -0.914319874079004
   64    0.041067877293590    0.682586686714515    0.729649809548868
   65    0.497421921220108   -0.117152932304127    0.859561878367254
   66    0.112280702547785    0.887490896030741    0.446937303542598
   67    0.161010169861055   -0.626279628023110   -0.762790634921896
   68    0.266963229040099    0.153587837203084    0.951389200382137
   69    0.472892931290242   -0.470844306726288    0.744767020187632
   70    0.027827055969557    0.033035612824172   -0.999066716111291
   71    0.378171915523217    0.159722423689958   -0.911852372744682
   72    0.337838320293955    0.926273991760657    0.166978326523944
   73    0.475849973050635   -0.474754702174536   -0.740388260246526
   74    0.726118597878557    0.158435680586718   -0.669066451805724
   75    0.343618225618582   -0.927576693638922   -0.146724205367154
   76    0.344799104101303    0.496686781201443    0.796502240543421
   77    0.255596641925383   -0.239826470868265   -0.936564797815581
   78    0.388824734164861   -0.785900402839291   -0.480807532094356
   79    0.611933276607042    0.647554370853015   -0.454104615446842
   80    0.672541678487059   -0.574281961272610   -0.466784660903392
   81    0.678240407764816    0.491222618468736    0.546525652078414
   82    0.702362845372433   -0.543845199475602    0.459259003665341
   83    0.390451499873268   -0.759039159908970    0.520967542147686
   84    0.643482021330528    0.730920332732229    0.227346333647556
   85    0.568598550321195   -0.124213148073488   -0.813183117396266
   86    0.654277050879249   -0.740658027140751   -0.152797995813832
   87    0.790067344783500   -0.237637429215988   -0.565085872184367
   88    0.588210300127292    0.221921770841921    0.777662761388603
   89    0.795283476265070    0.597492478387283   -0.102600831626098
   90    0.590699867857509   -0.782652519619609    0.196287288549717
   91    0.827565778545439    0.377345027253720   -0.415626770778028
   92    0.746368213319368   -0.206340849926897    0.632738448174204
   93    0.830135141610043    0.135130263989356    0.540939422133607
   94    0.864512874666649    0.441542525607882    0.240120152455850
   95    0.884140946212826   -0.401554947384249   -0.238848092856364
   96    0.845756739878112   -0.524437359179664    0.098290351751367
   97    0.960822419122356    0.261360096141385   -0.092256051600041
   98    0.931377969472412    0.011639878237296   -0.363867546252846
   99    0.912120363393057   -0.252032191533002    0.323289679876716
  100    0.968404708060286    0.095756218951755    0.230267383575564
  101    0.988943632074518   -0.144273318040157   -0.034288515292219
   
 U =    4540.68233267303     


 http://math-lab.ru/  - см. Задача Томсона
