     58
    1   -0.246787894068182   -0.152690010169867    0.956964730873462
    2   -0.984498103462339   -0.088741877214544   -0.151289006565236
    3   -0.749952984660095    0.314260177069858    0.582074790647591
    4   -0.911815619107694   -0.214151628881294    0.350330353521847
    5   -0.500126880817214   -0.038223793238904   -0.865108111575931
    6   -0.669113410889724   -0.131256849809369    0.731477192225185
    7   -0.957413126603369    0.229009500752488    0.175825918375697
    8   -0.783375881548571   -0.334698325414568   -0.523735867754618
    9   -0.734600405063263    0.652703579191914    0.185311312636208
   10   -0.425026054501961    0.710094178682096    0.561354709961799
   11   -0.394474111547202   -0.500437205327947   -0.770683319426728
   12   -0.843641012059101   -0.535881263074342   -0.033183047746458
   13   -0.847129134888554    0.472112398502161   -0.243889548778760
   14    0.224586846133385   -0.247589046316165    0.942475682809966
   15   -0.148143294524565    0.738423434367572   -0.657863508536693
   16   -0.153140529775951    0.279839411914037   -0.947754125118718
   17   -0.510522033716186    0.796936677876363   -0.322891908454942
   18   -0.569253328258013   -0.729666608372601   -0.378863153253520
   19   -0.822961765039334    0.134893498094564   -0.551849324956691
   20   -0.388091544341531   -0.541772050556995    0.745565556102128
   21   -0.365697340151122    0.923172147316529    0.118400345545881
   22   -0.665816294013495   -0.629554132428098    0.400437581863691
   23   -0.145247223568247   -0.895946498437512   -0.419741725330324
   24   -0.378460468677986    0.321066447083794    0.868149762543899
   25   -0.534705423332009    0.471764098700399   -0.701091110653057
   26   -0.186310388388980   -0.881327451584542    0.434223861921295
   27   -0.032143788745252   -0.188911551819400   -0.981467881509266
   28    0.036755832869263    0.941333353461646    0.335470604391411
   29    0.074224755962723    0.211140508734889    0.974633454778486
   30   -0.449629788224310   -0.892171680454252    0.043159542824241
   31   -0.039893409208244    0.975279043937929   -0.217346042883838
   32    0.001263884680635    0.670856026811138    0.741586538366688
   33    0.497883550125874   -0.866724689143615   -0.030004728676651
   34    0.395046661535426    0.918562523828587   -0.013454554149828
   35    0.076429541195604   -0.639958809054975    0.764598749636413
   36    0.239413935961358    0.478055586929888   -0.845070306585559
   37    0.036615777318833   -0.999311045568734    0.006059625042930
   38    0.309218048755055    0.804618475166674   -0.506925347309220
   39    0.419143150336952    0.439810219645901    0.794283318609072
   40    0.046789751826831   -0.617852921511915   -0.784900303543816
   41    0.379397306244524    0.007280291739565   -0.925205210408256
   42    0.323929540224260   -0.853988397573444    0.407152882563836
   43    0.597372651865739   -0.021595092242125    0.801672979957506
   44    0.460242977988379    0.763565098325359    0.452929069316349
   45    0.777142096508754   -0.593722011443068    0.208672794014876
   46    0.782377341892352    0.610980630120132    0.120782302145073
   47    0.560435257324210   -0.510401828129496    0.652228714631620
   48    0.472102232276679   -0.433067114095370   -0.767836152423474
   49    0.783385212227785    0.334632937982200    0.523763692976355
   50    0.327181141726210   -0.826701322539264   -0.457730732866568
   51    0.649078218445095    0.324598694621553   -0.687992117534878
   52    0.736341233106601   -0.577155225550067   -0.353119574715565
   53    0.694554414314057    0.640367152868625   -0.327908638318342
   54    0.876677105037462   -0.192528213295630    0.440874291140147
   55    0.794802568262137   -0.143174731994063   -0.589737122455708
   56    0.927345927752944    0.216893264989840   -0.304937439292190
   57    0.960586676256323   -0.259944892191405   -0.098498174716232
   58    0.977697444794801    0.156865533616182    0.139645661604747
   
 U =    1438.62550892048     


 http://math-lab.ru/  - см. Задача Томсона
