    260
    1   -0.203771227778417    0.094413019942420    0.974455472761597
    2   -0.993601265507707   -0.008725134272786   -0.112607269807082
    3   -0.940025403681190   -0.081074057350510    0.331329500133540
    4   -0.972136117126920   -0.229233965571159   -0.049022023682377
    5   -0.846420606893654    0.093593667738444   -0.524225506423567
    6   -0.854952831711592   -0.458369764036637    0.242802007745670
    7   -0.949933839858670   -0.258121378922204    0.176065481099114
    8   -0.943801747602126   -0.182725429235427   -0.275408203824616
    9   -0.992928898145378   -0.037692070370694    0.112567806494467
   10   -0.982053191862932    0.181940698690041    0.049690145018978
   11   -0.866339937000508   -0.129910875493288   -0.482263701709473
   12   -0.894466467655076   -0.398186184004501   -0.203414603970768
   13   -0.941924706345867    0.050796775718349   -0.331960140908320
   14   -0.572776457836629   -0.126936914222544    0.809823529638268
   15   -0.881750952122014    0.403207246081509   -0.244824784569059
   16   -0.759719654447916    0.530167844212415   -0.376494493463981
   17   -0.856697856997759    0.287812810000260   -0.428056734808836
   18   -0.787922073830328   -0.606120390972575   -0.108613430192445
   19   -0.736400050920307   -0.035663194293711   -0.675605729384630
   20   -0.734660229192665   -0.437092087697284    0.518868822068749
   21   -0.960331036729870    0.210490585768479   -0.182915317008105
   22   -0.896571316652053   -0.442485135691272    0.019151471198845
   23   -0.833421961982693   -0.352203277747223   -0.425864631577959
   24   -0.864945161878968   -0.304611979732508    0.398850108117835
   25   -0.713702706927898    0.414321740010588   -0.564770698494876
   26   -0.543134069631813   -0.354716055922252    0.761040013452740
   27   -0.721750674196077    0.211246941136080   -0.659128738683239
   28   -0.909540403245789    0.358253256391914    0.210691383658839
   29   -0.866142788014811    0.087742719986445    0.492034435643797
   30   -0.723361022928085   -0.590532080858752    0.357799793159620
   31   -0.919864079035002    0.391829659408485   -0.017877195219568
   32   -0.949777611222857    0.143686605035951    0.277986778018391
   33   -0.579072046892056   -0.387203741462954   -0.717459982929595
   34   -0.823333167474557    0.557128807977705    0.108305062936389
   35   -0.708445035988682   -0.261176618534148    0.655661806813591
   36   -0.524471440254703    0.842190295204558   -0.125080833945161
   37   -0.769180726730074   -0.548644404578901   -0.327643597451954
   38   -0.804469758216355    0.579788307793349   -0.129127558102227
   39   -0.739928075243212    0.214162319735697    0.637684047371660
   40   -0.587741996497972   -0.163678066766690   -0.792318645503245
   41   -0.540979835298698    0.514210499593218   -0.665528646947888
   42   -0.634914671471401   -0.739131909735096   -0.224871919015497
   43   -0.836653210805427   -0.133843051408311    0.531128461333679
   44   -0.847904588563950    0.305226574536467    0.433468045983708
   45   -0.608166460056628   -0.664215543645874   -0.434685252155401
   46   -0.659612460606502    0.706387368102171   -0.256765044346623
   47   -0.569892897206248   -0.530229163698417    0.627757213958985
   48   -0.411033265209095   -0.068135056946488   -0.909070552216080
   49   -0.788829019345565    0.509155365476576    0.344252221553803
   50   -0.739040383626529   -0.261846448584417   -0.620689736287690
   51   -0.598571616149023    0.639540549408278   -0.482389786379546
   52   -0.676156532081542   -0.488818751346644   -0.551242752746347
   53   -0.406312280929625    0.723342475154779   -0.558288450536748
   54   -0.355299077096460   -0.454464641406944    0.816838084032118
   55   -0.583523317200097    0.075669924972330   -0.808563294206754
   56   -0.360586076629018    0.932501071310897    0.020480071907148
   57   -0.449133576314600   -0.808314010410297   -0.380667165909116
   58   -0.729172203513451   -0.011413589344542    0.684235067503569
   59   -0.470028057500937   -0.647631182596230   -0.599706158456710
   60   -0.534999706300913    0.836150526421929    0.120944662644812
   61   -0.767724308718101   -0.629965220596814    0.117231423439801
   62   -0.192990223909739    0.243143256971566   -0.950597775120754
   63   -0.346252693584858    0.588751539595717   -0.730397629246497
   64   -0.581913493869434    0.111640644063952    0.805551396402274
   65   -0.400014300900004   -0.008739252762989    0.916467230476150
   66   -0.703201570727116    0.432300975179801    0.564467375306590
   67   -0.408850840534738   -0.298440037196716   -0.862423639745608
   68   -0.402649887256346    0.222160027946440    0.887985354763967
   69   -0.368454500609157   -0.771876896667135    0.518119037840119
   70   -0.561280836034875    0.309970500965372   -0.767386546423162
   71   -0.398673072611758    0.164563723599357   -0.902207604739294
   72   -0.688109441067992    0.725573593905940   -0.006953915408937
   73   -0.220941559173819   -0.452884920327667   -0.863759269918213
   74   -0.373511984136192    0.388887307418081   -0.842173058127461
   75    0.153319815887894   -0.972734301589584    0.174014403332386
   76   -0.577982455432758    0.335699213513347    0.743802607724953
   77   -0.002855068213620    0.113116893903746   -0.993577584740650
   78   -0.409732335532138   -0.511351412488493   -0.755406609823744
   79   -0.134290805920422    0.644142851983495   -0.753024545206737
   80   -0.241231262840683   -0.654127254845795   -0.716885634042274
   81   -0.687614195142433    0.688033515232166    0.231940941956982
   82   -0.561325795615241   -0.685128003606456    0.464233744843209
   83   -0.377403287513148   -0.627080537606937    0.681422598633817
   84   -0.514014249375387    0.784322405324915    0.347315009673346
   85   -0.165132446613933    0.459272649658117   -0.872811496459178
   86   -0.292498956197068   -0.789811764150893   -0.539111990065589
   87   -0.210832006514552    0.011401698426998   -0.977455812966513
   88   -0.199905439542044    0.318601104303346    0.926569561111410
   89   -0.473660270844868    0.807008079734896   -0.352681027368586
   90   -0.632256814696897   -0.774751897326272   -0.003289051333775
   91    0.060265654347972    0.562332282422421   -0.824712346852890
   92   -0.378762854043182   -0.236886788852988    0.894663819355619
   93   -0.169258815135860   -0.368311211301336    0.914165359838442
   94   -0.389196532288280    0.440484415605958    0.809011457807030
   95   -0.274255344562329   -0.915082897739552   -0.295647249680395
   96   -0.461101105381243   -0.874222172515321   -0.152057106702670
   97   -0.627963856634830    0.624737436915471    0.464073840758772
   98   -0.016625333247966   -0.131759815096618   -0.991142244796426
   99   -0.427112760318631   -0.847475975725156    0.315212881306737
  100   -0.189692822338086   -0.137401330733347    0.972181828397403
  101   -0.454353165090033   -0.886774727872706    0.084816174041020
  102   -0.217058931155139   -0.223829312232706   -0.950150440399426
  103   -0.026115605644050   -0.372481284576464   -0.927672176893385
  104   -0.200182433586908   -0.884832043399941    0.420712785942986
  105   -0.611086814841206   -0.756903634012528    0.231667420121732
  106    0.022736940863194   -0.495391137583182    0.868372415685934
  107   -0.111337434995931   -0.885951331200184   -0.450215741965059
  108    0.021588581484404    0.350350820863369   -0.936369710888736
  109   -0.256610744609118   -0.945536878923470    0.200277148838346
  110   -0.190714043798657    0.780979956574540   -0.594725534113673
  111   -0.134569775928495    0.988797585535585   -0.064577939310201
  112    0.156780267134106   -0.684398868427519   -0.712052060408851
  113   -0.170380705677128   -0.756871697553493    0.630964062824071
  114   -0.317391310323360    0.926223836196757   -0.203401478343162
  115   -0.516473866244713    0.552553675739976    0.654170605356492
  116   -0.274840332878860   -0.960315525256092   -0.047506666639048
  117   -0.167006611557820   -0.587408686911498    0.791871091931563
  118   -0.415429276045000    0.734480104541283    0.536616709242038
  119   -0.298119734072621    0.650921790362052    0.698158611626563
  120   -0.024124279662911   -0.951815199991711    0.305721841214337
  121   -0.345859315877230    0.898404704519133    0.270647964187472
  122    0.043660775716920    0.991081845092299    0.125898820456112
  123    0.031305437360134   -0.695436204218199    0.717905603442594
  124   -0.257384041796133    0.875105740271799   -0.409808977905601
  125    0.169287714475290   -0.274608889221169   -0.946536648888171
  126   -0.178246166164301    0.972050746613180    0.152792834440911
  127   -0.060448280908099   -0.763626690429288   -0.642822123918637
  128   -0.078197955391176    0.957924139103517   -0.276163762096740
  129    0.068292639015918   -0.939125115942407   -0.336719663908128
  130    0.125027504282404   -0.834998109060680   -0.535860318588717
  131    0.170339704825733   -0.495085637262219   -0.851982744388960
  132   -0.092659688066882   -0.978292658133080   -0.185358186358901
  133    0.018312141801825   -0.255927733957590    0.966522457294171
  134    0.002962652246300    0.221515748749340    0.975152293617611
  135    0.238252356221628    0.444027166099916   -0.863756731099747
  136   -0.013051659607305    0.879675072449866   -0.475396067602391
  137    0.182696148847296   -0.024642616484512   -0.982860548933145
  138    0.089870523509313   -0.994436447001900   -0.054949448390312
  139   -0.241360344213268    0.852927605702808    0.462881932755351
  140    0.047119587605189    0.751140499636177   -0.658458574452661
  141    0.204731910478390   -0.123514867003919    0.970993780855919
  142    0.214809592450673    0.826805689932128   -0.519854970243657
  143    0.202368865626512    0.223406190168972   -0.953486505630375
  144    0.011512643141113   -0.850990916980871    0.525054205072163
  145   -0.080734288991513   -0.993667246189086    0.078149718054729
  146    0.242490753284851   -0.948828918200835   -0.202291667048295
  147    0.093657960970792    0.990801035564118   -0.097680572643006
  148    0.408486269052875    0.718701522697221   -0.562678495473177
  149    0.244299370004723    0.657797339841799   -0.712474896057642
  150    0.371062229839191   -0.383699372166639   -0.845628531558446
  151    0.204959562714224   -0.375623799354610    0.903824285472791
  152    0.416496700167077    0.310452145836325   -0.854488129756966
  153    0.195640217101623   -0.897324085930969    0.395644272371761
  154    0.005412881796009   -0.013924649092369    0.999888396201455
  155   -0.035493038389552   -0.587883495884251   -0.808166591423322
  156    0.263334575485110    0.959880325331874    0.096356953017690
  157    0.357471392311362   -0.164492291913021   -0.919323930712226
  158    0.202794694319659    0.123285836549212    0.971429315216582
  159   -0.071440295260642    0.937202668528854    0.341390454341457
  160    0.318339757330994   -0.947799610586541    0.018322037944657
  161    0.020394952024634    0.438114462562665    0.898687800977258
  162    0.217099376429389   -0.770440922615664    0.599406911465905
  163   -0.182360357066045    0.522657883430543    0.832810564929774
  164    0.347645732407713   -0.739872042778305   -0.575961635053728
  165   -0.121803555836023    0.770424314131271    0.625787719583136
  166    0.223464596771890    0.345890952190643    0.911275492473175
  167   -0.010892232912829    0.641379319227499    0.767146614493894
  168    0.399159666801716   -0.459190430640597    0.793609292288621
  169    0.046566647034698    0.860675719600635    0.507019578590290
  170    0.401391246630327   -0.797028261182086    0.451254936821319
  171    0.381821830027995   -0.240188514933067    0.892480569765147
  172    0.220053827093909   -0.591720233372244    0.775527870936449
  173    0.206259536037657    0.557613688684909    0.804067147684035
  174    0.549323052155771   -0.100864565726070    0.829500165009724
  175    0.154823500791847    0.738017390845354    0.656780035028755
  176    0.307779776585272   -0.864880173121554   -0.396552512621406
  177    0.406610475611439   -0.651442676893658    0.640539116560936
  178    0.168768422076289    0.933801481624066    0.315486945255392
  179    0.287463667466206    0.824414303091211    0.487550711973137
  180    0.371027687719349    0.859502047440090   -0.351560358106437
  181    0.419947495650833    0.524988510791429   -0.740291269996878
  182    0.548837663360677   -0.630198304268960   -0.549206078419859
  183    0.155548281912343    0.936120295602416   -0.315410088861094
  184    0.557978058016527   -0.260261027347198   -0.787987743823650
  185    0.311422043019380    0.941418385356625   -0.129413039660467
  186    0.561652265103628   -0.457151920377195   -0.689607754306321
  187    0.597461523571469    0.372445820462596   -0.710157615372534
  188    0.514256680676315   -0.770950348894929   -0.375733450624997
  189    0.375313163014859    0.090353285444955   -0.922483774099623
  190    0.556218104460577    0.735404282007726   -0.387042584575630
  191    0.574450627649327   -0.308121951725788    0.758331945297035
  192    0.508859924755324    0.845868581931540   -0.159899715694345
  193    0.392958717550576    0.873639807934278    0.286944127477048
  194    0.578297269494621    0.569492864833915   -0.584166196384493
  195    0.693472724927013   -0.629538064332307   -0.350396069240275
  196    0.495726571614162    0.731751523588738    0.467755143126433
  197    0.712278471288963    0.568075620679740   -0.412249279596200
  198    0.367478753557000   -0.577797517615232   -0.728772525773214
  199    0.726353456787872   -0.270500787177619   -0.631854397744130
  200    0.408937366013959    0.462243807708045    0.786829646691794
  201    0.590875161531406    0.763754845549983    0.259894361970697
  202    0.531118587923042   -0.048225729068981   -0.845923947301647
  203    0.583906562650021    0.162937345483481   -0.795301545038757
  204    0.578916755077575   -0.500390232242763    0.643789566680360
  205    0.747822072508778    0.377417716589377   -0.546184964158787
  206    0.469964959519892    0.880136876535233    0.067022499104933
  207    0.676725473344780    0.710984979801096   -0.191162214424082
  208    0.652761662135994    0.756653789753501    0.037111385006749
  209    0.369097946292350    0.660333639152059    0.654007791273902
  210    0.833900238441752    0.429804433959669    0.346234805984894
  211    0.856805934562977   -0.260517272888007   -0.444988023462047
  212    0.562051544753681    0.547868112546695    0.619627785282845
  213    0.387683237736492    0.017118934544315    0.921633684962859
  214    0.735314824022386   -0.469680613672720    0.488581856716911
  215    0.679005107098630    0.596967657840968    0.427295775810909
  216    0.372255748389562   -0.896303312275284    0.240968940312400
  217    0.416699717272737    0.243766725237877    0.875750609072938
  218    0.584405217431422   -0.659370397485197    0.472970634140372
  219    0.593301341141213    0.340434437514519    0.729450418023193
  220    0.732248505800502    0.398414228945802    0.552338870555435
  221    0.812488075194766    0.540374933007623   -0.218764849652112
  222    0.745254618955717    0.174270060423734    0.643603526221755
  223    0.720417422299163   -0.465031919855759   -0.514532847506451
  224    0.589767941724785    0.119323439198387    0.798708765302835
  225    0.896954576701553    0.424169000541094    0.124712254065533
  226    0.567147763149070   -0.777810374544030    0.270840240744765
  227    0.450686041655106   -0.874670366776338   -0.178420406177651
  228    0.731247987012242   -0.614936243292183    0.295177570584625
  229    0.634857510109929   -0.756722026052429   -0.155973450125742
  230    0.789256381429757   -0.599856853885090   -0.131324480655693
  231    0.861805968516563    0.224033608189448    0.455081767412017
  232    0.738593709627567   -0.280479330094647    0.613033993746063
  233    0.860874426097152    0.366857366986856   -0.352577501805448
  234    0.747837148512581    0.166888243109672   -0.642563548309690
  235    0.717053095182069   -0.069402208174193    0.693554750679686
  236    0.519380639322872   -0.853152916823723    0.048722192189376
  237    0.854375805257304   -0.411399531569997    0.317478202109877
  238    0.691795767059812   -0.718452175649164    0.072422979661916
  239    0.702018152553578   -0.053697698636458   -0.710131727671993
  240    0.829475705620386   -0.550200939738919    0.096171615854021
  241    0.873055148323567    0.164751442678028   -0.458946260602723
  242    0.837021483287283   -0.447128363421780   -0.315390651635898
  243    0.760080923928115    0.612630132705579    0.216705582719336
  244    0.927268872730429   -0.355541229507115    0.117315266635713
  245    0.944457957066888   -0.228028507457342   -0.236647770156020
  246    0.838542619131761   -0.054312531191916   -0.542122149386255
  247    0.942844958873040    0.233575029490480    0.237668022935813
  248    0.845800688469648   -0.011383652424792    0.533377547185612
  249    0.866239478198765   -0.220643873524642    0.448269391645216
  250    0.805535746249910    0.592544630521425   -0.001738491825625
  251    0.907311549573824   -0.407851743611458   -0.102189565235593
  252    0.982781148566762   -0.184488076886568   -0.010264672839048
  253    0.952565334644810   -0.177418772522004    0.247268805937599
  254    0.978278801345542    0.207045262300100    0.010141311404995
  255    0.917425541100601    0.384246322258528   -0.103368952626327
  256    0.939268936467978    0.027830141307171    0.342051674781949
  257    0.938667718035128   -0.030730847923301   -0.343450913675651
  258    0.952510258165230    0.191876913746937   -0.236447579943117
  259    0.992377485229267    0.003823865802587   -0.123175910227442
  260    0.992843046930705    0.013011468526611    0.118715567000016
   
 U =    31485.9963935023     


 http://math-lab.ru/  - см. Задача Томсона
