     49
    1   -0.165787349408330    0.037692190602690    0.985440943711865
    2   -0.944871022334321   -0.192308163712943   -0.265021360124520
    3   -0.488871968895489    0.371762075018442    0.789174985415928
    4   -0.944960354099265   -0.194864517862076    0.262826461489272
    5   -0.327255032530995   -0.028509767957466   -0.944505869126364
    6   -0.686600493596491   -0.116823779615983    0.717587602115095
    7   -0.852007149928715    0.301488778537781    0.428005061752948
    8   -0.666258048529089   -0.330476412510547   -0.668494991413076
    9   -0.701313113592475    0.697813186286638    0.145659444416483
   10   -0.367975038051879    0.776786829246711    0.511073960674538
   11   -0.194652205583786   -0.526845685813382   -0.827371828261752
   12   -0.782584008404305   -0.619623316641019   -0.060242968590820
   13   -0.953550695977545    0.286292972881264   -0.093687800057146
   14    0.132722853023768   -0.395626149787766    0.908770924870145
   15   -0.174348092852753    0.840089580214107   -0.513665494007816
   16    0.214433805819466   -0.132910826153481   -0.967653272207033
   17   -0.652776202649038    0.666809360491983   -0.359511482452752
   18   -0.480914357870837   -0.756878975260873   -0.442555756037283
   19   -0.772563318493406    0.186812650597601   -0.606833545954041
   20   -0.344767284233252   -0.460640384245643    0.817891163984826
   21   -0.270605369741759    0.962673157840918   -0.005755435649877
   22   -0.646926268461984   -0.626975647552399    0.434036796308911
   23   -0.003434454120081   -0.914961800747536   -0.403525845142196
   24    0.017536005833519    0.567616985711803    0.823105974969720
   25   -0.393023222002978    0.471707246539543   -0.789319340019286
   26   -0.132864648285947   -0.836954704859693    0.530899055611399
   27    0.289633349868072   -0.594718543864808   -0.749948249032906
   28    0.110970458667672    0.913959343597868    0.390338155389965
   29    0.341277148334747    0.171644413032946    0.924158051146598
   30   -0.359949236498536   -0.931141826104093    0.058407592174783
   31    0.228253436391539    0.956602555359376   -0.181140607968962
   32    0.510704370148254    0.592059137592456    0.623415610892728
   33    0.509590689770255   -0.783945237411065   -0.354608507568537
   34    0.705309039042309    0.620366821815936   -0.343051258320398
   35    0.368692767244511   -0.729742956270614    0.575795850241220
   36    0.074041697481798    0.358688186537439   -0.930516314672933
   37    0.157578873384013   -0.982951031365167    0.094742644047860
   38    0.307206043652619    0.702640829380977   -0.641810183488948
   39    0.803960273185830    0.172396737228575    0.569146065726460
   40    0.682473289274600   -0.263178903352536   -0.681884942095707
   41    0.578288495638323    0.250545771439266   -0.776407903248202
   42    0.624337057971260   -0.770566732467501    0.128180142214580
   43    0.587039818860545   -0.252213230596791    0.769267663030306
   44    0.560208852916583    0.813316141282734    0.157107910185487
   45    0.875303388919918   -0.424039040513673   -0.232454015808612
   46    0.885314068831754    0.447454640057887    0.126504326484239
   47    0.836769436095567   -0.400971139722859    0.372879412043167
   48    0.910263589338128    0.136088462147549   -0.391024460098831
   49    0.995685707034802   -0.034847614691847    0.085997770650729
   
 U =    1011.55718274194     


 http://math-lab.ru/  - см. Задача Томсона
