    217
    1   -0.066790400132275    0.070251264402026    0.995290812928607
    2   -0.987874875613720    0.040520257813649   -0.149871074053307
    3   -0.942634755815197    0.038302028953356    0.331621277524950
    4   -0.979556706485093   -0.198494556879936   -0.032688983910731
    5   -0.809351814018426    0.144998817578632   -0.569144080216847
    6   -0.859618841960093   -0.399976436486166    0.317921840714061
    7   -0.958141417998146   -0.191148837896494    0.213136446642339
    8   -0.941699490739062   -0.190049188215100   -0.277638929548023
    9   -0.995081239204437    0.039596768781822    0.090804313143161
   10   -0.946006532573423    0.272789334568225    0.175093173122866
   11   -0.829396944417283   -0.128449518232453   -0.543692403714753
   12   -0.891774088500168   -0.416468158320724   -0.176898977341982
   13   -0.922185409888155    0.029438320027121   -0.385626056048339
   14   -0.506487085841183   -0.081622589377899    0.858375549965953
   15   -0.855669607479038    0.470711202172207   -0.215082512041923
   16   -0.716301092421051    0.584456490211246   -0.381213006134839
   17   -0.909605019848239    0.261028341796194   -0.323238167062638
   18   -0.780021631310010   -0.621457244322957   -0.073192541744280
   19   -0.683895687655442   -0.018557911262291   -0.729343740862887
   20   -0.734238750539203   -0.367358300698990    0.570912721976118
   21   -0.958878396615996    0.274378577279662   -0.072585238396825
   22   -0.904530154827932   -0.420416532499538    0.071240004267418
   23   -0.833446167118318   -0.350451925490070   -0.427259797355296
   24   -0.869310981467481   -0.190361321398752    0.456137024166385
   25   -0.779674123484679    0.380950813620202   -0.496975591725090
   26   -0.543664761426902   -0.312078788736660    0.779124801815017
   27   -0.645969952607031    0.234189404512457   -0.726552230154840
   28   -0.817958087009441    0.493487395826887    0.295659868862605
   29   -0.751047750367417    0.253764291362290    0.609533396211756
   30   -0.711647559015232   -0.564421524349952    0.418313392802739
   31   -0.873172021498468    0.484646857898125    0.051846349936641
   32   -0.873467326794587    0.271850256531130    0.403921114880464
   33   -0.493013463949549   -0.386867565699140   -0.779276081356594
   34   -0.714829342349360    0.679785716735928    0.164043868029873
   35   -0.712132804830852   -0.149108456452245    0.686027358418142
   36   -0.393642579980033    0.904952741484293   -0.161573682593193
   37   -0.750066764043597   -0.578804608747891   -0.319976677852257
   38   -0.752127524925492    0.653377410258561   -0.086035725214990
   39   -0.573273032283038    0.359941634790451    0.736070682748191
   40   -0.505951231564626   -0.154661288663168   -0.848583076114110
   41   -0.605474024822138    0.459902612742116   -0.649531209456987
   42   -0.601387107499207   -0.770017095674347   -0.213089697787060
   43   -0.830944699387305    0.030387089153824    0.555524555148464
   44   -0.708441923471073    0.475965283795182    0.521120993331086
   45   -0.557153762785365   -0.703169951701232   -0.441737143150309
   46   -0.605752254440139    0.756736462067564   -0.245792866491598
   47   -0.551403754181901   -0.517826154234549    0.654071841516483
   48   -0.293152128524373   -0.073538483064036   -0.953233403238824
   49   -0.624674944602979    0.669323390487381    0.402228060348531
   50   -0.685032690310292   -0.272249470557709   -0.675729560539785
   51   -0.535951975335929    0.655815755281965   -0.531658889944918
   52   -0.679007463761019   -0.485448679091182   -0.550716300944012
   53   -0.286458984826711    0.757124408722722   -0.587114877795069
   54   -0.342515179481473   -0.485611541075509    0.804279045480512
   55   -0.484618937636655    0.093717772395706   -0.869690441721137
   56   -0.102351318791835    0.987335105643668    0.121217146910734
   57   -0.378116732990983   -0.855904384468609   -0.352782398766771
   58   -0.648228549007013    0.088397200728601    0.756297351017184
   59   -0.318486113529778   -0.749152862313946   -0.580806839125986
   60   -0.342911974971724    0.936037542392738    0.079025923925978
   61   -0.771401070745558   -0.612173746709322    0.173734544326903
   62   -0.071183661894469    0.015679824160383   -0.997339976835178
   63   -0.382562573256995    0.568897935684386   -0.728011686937119
   64   -0.447630996076203    0.186303452977037    0.874595629282847
   65   -0.293809823413301   -0.003906980836147    0.955855911299706
   66   -0.506743229104463    0.584775981632088    0.633441671397620
   67   -0.284297229038691   -0.319708221309984   -0.903859357858139
   68   -0.222266270627983    0.263500322069231    0.938704045591868
   69   -0.156447828926309   -0.825786042365097    0.541850061418502
   70   -0.439147615946298    0.344134325574109   -0.829892123935597
   71   -0.263148204950044    0.188152604699023   -0.946230214893047
   72   -0.570076124111666    0.821579234660238    0.004557838623408
   73   -0.282994569388295   -0.552476881071155   -0.784017454894100
   74   -0.208045217912952    0.438176632593083   -0.874481804243484
   75    0.493310508517688   -0.838769206827619    0.230458152087938
   76   -0.363130024288464    0.444511224896913    0.818868949466827
   77    0.167761418782110   -0.131993189971591   -0.976951331525443
   78   -0.485126616562148   -0.588159382951624   -0.647086320477359
   79   -0.133335624732518    0.647313080510706   -0.750471443145526
   80   -0.100237825954703   -0.701102070199968   -0.705980357665278
   81   -0.506964426505038    0.825086411847984    0.249438335550564
   82   -0.521594235106208   -0.696251404288995    0.493126186619177
   83   -0.333476454533930   -0.687266408441526    0.645335833577654
   84   -0.277957265276789    0.904927648853358    0.322251003133556
   85   -0.028959473262623    0.280586728459469   -0.959391701402907
   86   -0.137126359733882   -0.866266307346202   -0.480394677554727
   87   -0.061053376197023   -0.236216741338920   -0.969780457818246
   88    0.023339648053203    0.331170131667990    0.943282356836891
   89   -0.424988255243994    0.816164246577264   -0.391485511243562
   90   -0.613029211453381   -0.789573475944221    0.027729262345157
   91    0.049151264178742    0.501746395727575   -0.863617222850505
   92   -0.321002419340726   -0.259677856578603    0.910782552303317
   93   -0.109420087172593   -0.424376317341070    0.898850368973153
   94   -0.126133606966755    0.502788608250040    0.855157253730297
   95   -0.182750158197059   -0.955013709095471   -0.233561972758113
   96   -0.410012808651296   -0.905928023615337   -0.105754020114061
   97   -0.405582573884223    0.769213780467141    0.493774174801496
   98    0.151566286711887   -0.387223947727021   -0.909442287910053
   99   -0.358536186011749   -0.845178081516530    0.396390986078375
  100   -0.091045829839127   -0.184038043890603    0.978693340771166
  101   -0.407655876961572   -0.900841108234552    0.149338486979866
  102   -0.069993673261642   -0.481305843579100   -0.873753724249547
  103    0.129344561199719   -0.615279681377555   -0.777625165598431
  104    0.035102209023810   -0.910854249332449    0.411232746014552
  105   -0.589384196083917   -0.762256709517199    0.267564904654043
  106    0.111827842647645   -0.564508871374671    0.817816769055311
  107    0.051607727728408   -0.935773552202653   -0.348804388499827
  108    0.154847886561247    0.110294807875957   -0.981762286596466
  109   -0.174535438382206   -0.944952544467743    0.276770788654927
  110   -0.048928382401895    0.829074642550453   -0.556993043471257
  111    0.149224822594706    0.976752228121919    0.153905936144276
  112    0.508837522473889   -0.728046742029461   -0.459382539005263
  113    0.057091524229250   -0.756884253545170    0.651050523843236
  114   -0.157822450306533    0.979588083552834   -0.124496027007000
  115   -0.274787094342645    0.658020193128849    0.701071664109596
  116   -0.199343292365194   -0.979567770891437    0.026631447947605
  117   -0.126711232442813   -0.634952790600326    0.762088720085583
  118   -0.159443069461076    0.819573005293872    0.550343525985726
  119   -0.013703113802584    0.680564199165751    0.732560301603898
  120    0.271606195002450   -0.917418184743814    0.290816005642151
  121   -0.037758527967398    0.932504177927587    0.359179971202919
  122    0.405609306759795    0.881829310710171    0.240537225897082
  123    0.308735370704371   -0.660094343309152    0.684805029776574
  124   -0.202249051796172    0.908170771551319   -0.366498527619731
  125    0.358640608592315   -0.492604284018702   -0.792917355866900
  126    0.205275045691600    0.903328433224732    0.376642930829802
  127    0.089537629635019   -0.802366124319893   -0.590077635081365
  128    0.089163833237937    0.992784857691468   -0.080175040884613
  129    0.239127568561870   -0.952769864081483   -0.187210021237756
  130    0.277188335308748   -0.853238386917818   -0.441758850345577
  131    0.552337566416260   -0.552116810189030   -0.624572045989935
  132    0.021528777720437   -0.996104028676612   -0.085517692813171
  133    0.127547225245148   -0.340437331740907    0.931576152812745
  134    0.166349509861237    0.138323217478150    0.976316817470343
  135    0.236364754336397    0.324519607824586   -0.915870475037203
  136    0.032840380106792    0.946242727865051   -0.321785968303386
  137    0.362094680078384   -0.252966988638073   -0.897159487113812
  138    0.271166360296478   -0.961051743210429    0.053369953304789
  139    0.099331598975724    0.814308860290445    0.571869140186287
  140    0.106500457732145    0.698685463328876   -0.707457614161978
  141    0.338960208689178   -0.437541684832237    0.832864485351342
  142    0.192313384274159    0.850683339596242   -0.489237588460254
  143    0.378633637976662    0.047321775690681   -0.924336095658954
  144    0.246366151228573   -0.823232755445578    0.511460213399147
  145    0.044647205119765   -0.985613050535090    0.163013930968819
  146    0.488635517426441   -0.872403482958571   -0.012144712065272
  147    0.347088453993922    0.937831360549017    0.001394372578853
  148    0.337803884272932    0.700718062818325   -0.628396954329231
  149    0.298545764084963    0.525352362904509   -0.796790638460051
  150    0.566084383998829   -0.341590614793424   -0.750242842070298
  151    0.510145695845216   -0.530333631789082    0.677124514401895
  152    0.462917415060495    0.272537009319103   -0.843463719068644
  153    0.467533467703685   -0.750480552265239    0.467109620162793
  154    0.150502724207225   -0.103809730241908    0.983144175547669
  155    0.327260142555251   -0.694740745562443   -0.640496756861467
  156    0.579709872696168    0.809880090330787    0.089614188521627
  157    0.539568067473577   -0.105397721677441   -0.835318873741060
  158    0.369517945888244   -0.198159783345038    0.907848659155908
  159    0.379957085408369    0.781512254569567    0.494844631379962
  160    0.683646205187921   -0.729444955560653    0.023193165788048
  161    0.302468770796425    0.323411717764073    0.896614467597858
  162    0.642081901337897   -0.593062445025862    0.485806307363602
  163    0.152902437846948    0.520693640976493    0.839939864958857
  164    0.710158587901332   -0.571475485264898   -0.411206213196293
  165    0.272379079761232    0.671904450816915    0.688733653803010
  166    0.384598376644337    0.053845234183574    0.921512224247870
  167    0.423753236520734    0.485027006716287    0.764971893139899
  168    0.558733805593213   -0.291118677510164    0.776573531671057
  169    0.533309895998829    0.613155404298425    0.582770113346037
  170    0.679657194982409   -0.684586896392831    0.263451852519347
  171    0.579472194740784   -0.036672604310970    0.814166503619100
  172    0.709415668935701   -0.376729254117236    0.595654663173875
  173    0.527542193347905    0.235371576551644    0.816271679766777
  174    0.742580667658009   -0.129202407082039    0.657176300565376
  175    0.642017691593924    0.394739192925081    0.657262697290257
  176    0.445132581759273   -0.859166330281563   -0.252369177133097
  177    0.809955748935841   -0.468198182419007    0.353216855126309
  178    0.585249578453696    0.731693527955381    0.349438853117365
  179    0.724029085415898    0.533119277017411    0.437682213420024
  180    0.429120763887631    0.810979991525220   -0.397701927762804
  181    0.522390199778091    0.469150517982103   -0.712043728048307
  182    0.643661708108386   -0.731622921444378   -0.224560696321036
  183    0.276261355313135    0.929906723535626   -0.242802695791842
  184    0.739149138632328   -0.371802545239545   -0.561623911717160
  185    0.515118888386290    0.842534808102279   -0.157440871325486
  186    0.808078307287323   -0.567822055252541   -0.156804218248216
  187    0.627931228867354    0.106913645617822   -0.770890293228447
  188    0.834423698720276   -0.541137956488856    0.104435640760418
  189    0.724949593489029   -0.139470433768659   -0.674533976167601
  190    0.549383540076966    0.637696422221151   -0.539926845951231
  191    0.858437918399502   -0.238329051384382    0.454184547865898
  192    0.650647272046500    0.690682173014358   -0.315620441762906
  193    0.747912447864790    0.637048825013662    0.186536229396894
  194    0.695313229276330    0.306382703808838   -0.650130103902371
  195    0.925165727195278   -0.372791791372283   -0.071376869563438
  196    0.865733420358847    0.427181370893801    0.260809741449710
  197    0.726221954696732    0.488083504592869   -0.484124121544052
  198    0.862377517413024   -0.383202437656976   -0.330848770942708
  199    0.957609450429851   -0.167513908894114   -0.234357058298772
  200    0.717389056450462    0.138556184883394    0.682755538473087
  201    0.862092313871973    0.506743319441881   -0.002837351562709
  202    0.866702196299515   -0.162886062981720   -0.471482166593725
  203    0.806686077430544    0.080326018264522   -0.585495775620533
  204    0.927389855081962   -0.318789683838882    0.195757998991008
  205    0.854659478883936    0.287758787074671   -0.432148187101546
  206    0.718549821140781    0.691247388498189   -0.076571551068171
  207    0.821528770822242    0.510755880210178   -0.253414501443826
  208    0.988928630074488    0.070307800413233   -0.130678911152678
  209    0.810332861753388    0.300751157340755    0.502900978842516
  210    0.933473598001159    0.300851302636775   -0.195232004385875
  211    0.928732302456820    0.061078971350527   -0.365685205651002
  212    0.928160694715895    0.191571957612721    0.319089187909803
  213    0.862124975670979    0.032751787365585    0.505636081335849
  214    0.951538554387670   -0.084508764036680    0.295690122112350
  215    0.953316309155324    0.296631893397362    0.056546746307525
  216    0.987911169891811   -0.153780984286671    0.019568578763319
  217    0.990911785701450    0.070208193583585    0.114737276033965
   
 U =    21780.0786173888     


 http://math-lab.ru/  - см. Задача Томсона
