    220
    1   -0.046151163928553    0.050221553023293    0.997671221234715
    2   -0.997015624235181    0.029289801936958   -0.071427953445591
    3   -0.920037679768043   -0.051406688345201    0.388443072020105
    4   -0.975612206446573   -0.219421354708430   -0.005923827341081
    5   -0.826986127232521    0.180801779401176   -0.532357644756159
    6   -0.817866353067388   -0.484974970480842    0.309667412763043
    7   -0.936024658707739   -0.261641417446308    0.235375459569912
    8   -0.954549098356199   -0.164418367804731   -0.248601325732176
    9   -0.986338466021562   -0.011836988361074    0.164305557279026
   10   -0.963912271772434    0.235880506879196    0.123424141888529
   11   -0.866426434796469   -0.072045187813526   -0.494079673735719
   12   -0.896463931407903   -0.404101230254450   -0.181809283018018
   13   -0.947286430377600    0.074389040503274   -0.311632298511350
   14   -0.489951522951660   -0.157741380091238    0.857359412477790
   15   -0.829364459365691    0.512219206570707   -0.223127940789877
   16   -0.661316298904631    0.659859909844478   -0.356715085443718
   17   -0.887400589137786    0.310726880251522   -0.340542215132085
   18   -0.776328299281076   -0.620731156853278   -0.109577382004425
   19   -0.718932363899960    0.043074135932566   -0.693744099038600
   20   -0.683345972658556   -0.468732879553935    0.559756884081302
   21   -0.955418560715913    0.272053973835205   -0.114725799888287
   22   -0.890327351731324   -0.450867391974004    0.063527959306499
   23   -0.852640401727205   -0.311137619987181   -0.419759129467344
   24   -0.833882584309572   -0.298326776988721    0.464371585819709
   25   -0.750856202354556    0.456025764397975   -0.477760887464574
   26   -0.494695903341453   -0.414788851440888    0.763692459002662
   27   -0.671382466498528    0.320856121398486   -0.668054588367952
   28   -0.862729588531996    0.429088831485445    0.267545195744323
   29   -0.805984731415117    0.142793599345176    0.574455046728420
   30   -0.650505462080455   -0.649514688368067    0.393666500222748
   31   -0.882507585578956    0.470018294586648    0.016222334895446
   32   -0.913510071982221    0.195277899898249    0.356883580735184
   33   -0.546341023620591   -0.314990159551556   -0.776075180182236
   34   -0.759134298194047    0.634821071499051    0.143935139858992
   35   -0.665600817839947   -0.262286428510819    0.698699778667370
   36   -0.356794546448355    0.930940453865358   -0.077765821423512
   37   -0.760864426551764   -0.548519501639747   -0.346715561705756
   38   -0.722150949568553    0.684406341221452   -0.100428910842954
   39   -0.639475354263085    0.250389795451602    0.726894917869019
   40   -0.550828227750853   -0.079719255525713   -0.830802686449244
   41   -0.569536370635459    0.574143626964044   -0.588206951794997
   42   -0.605377423500271   -0.749465283010120   -0.267992471309802
   43   -0.800223839364275   -0.095472817075982    0.592052994344827
   44   -0.776707606904526    0.372578878226941    0.507848671235633
   45   -0.572433272836116   -0.660956578213086   -0.485238652486570
   46   -0.526175758804637    0.820300092418810   -0.224158045191461
   47   -0.491821402234870   -0.617677920944853    0.613665783860376
   48   -0.345157048107682    0.015338939165428   -0.938419591167443
   49   -0.707760955979726    0.579985051222635    0.403350678131253
   50   -0.730481299850038   -0.203261175532330   -0.651983101844377
   51   -0.448560940743687    0.765054738263423   -0.462043645016165
   52   -0.702205327884627   -0.433561044922739   -0.564741089186847
   53   -0.199064877332816    0.812889121337447   -0.547343083471149
   54   -0.297911422576684   -0.567706569907666    0.767436013477351
   55   -0.543809301061976    0.172475715115108   -0.821293840092580
   56   -0.156152675392311    0.982052885135808    0.105775577352524
   57   -0.379659004507065   -0.811865885170934   -0.443545741488204
   58   -0.650410581448436    0.003375886473255    0.759575328015877
   59   -0.328893693990110   -0.685028494655636   -0.650049920824066
   60   -0.384344185901652    0.908011716409092    0.166716134874254
   61   -0.748657767099119   -0.648980049748815    0.135412122020840
   62   -0.114731512676779    0.101289023654203   -0.988219213376302
   63   -0.348719703735869    0.656575664899092   -0.668807120542749
   64   -0.465346445862069    0.117121945820205    0.877345504992662
   65   -0.291399222372622   -0.040366098092106    0.955749481467529
   66   -0.594544572099687    0.472859825571235    0.650323255887056
   67   -0.344791219365286   -0.232118134527118   -0.909527452401658
   68   -0.239214889099923    0.213378020544777    0.947230730699392
   69   -0.175524765993189   -0.894053656328499    0.412139680361742
   70   -0.473414976144793    0.430967267425224   -0.768209264959659
   71   -0.336298339650951    0.261703726156584   -0.904662692092348
   72   -0.572828960879659    0.819137659979361    0.029672808782915
   73   -0.323952368652698   -0.469393008413238   -0.821416500015112
   74   -0.242342290226441    0.504361613430208   -0.828788017086324
   75    0.485391152305894   -0.870696307259443    0.079267709617002
   76   -0.428885207577785    0.359351635123156    0.828808711980801
   77    0.115439886206945   -0.007026644789967   -0.993289614833218
   78   -0.510745416595012   -0.530813990301416   -0.676295517601200
   79   -0.088010221489467    0.671279052810387   -0.735961027617199
   80   -0.124637896352055   -0.617735362536172   -0.776446016581474
   81   -0.594655272444784    0.756960546058726    0.270916663688478
   82   -0.436238137766545   -0.781442391115490    0.446143560444037
   83   -0.248669474434381   -0.754470166887454    0.607402880929410
   84   -0.403146146312445    0.824603260557675    0.396866032044916
   85   -0.106924589390807    0.335106709438517   -0.936093278190211
   86   -0.140709569005808   -0.811944087438576   -0.566522387963387
   87   -0.119607630274409   -0.138787310745108   -0.983072783244598
   88    0.007162598483169    0.289397265317367    0.957182281495953
   89   -0.291373504888105    0.900475427360204   -0.322870694504285
   90   -0.601212487926701   -0.798373349405287   -0.033816258225435
   91    0.046829870985931    0.501038812695904   -0.864156855759254
   92   -0.306888671463646   -0.317527393244380    0.897215524757963
   93   -0.108597183680960   -0.466190417345885    0.877993819153321
   94   -0.192404015280570    0.447408298119529    0.873387949125531
   95   -0.174828972298705   -0.925742657604493   -0.335313826640581
   96   -0.401674040013440   -0.889878546766433   -0.216273293737677
   97   -0.516847805757937    0.666321718215171    0.537479035421837
   98    0.106971439070644   -0.257468573544641   -0.960347356356045
   99   -0.353400498582521   -0.900992100794909    0.251637282426116
  100   -0.105995837646804   -0.194929648678092    0.975072979047101
  101   -0.387370047341691   -0.921755950856373    0.017618555087183
  102   -0.121118873479795   -0.377417258643341   -0.918088465979794
  103    0.079047462111986   -0.501116915701725   -0.861761762630047
  104    0.051480730917792   -0.948955543544601    0.311180190115213
  105   -0.567354470094782   -0.796408455603287    0.209385952506505
  106    0.148856347327892   -0.545281165560315    0.824930444549952
  107    0.052254059218815   -0.896726262586194   -0.439490071882577
  108    0.117988270408238    0.245490268142343   -0.962191922795797
  109   -0.144888572669036   -0.977709055225836    0.151961524207058
  110    0.061688393532652    0.798252237831221   -0.599155995464293
  111    0.083456726154565    0.995226535318598    0.050587728327149
  112    0.437768235020560   -0.664353032993516   -0.605800313601190
  113    0.010538245080817   -0.834012808572032    0.551644433062102
  114   -0.123636007485003    0.981989643549116   -0.142865242853004
  115   -0.365132263322112    0.577829874454785    0.729925384178985
  116   -0.168154369708233   -0.981146862931285   -0.095262486363343
  117   -0.052960466053958   -0.672645336429453    0.738067368480043
  118   -0.267487269623102    0.763517030737283    0.587785934132232
  119   -0.114649019411878    0.657884116384121    0.744341381193723
  120    0.275659321355755   -0.940330271957257    0.199476610635120
  121   -0.186175141792849    0.916426247331342    0.354262261298895
  122    0.282591779766621    0.929006176834973    0.238933901761135
  123    0.199058307230244   -0.720374083317960    0.664407232355608
  124   -0.042678218313013    0.920900925995684   -0.387453292903698
  125    0.309388767098004   -0.372918024152668   -0.874763246859198
  126    0.040845268815377    0.955010552415139    0.293745653229339
  127    0.065903113725742   -0.731587886431896   -0.678554304405597
  128    0.112786318260078    0.974361933152055   -0.194674265473190
  129    0.280524946152897   -0.909493609422968   -0.306801448830829
  130    0.252364339569717   -0.803955485204759   -0.538486599575812
  131    0.498110432816214   -0.462368140975102   -0.733554155417903
  132    0.058005777297984   -0.977729764558807   -0.201692432420843
  133    0.085732549448053   -0.337673864332007    0.937350676807899
  134    0.209840575722031    0.117256408321311    0.970679075435457
  135    0.282211876474508    0.406714849638748   -0.868872538327727
  136    0.209300303649194    0.877421801110473   -0.431653061877718
  137    0.331023654444642   -0.121164315985807   -0.935811171513680
  138    0.288918101577464   -0.955295561360300   -0.062743294671093
  139   -0.038162576423273    0.840640623953751    0.540247127821505
  140    0.195581658079645    0.639639669186868   -0.743376693625332
  141    0.319864805164665   -0.337872492773378    0.885171556843121
  142    0.347050309492762    0.735521408989933   -0.581862818539252
  143    0.332484463827259    0.138021464857370   -0.932954530806366
  144    0.244193184708255   -0.859877466592541    0.448308410570708
  145    0.072656101850715   -0.996187096061803    0.048294518361924
  146    0.500819521663946   -0.849273402386848   -0.167076314056071
  147    0.322202320217503    0.946669987912576    0.001264449311161
  148    0.582654390840288    0.618196298817643   -0.527586198609005
  149    0.432477106421588    0.537586688042366   -0.723853649062329
  150    0.524067413629577   -0.232690279985892   -0.819273202034396
  151    0.389609046224150   -0.535230088305430    0.749488854935729
  152    0.496919029555722    0.289155978378206   -0.818205535445429
  153    0.462002135729744   -0.820858124511666    0.335776660898796
  154    0.154977442505179   -0.112936556634707    0.981441453419433
  155    0.263838800571313   -0.601008721533916   -0.754438601844616
  156    0.515430949013479    0.846235997897668    0.134965079413909
  157    0.532269148616095    0.022515818072409   -0.846275718290456
  158    0.393635875495251   -0.103209653828093    0.913454194188068
  159    0.198488454610029    0.861565197996632    0.467234141504607
  160    0.684337277424875   -0.727405338731417   -0.050635599253313
  161    0.256836083530821    0.342145137426877    0.903864996076125
  162    0.421232155042726   -0.705674906584666    0.569724843915714
  163    0.052662415069548    0.511996338789691    0.857371809138249
  164    0.638081546786013   -0.568934820994097   -0.518811246130598
  165    0.120141499128601    0.717782108758772    0.685824222766259
  166    0.447227934254533    0.130315830319558    0.884875674425818
  167    0.282327804422462    0.554336311886326    0.782944611179014
  168    0.537872100624834   -0.293571811797807    0.790258941542063
  169    0.357383583981194    0.726222183043246    0.587263411729914
  170    0.652320924710461   -0.732085061741149    0.196287731558413
  171    0.612269079324815   -0.044500574975442    0.789396144739508
  172    0.599153116644215   -0.481411716352631    0.639732992875885
  173    0.487063847239080    0.347849893467610    0.801105024530017
  174    0.726770713626062   -0.220253821387261    0.650609394321795
  175    0.497597675659698    0.547355615256068    0.672902952605885
  176    0.482103215598544   -0.780553568112804   -0.397885180442692
  177    0.616483740163718   -0.644448889978793    0.452364262866615
  178    0.455871061359405    0.807748074243437    0.373797570846935
  179    0.605859048970180    0.635805958611878    0.478210827747114
  180    0.485531793703772    0.785910920854110   -0.382887583743638
  181    0.637853700310317    0.412278949124390   -0.650514200543943
  182    0.679053426426953   -0.672588883886425   -0.294126906845035
  183    0.342359439108712    0.909595804623742   -0.235426180923139
  184    0.693583205755012   -0.346636515009270   -0.631494626387928
  185    0.541807296829755    0.832286212806306   -0.117236995332403
  186    0.833326952137548   -0.527728164553932   -0.164527125963114
  187    0.687459752260027    0.159201728749519   -0.708557618395107
  188    0.827926611031328   -0.556096031266618    0.072764900575051
  189    0.703479741321240   -0.107982733182511   -0.702464221782886
  190    0.764439155355676    0.502025205371931   -0.404479258961904
  191    0.774604685030789   -0.396782024777429    0.492495286009801
  192    0.680402060041510    0.682777155641303   -0.266211180128937
  193    0.676842529789891    0.690418159865719    0.255356524089860
  194    0.802256478517130    0.290953100663893   -0.521278079235412
  195    0.940459594422546   -0.339586024290942    0.014733749178406
  196    0.786442745029676    0.481822525567894    0.386464568421949
  197    0.898676671588178    0.360655981499331   -0.249614709005595
  198    0.802569275940943   -0.443095789780626   -0.399435449596446
  199    0.924850311787804   -0.302770121703701   -0.230178526777646
  200    0.666076245940909    0.186431583005232    0.722208902916205
  201    0.838612909879780    0.525601770163840    0.143077484544587
  202    0.847375378572141   -0.214744013001531   -0.485633582724383
  203    0.835383230519148    0.024077526044970   -0.549140356290581
  204    0.777325658112758   -0.549902071059350    0.305569195902017
  205    0.919697688246554    0.152499605795591   -0.361801095169893
  206    0.706480666129840    0.707655601295816    0.010422012252704
  207    0.829473340070899    0.545430115133904   -0.120332737094453
  208    0.983242283365211    0.133248962246025   -0.124415940550731
  209    0.683982001241789    0.405421149186469    0.606467075585807
  210    0.939320680108555    0.342935553006664    0.008477405523853
  211    0.949862968650239   -0.076516495584466   -0.303159309094126
  212    0.829998837643214    0.243854640703055    0.501634173196461
  213    0.800101067286367    0.014634488269933    0.599686679758934
  214    0.880902905004908   -0.169272091252681    0.441992116532475
  215    0.915015761674201    0.304658316252215    0.264441801208031
  216    0.901380052426840   -0.347092399210654    0.258922512534501
  217    0.928314852516533    0.062642234900243    0.366479856204827
  218    0.993033409752523   -0.105169186065324   -0.053142162334956
  219    0.972856368239154   -0.125570998607286    0.194376981881325
  220    0.986454909233261    0.110695963220521    0.121050054837987
   
 U =    22398.7238329074     


 http://math-lab.ru/  - см. Задача Томсона
