     68
    1   -0.264867504615658    0.036947544440694    0.963576714101413
    2   -0.972591275650556   -0.127060891464897   -0.194735051771813
    3   -0.809748764503913    0.357062110833088    0.465632459555609
    4   -0.862250294226083   -0.184939766861650    0.471510034612405
    5   -0.484282839718494   -0.019980070761395   -0.874683330083843
    6   -0.653323470501173    0.093357618214918    0.751300737397176
    7   -0.982339110369764    0.097718560685803    0.159564893179657
    8   -0.786681785782427   -0.505682865967641   -0.354142071752178
    9   -0.850364094784985    0.523865372126569    0.049456831552424
   10   -0.555543984699860    0.708733028298855    0.434819934757062
   11   -0.517656282981847   -0.441921812040528   -0.732623426278627
   12   -0.895585478384907   -0.433880906724705    0.098356543685841
   13   -0.901654768137500    0.291853581487797   -0.319124060621660
   14    0.185705803499069    0.001363369234204    0.982604445222540
   15   -0.309214994896104    0.675507920817200   -0.669384146693530
   16   -0.215822327813382    0.327788978976605   -0.919769051489931
   17   -0.644198110293607    0.672655366423804   -0.364065313804273
   18   -0.619309512834422   -0.785086984107144   -0.009703334392926
   19   -0.801895116162130   -0.091277247237699   -0.590451256931537
   20   -0.532924908567332   -0.320439243971389    0.783140940541066
   21   -0.541904071916305    0.839627361456160    0.036957688438197
   22   -0.667780941656792   -0.609147593699084    0.427794136297570
   23   -0.453523966276093   -0.775975264733414   -0.438381569565953
   24   -0.413543594853190    0.462755730253375    0.784116591632626
   25   -0.639090248156810    0.352467603237147   -0.683615566952017
   26   -0.298996901876834   -0.669272869963951    0.680201939278528
   27   -0.109755904101617   -0.177038043649709   -0.978065014513616
   28   -0.144308876584026    0.970664019323599    0.192318251160965
   29    0.002572113947126    0.409968023656962    0.912096268936919
   30   -0.312480840676477   -0.896539353325924    0.313963233752068
   31   -0.249067399267994    0.930829456946810   -0.267435885217344
   32   -0.156268752928157    0.791102791404450    0.591385196204949
   33    0.268379283114080   -0.940252325741503   -0.209518792314360
   34    0.203648594648420    0.971455489305030   -0.121661342244971
   35   -0.077307821237291   -0.373825268800061    0.924271696625027
   36    0.175059382285896    0.547260246949058   -0.818450019721996
   37   -0.194686678087128   -0.975800443881366   -0.099551951745450
   38    0.078694775954237    0.841258816410987   -0.534874504952608
   39    0.243778978533894    0.695970261048608    0.675423722829532
   40   -0.108874780064795   -0.579196312657960   -0.807884839360948
   41    0.189393246032310    0.138749749931766   -0.972048715472232
   42    0.126560430914697   -0.962125724033344    0.241446781879569
   43    0.468057616592266    0.351845887400947    0.810633418425991
   44    0.287295627886708    0.908706001487869    0.302844225728526
   45    0.535667392477622   -0.836718683137083    0.113852052794720
   46    0.619244063866231    0.785137822903763    0.009766699154495
   47    0.106408154267095   -0.766975691282880    0.632791903935740
   48    0.289385092111126   -0.363421486225978   -0.885540000120342
   49    0.631745861384753    0.626615663258758    0.456344143363343
   50   -0.036371678230626   -0.861706197099341   -0.506102292924344
   51    0.576196517184351    0.413559169359659   -0.704958429287269
   52    0.361506042230731   -0.700849890542539   -0.614916915003307
   53    0.488859284372240    0.758862253473412   -0.430284417956677
   54    0.347764037787655   -0.430882998125889    0.832706440438449
   55    0.553901870802719   -0.013790467649389   -0.832467741431017
   56    0.813645142423256    0.492651100145490   -0.308668877175005
   57    0.517198340648139   -0.690234404777238    0.506045791300178
   58    0.590043526082429   -0.062664804978700    0.804935872939699
   59    0.670555865095312   -0.685462404989449   -0.283718387018462
   60    0.885288621479704    0.438928728477984    0.153641231429801
   61    0.842649557407033   -0.520220075312762    0.138970488389856
   62    0.692027366040217   -0.378119452614341   -0.614917721492942
   63    0.847412658977981    0.069287201281077   -0.526394404550907
   64    0.821401392224620    0.204778912245257    0.532320720948475
   65    0.768650585793255   -0.337225571919825    0.543557899954580
   66    0.985405193784533    0.120902666220496   -0.119829668126226
   67    0.924162735965278   -0.302717827683524   -0.232991747183757
   68    0.965956321491844   -0.089823015814444    0.242611233870042
   
 U =    2002.88294781313     


 http://math-lab.ru/  - см. Задача Томсона
