     77
    1   -0.365456909799402   -0.090645762562544    0.926404119598638
    2   -0.923140092705941    0.156137069912042   -0.351331160926765
    3   -0.884219567217653    0.075042849314844    0.461003609222462
    4   -0.686591985742609   -0.572414325271508    0.448255825771384
    5   -0.267824268266573    0.257608767209570   -0.928389941987870
    6   -0.696421342417066   -0.217440495708931    0.683898343799623
    7   -0.923642779570855   -0.276058741019847    0.265848805250581
    8   -0.966174622475150   -0.214341312818078   -0.143402930599146
    9   -0.985867182482472    0.154400724455496    0.065010112995515
   10   -0.815505111247529    0.461321138845393    0.349477067035228
   11   -0.796590117527699   -0.166883002986746   -0.581028612007475
   12   -0.789827425143270   -0.612093550086249    0.038911751879928
   13   -0.734883075438674    0.495112801345282   -0.463476190734565
   14    0.340833529453015   -0.209791149332089    0.916417033267345
   15   -0.180260762766496    0.846264463427787   -0.501340717821843
   16   -0.001553335036720    0.575821733227830   -0.817573800150642
   17   -0.538578098376355    0.797060808293145   -0.273180709114659
   18   -0.476756291259381   -0.868515613141699    0.135587862560399
   19   -0.644589398145746    0.196083107458207   -0.738955968084458
   20   -0.388793552622867   -0.492671647497028    0.778533378341259
   21   -0.843051158072719    0.533660690773045   -0.066865626415102
   22   -0.338144358999665   -0.792827080456259    0.507034133931741
   23   -0.781547548809165   -0.510722857817604   -0.358253529575084
   24   -0.631069981962155    0.226402674450699    0.741951822470877
   25   -0.413923804125836    0.582563505820142   -0.699490418851139
   26    0.027913328261439   -0.735985472151971    0.676421636914882
   27   -0.096564684003505   -0.113209149077727   -0.988867509006338
   28   -0.593773518306886    0.785114637256072    0.176147708823389
   29   -0.274875514411103    0.328065029325004    0.903779169991882
   30   -0.030480509218965   -0.957623742943385    0.286404793096860
   31   -0.262773272167357    0.964403120013256   -0.029611307690780
   32   -0.527202662313583    0.612156953325470    0.589339645149339
   33    0.148644468017542   -0.909146779249120   -0.389046213075945
   34    0.133118379053100    0.973123894088785    0.187907913382471
   35   -0.024903749131864   -0.389090986544378    0.920862643106506
   36    0.264985483033665    0.787833630159865   -0.555968402852666
   37   -0.511260417202023   -0.810429987867231   -0.286034998851421
   38    0.094264932991715    0.969381021902901   -0.226747782310113
   39   -0.147989282417533    0.672234352061650    0.725396545482399
   40   -0.475964871255901   -0.169260150610022   -0.863022851809746
   41    0.177471935938705    0.187310237148555   -0.966135905043137
   42   -0.160327414890677   -0.979877561006185   -0.118891065564422
   43    0.032902433664871    0.052887649874452    0.998058278032744
   44   -0.234989772519482    0.891774401189723    0.386675864509221
   45    0.276559083912221   -0.960982686770658   -0.005229611140446
   46    0.474066346632653    0.870460571383553   -0.132512235876493
   47    0.367951549830968   -0.841108885893552    0.396418338435417
   48   -0.134361171786123   -0.504936976517988   -0.852634578973392
   49    0.200079211465958    0.799894923099011    0.565805992491763
   50   -0.515436457033480   -0.535288145506769   -0.669172518892323
   51    0.411118975134604    0.463117398294956   -0.785177345369047
   52   -0.200065947726554   -0.802514196450774   -0.562089477801572
   53    0.642341996726640    0.630911664054468   -0.435140473182230
   54    0.391617018981426   -0.566433219706749    0.725113451852017
   55    0.261016113348768   -0.296448059623371   -0.918688813754604
   56    0.795405094376795    0.604718990707436   -0.040566958441848
   57    0.698517491258017   -0.569476154070737    0.433324617753721
   58    0.478638051763119    0.165695071576553    0.862235906617004
   59    0.527619975254873   -0.760127807724941   -0.379239868203913
   60    0.511966992796566    0.543186667191338    0.665460774856346
   61    0.632532073448232   -0.773737863023107    0.035112610038487
   62    0.234406715034837   -0.663995092824824   -0.710045075084061
   63    0.536495840053411   -0.010249150058857   -0.843840724620740
   64    0.161766205021997    0.442231949729718    0.882191927842821
   65    0.688736647763137   -0.228065711569392    0.688206263582615
   66    0.514694560134125    0.811283823330529    0.277323038658057
   67    0.592851422369515   -0.429200705804104   -0.681405859331795
   68    0.791003585714801    0.170919793615311    0.587451914233689
   69    0.924798785825884   -0.155693577958303    0.347140771903148
   70    0.841949071922471   -0.115252679604848   -0.527103955717268
   71    0.732845075000810    0.270981708939334   -0.624104966706222
   72    0.781536481319585    0.510731929050233    0.358264741518378
   73    0.815579654326291   -0.482963559721143   -0.318709942471976
   74    0.921973744261773    0.279876795601446   -0.267644155878272
   75    0.885239046380525   -0.457780477376961    0.082394570790930
   76    0.966182992764419    0.208946959108121    0.151101266613685
   77    0.985756526301010   -0.111454841055642   -0.125943992553151
   
 U =    2591.85015241150     


 http://math-lab.ru/  - см. Задача Томсона
