    143
    1   -0.244228518995120    0.101885226560539    0.964350471103819
    2   -0.985849155748371   -0.116169349544798   -0.120855799763859
    3   -0.892739572315966   -0.064704662591237    0.445902862359124
    4   -0.909448076391306   -0.413802791171460   -0.040883326269551
    5   -0.847943056549160    0.322051276752605   -0.421041028870210
    6   -0.807094238304900   -0.543986716334822    0.229515452521809
    7   -0.949045728302834   -0.243218652948033    0.200391847260031
    8   -0.889557644173087   -0.284156612371212   -0.357690113560529
    9   -0.990712528806146    0.055597782418765    0.124086952805876
   10   -0.916051459086014    0.384674722963727    0.113468417716848
   11   -0.763050483259817   -0.192999237241015   -0.616851079614315
   12   -0.785057416873985   -0.552143383695388   -0.280753514764382
   13   -0.912656469429032    0.020259098673190   -0.408225106687822
   14   -0.465518287782999   -0.114207382683660    0.877638534637201
   15   -0.654525092266532    0.751695464020808   -0.080937216186556
   16   -0.497037498812544    0.802420634532532   -0.330264818063593
   17   -0.847804425334512    0.510451438345679   -0.143760166506741
   18   -0.474753949990277   -0.874817136833816   -0.096455503059770
   19   -0.745094147285270    0.126508988144356   -0.654851271358564
   20   -0.618269038254888   -0.619283195389430    0.483974916957101
   21   -0.966137283674896    0.207897554331749   -0.152831135558727
   22   -0.717028853754009   -0.696377391299550   -0.030465583385934
   23   -0.675675197693123   -0.487124394485735   -0.553328881877013
   24   -0.807262356383602   -0.355525979252458    0.471093160683294
   25   -0.702624792750434    0.593109237270810   -0.393115546978810
   26   -0.367167281705002   -0.631515934498809    0.682917133859926
   27   -0.633706346493784    0.427683194050750   -0.644595494818300
   28   -0.748379772089541    0.639591685993970    0.175642227082776
   29   -0.755918604851308    0.200665194985772    0.623153706850063
   30   -0.581948005782068   -0.781575059783703    0.224670746850530
   31   -0.493736252442577    0.851650199947706    0.175830742343293
   32   -0.906561699459166    0.219343580197427    0.360602660694404
   33   -0.215162360206491   -0.544442573339158   -0.810732658208739
   34   -0.290641761325597    0.857847194830973    0.423822553545922
   35   -0.605108484582013   -0.387389526130260    0.695537976627756
   36    0.261120518569824    0.947597820744327   -0.184050115192653
   37   -0.567686938703771   -0.742264937577935   -0.356053790974853
   38   -0.359056171502096    0.928380509403370   -0.095855596947688
   39   -0.575065054765227    0.461293492505294    0.675654124948657
   40   -0.569454265495309   -0.088646976447485   -0.817229192501049
   41   -0.442873848957500    0.671159387674753   -0.594481143725871
   42   -0.181048834122630   -0.973918906336008   -0.136759948611100
   43   -0.713530861411010   -0.100110482516419    0.693434640830981
   44   -0.767487723244119    0.474414437774002    0.431153726530498
   45   -0.294558577688793   -0.869333999097001   -0.396854686659954
   46   -0.053559694159761    0.986564088796206   -0.154345903279690
   47   -0.356193658046676   -0.817859529258316    0.451920201328390
   48   -0.267200842780349   -0.269390195252942   -0.925220315556815
   49   -0.562101596291792    0.700361942905324    0.439926066943184
   50   -0.503998897649936   -0.386384466633065   -0.772458513521814
   51   -0.222171481161115    0.886410957164941   -0.406097830549007
   52   -0.416582604167726   -0.665946114553435   -0.618849502234606
   53    0.073700937626452    0.894465052436378   -0.441022042264295
   54   -0.349459230303337   -0.388090831099376    0.852797603873507
   55   -0.500536937630976    0.237631994085014   -0.832462497325966
   56    0.136523990152274    0.985590759787327    0.099860173917042
   57    0.184799736143846   -0.978261793496531   -0.094089961771247
   58   -0.537332586745185    0.171122012992609    0.825827432270862
   59    0.027863863625759   -0.934235928595195   -0.355565514111983
   60    0.013113714418584    0.925282394329984    0.379052135249387
   61   -0.321419343686493   -0.932357881056382    0.165524581667493
   62   -0.323935124129727    0.022068569261704   -0.945821872027603
   63   -0.149947652990663    0.732041576187592   -0.664553107054190
   64   -0.327463342613883    0.388441755024477    0.861325003815428
   65    0.081863834493963    0.003689377600174    0.996636694635948
   66   -0.342709407145131    0.664225362882846    0.664345489604155
   67    0.037220366768615   -0.338762465617645   -0.940135435023201
   68   -0.008282431740621    0.299359766078148    0.954104361051818
   69   -0.078354027443475   -0.512198828150976    0.855285336495461
   70   -0.325985347632740    0.492863734780301   -0.806733470278241
   71   -0.164028306597163    0.272637807008735   -0.948031297386502
   72   -0.185030673399004    0.971938748641253    0.145253980293781
   73    0.082568425073931   -0.603271805333614   -0.793250013596175
   74   -0.004471234982135    0.515491787443198   -0.856882853799953
   75    0.536542492225986   -0.694985877839961   -0.478661449919405
   76   -0.090730421796234    0.565506366058651    0.819738092629479
   77   -0.030213786165807   -0.042978036859929   -0.998619054230988
   78   -0.104861764526060   -0.780335577827701   -0.616506606871970
   79    0.152070797331225    0.716669997256529   -0.680631021649301
   80    0.209051137030838   -0.807107947050963   -0.552154311685867
   81   -0.035009021463256    0.778486363877428    0.626684409948968
   82   -0.067178215435818   -0.913937659926224    0.400256219363842
   83   -0.080075645827507   -0.750000975999881    0.656571722620258
   84    0.304092820938101    0.879229037649126    0.366720405225151
   85    0.138944925089626    0.215292618124104   -0.966614399009815
   86    0.377231351246715   -0.877129389853010   -0.297221367153615
   87    0.271940638985272   -0.078283429162834   -0.959124597529846
   88    0.297799371031114    0.219075500871866    0.929150934741613
   89    0.375953712627863    0.817959517776165   -0.435432007597868
   90   -0.026045011506582   -0.992833164860623    0.116636032719142
   91    0.297150730632070    0.437318130239604   -0.848795791841927
   92   -0.150441878940947   -0.192494943203750    0.969697343453978
   93    0.137376593725973   -0.309056296966762    0.941069538770351
   94    0.200797961449494    0.521165877476493    0.829497623162287
   95    0.657720086068717   -0.727374452401102   -0.195782262669415
   96    0.473100102884313   -0.880947028942759    0.010422324490177
   97    0.264378631644561    0.733306797387899    0.626390517197102
   98    0.451992388131109    0.158106011169597   -0.877898268766704
   99    0.204337004189724   -0.830307010223865    0.518494607003655
  100    0.377503082359832   -0.088082372545713    0.921809589045126
  101    0.714835106568504   -0.691265654480953    0.105653042323517
  102    0.336670082001414   -0.358614371066659   -0.870660087950301
  103    0.559340362593198   -0.143189149954865   -0.816477327370034
  104    0.192733819134433   -0.613379682230036    0.765910595558800
  105    0.247002813490740   -0.940893176599416    0.231753404195751
  106    0.584146139032320    0.135074604268359    0.800330019139217
  107    0.368213357568092   -0.604031024199782   -0.706799437685540
  108    0.600660994074456    0.375084878916147   -0.706057861514158
  109    0.497471933618709   -0.805590722523258    0.321784497833749
  110    0.432570252583188    0.618631713919665   -0.655879393724895
  111    0.439208777795019    0.895892370394601    0.066876828397805
  112    0.762955184137896   -0.502061314653150   -0.407226992383684
  113    0.400330892472163   -0.392299222743741    0.828152459615437
  114    0.568994549071552    0.798911719915133   -0.194898093651799
  115    0.473045475238199    0.423160033600366    0.772763588893785
  116    0.704190313615379   -0.588795644007854    0.396781667680917
  117    0.637103724910250   -0.157187992305149    0.754579869053343
  118    0.539533150449045    0.620911700954098    0.568658631504716
  119    0.723018723338019    0.341421799639118    0.600562303540479
  120    0.444318823511525   -0.667178698654006    0.597874039523110
  121    0.568829082921306    0.760575111749947    0.312983983311385
  122    0.717584270541841    0.693620606088242    0.062954503260002
  123    0.629321525872372   -0.435541735522073    0.643628630261341
  124    0.646831420618708    0.617132668589733   -0.448058458975721
  125    0.712569166383191    0.092915179086193   -0.695422139865668
  126    0.772392940319203    0.527571416755021    0.353663040150022
  127    0.608307468077970   -0.421452961680041   -0.672561837582011
  128    0.802083913424196    0.563233458735476   -0.198568544303975
  129    0.861072199636830   -0.499317331236455   -0.096108635093291
  130    0.788426077452765   -0.202266560951470   -0.580923883751831
  131    0.914867764289775   -0.265953021406794   -0.303786050153767
  132    0.879607130391409   -0.422254503713192    0.219071746828560
  133    0.827699298073532   -0.271384017593938    0.491186916522779
  134    0.813183405837344    0.034388951193340    0.580990661290351
  135    0.804623181001877    0.352810743695117   -0.477604559994687
  136    0.897322705754705    0.432547322666451    0.087833794129253
  137    0.890523158706150    0.058595631825382   -0.451148596073406
  138    0.974734233145571   -0.221903167976831    0.025537399553643
  139    0.900799689014940    0.239069005312234    0.362499559957811
  140    0.934439280114896    0.294519764690197   -0.200203246689923
  141    0.949940542943642   -0.080530557506375    0.301873805057097
  142    0.986953351266465    0.134314764558210    0.088784156500844
  143    0.984308213165901   -0.003676474064065   -0.176419457636077
   
 U =    9280.83985129858     


 http://math-lab.ru/  - см. Задача Томсона
