     76
    1   -0.239999264914811    0.024072604779139    0.970474555328216
    2   -0.942954004873467    0.090900686937758   -0.320273023852046
    3   -0.845849985999974    0.044529257163071    0.531558977386658
    4   -0.749152842680872   -0.416569286470072    0.515014609378204
    5   -0.324001631925403    0.216033366716864   -0.921060544684579
    6   -0.573669858403620   -0.141266702985622    0.806812625202867
    7   -0.947924292265744   -0.228944709733565    0.221413314905633
    8   -0.941182577324064   -0.288307866882098   -0.176221253075576
    9   -0.983078261961364    0.150882011369147    0.103883345653790
   10   -0.801951956959066    0.439537159541338    0.404574027974926
   11   -0.779434410597663   -0.260756545756072   -0.569638502404494
   12   -0.783012726666210   -0.612461687809769    0.108543773860851
   13   -0.780989226310430    0.446719419893850   -0.436460294043728
   14    0.255421781438564   -0.174507644893625    0.950950469499033
   15   -0.237702121620604    0.836223234599084   -0.494194701806594
   16   -0.071492627366246    0.541532346469362   -0.837634479925258
   17   -0.583296123045051    0.768152715981630   -0.264020904041059
   18   -0.479537568274730   -0.877497395262174   -0.006483974187119
   19   -0.696320106977512    0.140034720689332   -0.703937913185735
   20   -0.417392714367974   -0.517739562519459    0.746812605273033
   21   -0.863601129017367    0.502985614697732   -0.034620245046421
   22   -0.498432470508981   -0.763732080666292    0.410217480494737
   23   -0.720862602412883   -0.614443653346899   -0.320649505385930
   24   -0.569265052213987    0.279431365759610    0.773211104522901
   25   -0.473100646361485    0.549125482783396   -0.688939026743476
   26   -0.091622703517727   -0.749100812348557    0.656089363683664
   27   -0.085195649834185   -0.146397614260275   -0.985550323315979
   28   -0.619629048989534    0.765178705830698    0.174818162075866
   29   -0.190960605128361    0.463301647014701    0.865381783470438
   30   -0.147885285058501   -0.949774419985360    0.275787043939050
   31   -0.267895862275760    0.960979349735851   -0.068923844616992
   32   -0.477780436788466    0.645592227446335    0.595765499238670
   33    0.348981026653300   -0.878467764756501   -0.326353534253461
   34    0.108361891643945    0.972483891170279    0.206234773628645
   35   -0.093683533802910   -0.368086357663254    0.925059905517690
   36    0.158896883324526    0.782564251172223   -0.601950972469528
   37   -0.382513981237310   -0.824704434575515   -0.416588105626483
   38    0.117861620654439    0.966050730179363   -0.229901337744323
   39   -0.017888333986459    0.768825666054685    0.639208184180051
   40   -0.471196764845296   -0.187515613730442   -0.861865130636239
   41    0.136785859210325    0.192734682140347   -0.971670196630705
   42   -0.084030446525035   -0.981680661727347   -0.171002814150414
   43    0.123403793034572    0.210461233173491    0.969782229779332
   44   -0.268597878550249    0.899484215016854    0.344649570685675
   45    0.233811631701265   -0.969505418183280    0.073425915005915
   46    0.467242763928793    0.884125272921032   -0.002588694360708
   47    0.262825455885758   -0.850129163503855    0.456292872066482
   48   -0.061126806923266   -0.529498415430227   -0.846105750797289
   49    0.376919592979306    0.799264185101925    0.468090143927075
   50   -0.454798936319236   -0.552340204271378   -0.698625955907984
   51    0.388050219893736    0.484545202733231   -0.783985314498068
   52   -0.000083713820108   -0.821748396636489   -0.569850476543940
   53    0.511974005970600    0.759250330210163   -0.401773012142645
   54    0.286863122354476   -0.565828103760384    0.773012358263417
   55    0.305973783615724   -0.270317973359405   -0.912857183254173
   56    0.802153363322290    0.577968422065465   -0.150008282457654
   57    0.612774156627142   -0.644977075885742    0.456631585144714
   58    0.534129426010149    0.136579383177673    0.834297206252589
   59    0.685930110662153   -0.634281111045493   -0.356633362794204
   60    0.665040029019578    0.454555032523195    0.592538169411452
   61    0.595444983751489   -0.801427239392604    0.056210775521587
   62    0.358820335638037   -0.632653141136976   -0.686292918324329
   63    0.523771650898162    0.080138853374749   -0.848080787363559
   64    0.295387040784265    0.532509943944959    0.793208456672300
   65    0.610669444527708   -0.283706802459628    0.739319470701505
   66    0.704302877814626    0.666099351214009    0.245497679447917
   67    0.658230837858594   -0.342781414666783   -0.670248510517564
   68    0.840754285812063    0.067890458250641    0.537143478567100
   69    0.855674837801496   -0.321351497131203    0.405652298458813
   70    0.819725215781084    0.025430812414392   -0.572192139401268
   71    0.721963374094148    0.421016139701710   -0.549103174801661
   72    0.924804115464109    0.316909357280014    0.210489446977789
   73    0.916784363712434   -0.266489149828577   -0.297472626431458
   74    0.956800158866135    0.195164488614881   -0.215509346380686
   75    0.861007236646211   -0.507336604949183    0.035722649978589
   76    0.992054877339331   -0.082150019845031    0.095281134474285
   
 U =    2522.67487189602     


 http://math-lab.ru/  - см. Задача Томсона
