    205
    1   -0.151785556245827    0.011963972465116    0.988341038446749
    2   -0.997234739847312   -0.040220907409687   -0.062491217373362
    3   -0.929508486468694    0.097711833289737    0.355621106260351
    4   -0.958471027912562   -0.284891898195446    0.013034377424025
    5   -0.812735919011525    0.092358871954049   -0.575265299422681
    6   -0.898422662087300   -0.336618221622365    0.282001583541236
    7   -0.975404327615755   -0.098862230225181    0.197009281769566
    8   -0.938339327620283   -0.242910304282540   -0.245995711983927
    9   -0.979717626825232    0.164422355995645    0.114536721346369
   10   -0.906505848441411    0.422170601200339   -0.004373811114029
   11   -0.844085058617555   -0.152783701007480   -0.513982056617793
   12   -0.862405196061204   -0.476022982152608   -0.172219041540632
   13   -0.946350320057617   -0.009973035353280   -0.322988560622026
   14   -0.615038161853539    0.032818214074413    0.787814079773131
   15   -0.859728385160298    0.438495440427400   -0.261894735483644
   16   -0.702424034798508    0.584177851787214   -0.406616173828171
   17   -0.897717734284391    0.223691435213471   -0.379558969546811
   18   -0.723899285389183   -0.683869606922973   -0.091061437173199
   19   -0.676276669110149   -0.044517377022122   -0.735301346361036
   20   -0.763253498234349   -0.375587762640241    0.525716587134101
   21   -0.968799043274495    0.207652346372320   -0.135310445999165
   22   -0.859099734544668   -0.504220350074704    0.087803671197869
   23   -0.818185075217310   -0.388821199394968   -0.423546051324651
   24   -0.879514280383320   -0.146293831350305    0.452827500832999
   25   -0.761946083857835    0.366656046633779   -0.533855325683463
   26   -0.504948809275376   -0.201924050582451    0.839198056365573
   27   -0.645445848074175    0.226867539681555   -0.729335846261958
   28   -0.778358278477388    0.617208538325401    0.114943510229756
   29   -0.829719894432268    0.295218459773937    0.473720337110421
   30   -0.756402288656396   -0.550164758678769    0.353799824792633
   31   -0.763313532092013    0.631793545856809   -0.134867961869734
   32   -0.895805975479730    0.372862738263998    0.241878136070795
   33   -0.482740956283696   -0.425162502039346   -0.765635694038585
   34   -0.604296930729219    0.796612212455669    0.015303675301388
   35   -0.715901503810702   -0.178779356249748    0.674924424376908
   36   -0.161190222315515    0.969814747738946   -0.182967394084080
   37   -0.705963469788420   -0.624273316425172   -0.334512190695365
   38   -0.587849895622621    0.769116102720157   -0.250784610279480
   39   -0.676022845870312    0.471989677645276    0.565878835138506
   40   -0.490962032327691   -0.188630972119421   -0.850514338015501
   41   -0.580120093544963    0.483434879604251   -0.655554264914360
   42   -0.532025668822988   -0.826260960066870   -0.185044625922578
   43   -0.803303868416192    0.058189778836356    0.592719870281533
   44   -0.750878166322296    0.560018393159712    0.350087672823937
   45   -0.503242108171870   -0.755005901525722   -0.420373012007270
   46   -0.379564204136507    0.858846451092316   -0.343967714159852
   47   -0.574942553135034   -0.415640400487843    0.704758198304124
   48   -0.273233679345025   -0.095863969719804   -0.957159054588703
   49   -0.592355524197859    0.758936930810079    0.270424976666092
   50   -0.687185666281306   -0.288458595192078   -0.666758951134013
   51   -0.505295283116979    0.692651056306922   -0.514695240950058
   52   -0.647494297446711   -0.518011109253676   -0.558941522400838
   53   -0.272928553402846    0.761821358349224   -0.587484657417002
   54   -0.347678826036357   -0.414942198567224    0.840798671367991
   55   -0.481762198667718    0.071384499208037   -0.873389625085886
   56    0.069487305748038    0.983768807853551    0.165440161491344
   57   -0.306228971805745   -0.901298822957999   -0.306405366404247
   58   -0.666332103370746    0.260735236041607    0.698583326958098
   59   -0.259744681129675   -0.795099323962760   -0.548041755397164
   60   -0.172498195122528    0.983004997504679    0.062813593754031
   61   -0.705306405736331   -0.690965579029922    0.158459593029715
   62   -0.035652460554514    0.000126091958049   -0.999364240983850
   63   -0.360556195452876    0.571007020270446   -0.737529804633286
   64   -0.455914944763022    0.269214820635338    0.848330680508499
   65   -0.395453631437167    0.027818024433900    0.918064585364097
   66   -0.535802808435027    0.674004927397725    0.508559444231178
   67   -0.270063816784365   -0.353405188312589   -0.895639608178203
   68   -0.216200465703262    0.252493050609594    0.943135524738387
   69   -0.149245618212181   -0.748420862229907    0.646213554812576
   70   -0.435838021070672    0.333177306420575   -0.836084984840375
   71   -0.257408280854043    0.167048627265720   -0.951754029713772
   72   -0.399740676668020    0.912270046647647   -0.089279075972446
   73   -0.247013616386527   -0.588576990883339   -0.769780097899630
   74   -0.196076057546534    0.427372100187148   -0.882557231933791
   75    0.508988468580894   -0.801659126579105    0.313485858730665
   76   -0.483716907545650    0.493296697653077    0.722963568542041
   77    0.200550648392598   -0.149628036705982   -0.968189489749203
   78   -0.441858718479027   -0.638587132769336   -0.630053447546723
   79   -0.105877192155626    0.653554666235279   -0.749437334553953
   80   -0.052040634357491   -0.734102617998162   -0.677041445277846
   81   -0.397835348161591    0.901331793079828    0.171254297863287
   82   -0.582915662007919   -0.608092713903687    0.538917973612978
   83   -0.374389763561087   -0.618031565710054    0.691280904355569
   84   -0.157056924573999    0.936852657706985    0.312474351252572
   85   -0.018959500334313    0.256576419550733   -0.966337973111685
   86   -0.069178294403401   -0.903645239005899   -0.422657835140208
   87   -0.044357843585098   -0.255733581914758   -0.965729111497384
   88   -0.011218478943334    0.415354263334673    0.909590557151903
   89   -0.143640473164716    0.896863252051838   -0.418334461391861
   90   -0.530859854246195   -0.844687878763567    0.068485053987085
   91    0.058623110426599    0.507169394190775   -0.859850298900962
   92   -0.254354097874865   -0.209855660560156    0.944068109102900
   93   -0.042905731283730   -0.341617601337882    0.938859154867843
   94   -0.259817623072125    0.481684304702730    0.836943865109362
   95   -0.095542021515517   -0.982218776357728   -0.161610635463933
   96   -0.324095541677825   -0.944912837893669   -0.045845486673062
   97   -0.362160459312347    0.831508186330576    0.421229079926713
   98    0.184861657855663   -0.391813795850444   -0.901281374952419
   99   -0.355567573295579   -0.791126982421670    0.497684436671547
  100    0.057206242399369   -0.114270312373198    0.991801261110650
  101   -0.349253055172057   -0.907167276034719    0.234669633196824
  102   -0.036776434329715   -0.504630290710448   -0.862551890366881
  103    0.165840447438281   -0.633057065488679   -0.756132063748346
  104    0.045899811127383   -0.850363386938477    0.524190153945106
  105   -0.547240921058528   -0.764496627481840    0.340693822790944
  106    0.169888319315532   -0.449505126117152    0.876973831168609
  107    0.136958224572858   -0.951407600050975   -0.275800694863329
  108    0.212986619208727    0.094219627697696   -0.972501599893051
  109   -0.152363810780193   -0.908756564742576    0.388518693503685
  110    0.018720392115120    0.810877011048634   -0.584917105128487
  111    0.301641414573258    0.916638608883852    0.262271076784538
  112    0.568383975286111   -0.702634485263583   -0.428070597864811
  113    0.074174308709750   -0.652296459107627    0.754325858872067
  114    0.080334908567000    0.992960437934665   -0.087039480479437
  115   -0.317367474357553    0.684234605077534    0.656582737691374
  116   -0.127242129106433   -0.985044908707054    0.116172149893048
  117   -0.136572206158572   -0.546764543240702    0.826072979076163
  118   -0.129331662022098    0.821082727312902    0.555964455794620
  119   -0.074823182462176    0.641552361856110    0.763421284981680
  120    0.284221550174648   -0.871849690098993    0.398868685522703
  121    0.079306513551269    0.904741155188882    0.418513941244290
  122    0.522664531946672    0.835135527203712    0.171378056492496
  123    0.360315934450314   -0.555823828214648    0.749154389541976
  124    0.090017340985396    0.937406024773568   -0.336402769073227
  125    0.384266740065751   -0.486663887986433   -0.784536380679169
  126    0.322690782542696    0.814118719111301    0.482785014322687
  127    0.141228123164654   -0.830428739440951   -0.538927384661331
  128    0.315658789489242    0.948751819327002    0.015149717551462
  129    0.339147241507731   -0.933842746469571   -0.113652423836293
  130    0.350876033768583   -0.855698570490573   -0.380349793462831
  131    0.558309439074702   -0.549829912413109   -0.621270985686508
  132    0.108785254701640   -0.994063982230442   -0.001602370635854
  133    0.266670961940175   -0.223543230416569    0.937504678491167
  134    0.048927793971526    0.170487530100328    0.984144335479999
  135    0.222440751588378    0.331936430327995   -0.916699688149781
  136    0.320846603171257    0.916936002855817   -0.237246335904823
  137    0.425224581016078   -0.242286722094102   -0.872055732161997
  138    0.318392066568967   -0.936076415668836    0.149624316120499
  139    0.113258793101215    0.759260549620395    0.640855571541196
  140    0.187606347536036    0.678245325576857   -0.710483734294692
  141    0.456551094200690   -0.334951175518768    0.824238320149426
  142    0.266791669983129    0.826999602126183   -0.494867520565603
  143    0.443523602712221    0.008018752028781   -0.896226820315634
  144    0.255055371616340   -0.744802498674618    0.616616570793955
  145    0.078088394137685   -0.960323016462456    0.267734769414523
  146    0.538667372915932   -0.840848370627433    0.053023381342939
  147    0.531893425255381    0.841322234634634   -0.096261527514813
  148    0.441439261358984    0.664417864430191   -0.603059101545495
  149    0.353040742267298    0.504802403258730   -0.787741561658115
  150    0.615138530772496   -0.318679328629053   -0.721143587272043
  151    0.597620957541369   -0.467120739887844    0.651649756751255
  152    0.452889697509624    0.256196977366375   -0.853963717424794
  153    0.485321989355062   -0.686919421115535    0.540929085502659
  154    0.275069017944368    0.047369303853304    0.960256832529493
  155    0.357032669097327   -0.711308637400448   -0.605448342599728
  156    0.703733913218997    0.707964344442091    0.059540460060009
  157    0.644553769167276   -0.069282018427619   -0.761413449168619
  158    0.486953904330794   -0.074816496274236    0.870217436588261
  159    0.544242365485767    0.736893084109141    0.400984825401879
  160    0.721771532384171   -0.687709134439849   -0.078115308664817
  161    0.248497143256190    0.316145922714110    0.915587748577250
  162    0.686275212433546   -0.584307325961638    0.433141179786511
  163    0.176908454880699    0.553256776988288    0.814008806652763
  164    0.744113456623450   -0.434431406133456   -0.507508144798494
  165    0.357702926254305    0.654493508097092    0.666098239306988
  166    0.477641152175684    0.188589015481682    0.858075237370206
  167    0.433396183963941    0.439732114843446    0.786640588134635
  168    0.662288096905703   -0.205406115544409    0.720543409097591
  169    0.576220233219904    0.568914323148101    0.586776563731833
  170    0.699961892918806   -0.685876817846033    0.199063656157826
  171    0.674562836096554    0.059062259556155    0.735850956140912
  172    0.781822067963503   -0.331825212696035    0.527869569367758
  173    0.643976227985683    0.323034792648859    0.693500642052796
  174    0.827634976999739   -0.073190199274858    0.556474203873592
  175    0.813704597383459    0.186356118066926    0.550596245406786
  176    0.546677012082498   -0.811374803127764   -0.206918276887120
  177    0.845768382082657   -0.438262624581933    0.304305300255910
  178    0.731605579276112    0.614718363768173    0.294744990828080
  179    0.755303058878791    0.446121934807920    0.480096353382923
  180    0.495925155344800    0.784152892253727   -0.373044879158460
  181    0.579205609131897    0.437678784780097   -0.687719524009291
  182    0.752800993392400   -0.583153039386050   -0.305324740239351
  183    0.684540358108604    0.689464940303421   -0.236733170918111
  184    0.796462243725978   -0.179894031585381   -0.577309303336556
  185    0.828990914082523    0.552275859749930   -0.088121728910067
  186    0.888402264714031   -0.433468507657146   -0.151150484354061
  187    0.653808739830687    0.180291705673974   -0.734866676742236
  188    0.846169148130861   -0.528185559599380    0.070836342241704
  189    0.817539199656220    0.073732653395248   -0.571133218127578
  190    0.654519802599959    0.583543317544473   -0.480708877132199
  191    0.921858989068684   -0.191536685312047    0.336882327308717
  192    0.823622669563313    0.461550955166011   -0.329570044097981
  193    0.872276853542337    0.468761100883495    0.139269957538494
  194    0.767640063435739    0.334250210832353   -0.546813980771251
  195    0.951132751871886   -0.294180620531165    0.093830969410487
  196    0.891099795111591    0.312342550186393    0.329216169856740
  197    0.937489700936073    0.327974252287627   -0.116387071769866
  198    0.885746812314552   -0.296154306548901   -0.357414620835731
  199    0.974743781074542   -0.178410321757238   -0.134329141838186
  200    0.936786578557677    0.061251446086447    0.344498427553044
  201    0.971445371413384    0.211909251040568    0.106716257819220
  202    0.929283440257661   -0.044382078013334   -0.366691312706076
  203    0.909964054351202    0.213243054974529   -0.355658290067661
  204    0.993171785993029   -0.043198409477451    0.108368357586680
  205    0.988174618363827    0.076427001664997   -0.132927939267869
   
 U =    19392.5050379139     


 http://math-lab.ru/  - см. Задача Томсона
