    109
    1   -0.017105790399937    0.000536789273663    0.999853541170940
    2   -0.982662574885445    0.108662193154058   -0.150222474012573
    3   -0.852913251427594    0.022728351085296    0.521557674275965
    4   -0.877993124864222   -0.464274730150291    0.116520588888970
    5   -0.606844568381025    0.505680781584452   -0.613210092026041
    6   -0.847793201349520   -0.307977479503266    0.431736678849908
    7   -0.980401295838720   -0.132187055431547    0.146081763044180
    8   -0.952820741350182   -0.223596193126011   -0.205273907919262
    9   -0.955755253890759    0.188099270571380    0.226164893541695
   10   -0.826497710551155    0.499628242554840    0.259370687810440
   11   -0.867484380674819   -0.032093058865893   -0.496428126578114
   12   -0.817926500177944   -0.532804283081799   -0.217061825838517
   13   -0.849918649896275    0.318056151976447   -0.420093528572423
   14   -0.044523894407841   -0.346033847866040    0.937164979583521
   15   -0.425514767910746    0.897546569103184   -0.115530682422326
   16   -0.148666406548065    0.921024083865829   -0.360017966917201
   17   -0.722420049624282    0.635246020343220   -0.273078313930183
   18   -0.655149099501902   -0.755496375470130   -0.002209993968947
   19   -0.676394770463255    0.178497568953746   -0.714582907973290
   20   -0.616091304660599   -0.486790024758018    0.619247104246511
   21   -0.900210532776400    0.429928152455545   -0.069157648923249
   22   -0.672208307028458   -0.661778329261959    0.331941914920645
   23   -0.766794294267688   -0.378705196840447   -0.518274911764555
   24   -0.646253895451137   -0.172757561026348    0.743310653577936
   25   -0.460579202955677    0.774082965726525   -0.434352805881049
   26   -0.379726805289017   -0.741405121344975    0.553286543653864
   27   -0.363114525459024    0.391147982543792   -0.845666067163978
   28   -0.669587719341487    0.739839080570026    0.065501305089021
   29   -0.580634970008105    0.157257337001531    0.798832373882578
   30   -0.399750546939092   -0.889684742405528    0.220591385490702
   31   -0.370352348011827    0.899034902923172    0.233613744561506
   32   -0.752387410665876    0.348589305934820    0.558926363718315
   33   -0.120557682929156   -0.632392469546029   -0.765209520032408
   34   -0.011398635472156    0.946225131234039    0.323308014330760
   35   -0.347827350947996   -0.451416147959724    0.821729636373001
   36    0.387020900970284    0.811562156886470   -0.437700454331418
   37   -0.582323189802312   -0.718713984591467   -0.379934087666686
   38   -0.096018244041680    0.995376805824132   -0.002347602713695
   39   -0.472273987906875    0.496591929976209    0.728253894894522
   40   -0.626030323485800   -0.182788510939127   -0.758072815991262
   41   -0.257168289448916    0.683039394626767   -0.683609286281146
   42   -0.381935665311989   -0.912530318850693   -0.146333744368619
   43   -0.349302490778923   -0.110001558118825    0.930530723376220
   44   -0.591745413312248    0.679353549014897    0.433954054324627
   45   -0.070244956127926   -0.958302342657059   -0.276987844853485
   46    0.176371585952093    0.960397006972316   -0.215709648989935
   47   -0.094900434415850   -0.905887958429597    0.412748003411209
   48   -0.326203753355374   -0.344318295793077   -0.880361302238471
   49   -0.286864540071517    0.781346715006403    0.554261713090720
   50   -0.493080565393529   -0.549621823623095   -0.674379275355064
   51    0.071980263247125    0.804530178013883   -0.589533743196965
   52   -0.277484788818821   -0.809217856565898   -0.517850029051913
   53    0.363046158040965    0.603438584821571   -0.709971380747305
   54   -0.083531069564940   -0.681613098924208    0.726929256387632
   55   -0.412267191952362    0.051608249202546   -0.909600105020861
   56    0.527948806059322    0.841175487215140   -0.117020758367515
   57    0.243073952904029   -0.956971397322563   -0.158495419890011
   58   -0.264036099870079    0.249955852873923    0.931561597308233
   59    0.103320343147993   -0.834276817174929   -0.541578340608496
   60    0.355309530316067    0.824248575406248    0.440873478004004
   61   -0.080373098493133   -0.994109907617277    0.072702521385313
   62   -0.116055778937011   -0.099105289704791   -0.988285989846994
   63    0.018579348541020    0.545999541617618   -0.837579434060521
   64   -0.138619081640333    0.567582297726035    0.811563358902573
   65    0.315466666899720    0.103771679043993    0.943245578152144
   66    0.054096240503565    0.786076781525614    0.615757168297465
   67    0.062145840267293   -0.387921144691240   -0.919595063078804
   68    0.098103103100101    0.359644675549709    0.927917824223069
   69    0.223052542438570   -0.547372708235536    0.806616812117491
   70   -0.063852192133054    0.240381770312599   -0.968576017698758
   71    0.294108706361931    0.319925684960594   -0.900637343743089
   72    0.284384201633546    0.950856793640875    0.122462173132131
   73    0.400190353367891   -0.309660299100708   -0.862530103957040
   74    0.626307149604447    0.387244628989743   -0.676595116500961
   75    0.431960271833494   -0.800507946192967   -0.415448374216883
   76    0.292801385387145    0.597291013452523    0.746666454291491
   77    0.219751889684914   -0.025946620747615   -0.975210684853119
   78    0.272986404040632   -0.619487251423357   -0.736012206782536
   79    0.666108259407263    0.621479079496324   -0.412387609534803
   80    0.588408996787159   -0.543363079625474   -0.598774929501770
   81    0.609084493166917    0.587343086983224    0.532957951771635
   82    0.481987404211149   -0.636506329117775    0.602119452579646
   83    0.206054012167193   -0.821661326856658    0.531426766373278
   84    0.617296128319721    0.757737233910133    0.211612320784263
   85    0.531793390262332    0.073206402763004   -0.843704102554797
   86    0.543811019894768   -0.837639705760932   -0.051276680603877
   87    0.680370642483008   -0.213933491399651   -0.700948107997172
   88    0.508685656206773    0.348439510537865    0.787292074560400
   89    0.792187875945528    0.605906919189016   -0.072905243184479
   90    0.244444720246470   -0.949172567098766    0.198288216015889
   91    0.866817478101177    0.349902789326296   -0.355240056412552
   92    0.299989464563668   -0.231499476295495    0.925426557661771
   93    0.615271652618394    0.003020069041319    0.788309376239568
   94    0.836741685494529    0.473619642960467    0.274859574251609
   95    0.783515660813215   -0.612545996704433    0.104358091118055
   96    0.537338036718214   -0.789144140560178    0.297522032319212
   97    0.953687046570296    0.300102726023471   -0.020478550664209
   98    0.798117441114895    0.094352034572652   -0.595068268150986
   99    0.581445154949736   -0.336808823274625    0.740595266221598
  100    0.776217152502011    0.259477429091524    0.574594114095961
  101    0.749630149161760   -0.490634501281141    0.444221144949588
  102    0.725850967822324   -0.631698955627765   -0.272207277584906
  103    0.844192826787314   -0.320139922003667   -0.429940579080796
  104    0.927422744838980   -0.280224875729819    0.247711669845285
  105    0.827249415092322   -0.128675160562637    0.546901369794948
  106    0.942258469280356    0.119954429604730    0.312665815028832
  107    0.923117014121338   -0.370054499636622   -0.104473180952796
  108    0.950438856436773   -0.005042569105692   -0.310870636554778
  109    0.999066599844512   -0.041195741650552    0.012993842579727
   
 U =    5312.79715536737     


 http://math-lab.ru/  - см. Задача Томсона
