    122
    1   -0.174795883890203    0.044530892873375    0.983597172909186
    2   -0.995645831923386    0.015315397011131   -0.091950073344067
    3   -0.865877238960764   -0.078443369518139    0.494068056879136
    4   -0.832210674980358   -0.540704730320479    0.122734620453219
    5   -0.724172440450813    0.429596970171998   -0.539463362713866
    6   -0.809823454984259   -0.411723833800901    0.417934751411803
    7   -0.958603514393421   -0.222087105723798    0.178203871068528
    8   -0.940929616854209   -0.304409774751782   -0.148277257737524
    9   -0.966868820798316    0.106100509021574    0.232179597194577
   10   -0.870802546097850    0.420230374498834    0.255165354345120
   11   -0.902488704577806   -0.095627192271627   -0.419963782019020
   12   -0.784917328706176   -0.589693875430061   -0.190173395555308
   13   -0.906935552232138    0.225684483468761   -0.355716766569733
   14   -0.109595613783405   -0.277872123962331    0.954345788571470
   15   -0.549608583428177    0.819504578595504   -0.162304191822263
   16   -0.285548071405111    0.881114143706366   -0.376961754926703
   17   -0.779947770588572    0.572118905016894   -0.253695553126549
   18   -0.593337009046697   -0.803544303258323   -0.047620860939459
   19   -0.741334019368499    0.130016059933558   -0.658422125908827
   20   -0.578696515727519   -0.590160066724780    0.562868935302200
   21   -0.936146229419637    0.347634409617832   -0.052730962375597
   22   -0.615401660766825   -0.738872094596575    0.274497402085891
   23   -0.785523361329843   -0.410761692839644   -0.462847578043329
   24   -0.667756577317388   -0.274712214012917    0.691834050131597
   25   -0.533790755442515    0.692907113376090   -0.484713484067571
   26   -0.330781615027090   -0.859887056745744    0.388815859760391
   27   -0.491916786777980    0.430299022490112   -0.756875568458965
   28   -0.751992728153552    0.656402407500709    0.060355747294284
   29   -0.667430432106688    0.076028967624127    0.740780813992837
   30   -0.327024754290168   -0.941808414569339    0.077792803830705
   31   -0.515456593071168    0.832975435055543    0.201137826510811
   32   -0.808027368485683    0.265186167101798    0.526087510359217
   33   -0.246151986977930   -0.500110188090066   -0.830240326095605
   34   -0.232175068820920    0.916021867834630    0.327106519450097
   35   -0.382041928324122   -0.430473968704284    0.817762879611425
   36    0.266676099942240    0.885294850264103   -0.380968352774159
   37   -0.575266300917929   -0.706127377790231   -0.412859309406117
   38   -0.283335888115921    0.958791926502456   -0.020947939738101
   39   -0.575611098234680    0.449514297242130    0.683087666528960
   40   -0.699726646368032   -0.182991366806104   -0.690577135472194
   41   -0.266437974044771    0.678903344351733   -0.684179110332192
   42   -0.345202143117264   -0.900548558218907   -0.264287295716415
   43   -0.441626394272125   -0.116166031484910    0.889646885573848
   44   -0.667798790726473    0.617982107801205    0.414901059943019
   45   -0.054077541929717   -0.904215859513645   -0.423638169742576
   46   -0.009066741922254    0.973782225792458   -0.227301497842846
   47   -0.029003369281198   -0.966166365988292    0.256283744711436
   48   -0.441189101072876   -0.203860101450306   -0.873952650966389
   49   -0.395176473731647    0.733113773006712    0.553515808660317
   50   -0.539408117811925   -0.494687801336549   -0.681412402035219
   51   -0.000457216356668    0.826305229282924   -0.563222388593438
   52   -0.301698384701715   -0.747765544158021   -0.591459868155427
   53    0.347266465250964    0.699313565288140   -0.624793197399021
   54   -0.285895302631957   -0.697299423324751    0.657295512052191
   55   -0.484555057072716    0.121454177203998   -0.866288219650341
   56    0.329731899786533    0.941744592181302   -0.066287233766663
   57    0.263594889553321   -0.933215222112389   -0.244186575018154
   58   -0.409806663960405    0.247276899320676    0.878016305791639
   59    0.239926508189539   -0.808252354356876   -0.537739158277079
   60    0.077429714107476    0.906714371790321    0.414576515690551
   61   -0.044932653157904   -0.994361030095451   -0.096058307853644
   62   -0.178456899922946    0.101221496609494   -0.978727410208801
   63    0.066916006308349    0.596227080226352   -0.800022197757350
   64   -0.256157844971895    0.535878824867526    0.804498007155987
   65    0.140469797070620   -0.019971668091972    0.989883512633968
   66   -0.072673320076881    0.755414112734536    0.651205118860791
   67   -0.135206822400442   -0.215544369043185   -0.967088279398603
   68   -0.038376252080269    0.329480079849364    0.943382287441697
   69   -0.032268175311359   -0.569705292260321    0.821215346198948
   70   -0.196823772779235    0.411186514921420   -0.890048342740845
   71    0.117956573496224    0.281009295294727   -0.952428486935891
   72    0.036272657622283    0.994438734067655    0.098873143446217
   73    0.108711823807325   -0.417845841524801   -0.901990350328049
   74    0.378313477682669    0.440970214772767   -0.813894454021469
   75    0.534303383867527   -0.706497556166472   -0.464091690421745
   76    0.143527925454268    0.564512797098221    0.812849947116402
   77    0.152252364712993   -0.055380048006954   -0.986788866841357
   78    0.004492089953336   -0.688938788807102   -0.724805605941934
   79    0.633028381958003    0.566992438028725   -0.527062276067900
   80    0.355523578439447   -0.569151939149360   -0.741396692288368
   81    0.307828444138504    0.749148360684076    0.586530802825929
   82    0.285795242419104   -0.867770170951460    0.406566119859341
   83    0.000587397923450   -0.827232015136428    0.561860167743723
   84    0.361787821903669    0.896186827456686    0.256824341165939
   85    0.426123531805941    0.109762561975563   -0.897981578669514
   86    0.555699641196967   -0.816695098097292   -0.155586071090625
   87    0.404050377304432   -0.252769172783469   -0.879119467359532
   88    0.292711942986549    0.267994764114877    0.917877183963111
   89    0.559583776958926    0.777082775889756   -0.288111707467528
   90    0.253469035029047   -0.964267030134942    0.077087890593676
   91    0.645821307308903    0.290811054251267   -0.705934678104912
   92    0.221572608281805   -0.355139017558083    0.908175014778031
   93    0.508488925439811   -0.417564244047360    0.753046555531743
   94    0.477980298398896    0.504474913477806    0.719054863007033
   95    0.790509244650413   -0.610575894018934   -0.047877048417924
   96    0.532729067982784   -0.828803043455380    0.171129352494814
   97    0.587825202217430    0.701793971300771    0.402426084497427
   98    0.656198830154784   -0.084936830087066   -0.749792524768188
   99    0.262570386085346   -0.656373218993215    0.707270096737786
  100    0.439195155973186   -0.087796822762614    0.894091344820248
  101    0.742855114822318   -0.611981212455976    0.271376627555199
  102    0.632392865388561   -0.414286823762362   -0.654557630360031
  103    0.850742310850308   -0.226785413374743   -0.474137002151831
  104    0.761942245542710   -0.396069995767386    0.512418357311831
  105    0.531535130607545   -0.670750982292861    0.517265429623112
  106    0.584122201761326    0.199599012042555    0.786741055113521
  107    0.772402221409170   -0.527541613292235   -0.353687227090838
  108    0.835839362143682    0.092034483084798   -0.541204411118902
  109    0.912526159109288   -0.116792546066704    0.391989170927599
  110    0.849992954692741    0.367097890100759   -0.377824186701003
  111    0.615447390733207    0.785925347662052    0.059547100197831
  112    0.942531765673029   -0.295812774267938   -0.155334069917670
  113    0.698926922586913   -0.137839650417330    0.701784431044189
  114    0.791412373860957    0.591738970830945   -0.153334421770516
  115    0.735656927165342    0.441995881842393    0.513272370138908
  116    0.920131218841017   -0.354553413218092    0.166284146236331
  117    0.813708330754809    0.137636754129159    0.564743195065697
  118    0.818350802390746    0.542902233752521    0.188571283107860
  119    0.931605192472898    0.238492653861462    0.274286382111199
  120    0.996804315330897   -0.026638815499199    0.075309564110414
  121    0.949707274678544    0.309067216002127   -0.050334366146279
  122    0.968430733647890    0.035627235424786   -0.246723760959897
   
 U =    6698.55251388206     


 http://math-lab.ru/  - см. Задача Томсона
