     41
    1   -0.416987291425970    0.027422685165588    0.908498538869239
    2   -0.851316082542935    0.090828077682951   -0.516731253078591
    3   -0.838540643021113    0.265885303532834    0.475557142062856
    4   -0.981814945041157   -0.187050261074249    0.032428591179462
    5   -0.538288176223974   -0.268097000622066   -0.798980498882745
    6   -0.779075952533961   -0.266358403349683    0.567533136608172
    7   -0.922913470850822    0.381941473557053   -0.048491608543714
    8   -0.778706759074536   -0.514360026322247   -0.359234668000474
    9   -0.585870054363849    0.789094274047266    0.184625312634860
   10   -0.442220251007672    0.564411911896241    0.697051248695776
   11   -0.199655216464121   -0.697962140950354   -0.687740244815339
   12   -0.676010355210259   -0.698849614173773    0.233707544631465
   13   -0.622654402284219    0.654496047536390   -0.428878093489660
   14    0.083918425312495   -0.186755802924764    0.978815594464554
   15   -0.121278019558522    0.759779436168915   -0.638769794485313
   16   -0.025982525592758   -0.170942061705241   -0.984938434575371
   17   -0.173996065119293    0.976543217692060   -0.126841291788760
   18   -0.399307955718447   -0.893742845194124   -0.204393941114376
   19   -0.398206631272449    0.296853001752135   -0.867934199211780
   20   -0.349793853532941   -0.575048506843926    0.739569790355952
   21   -0.036992598309905    0.876796574362347    0.479436455494088
   22   -0.122967524611822   -0.942694813105042    0.310170077918053
   23    0.149420325988463   -0.960585944591321   -0.234410343703305
   24    0.060567316937012    0.437015795997850    0.897412276586084
   25    0.202720867461411    0.392640007284664   -0.897071945038519
   26    0.195652921545578   -0.667786343096079    0.718179179776917
   27    0.341199880335841   -0.606699617856057   -0.717982043892549
   28    0.342719304619240    0.935945017768654    0.080934553531471
   29    0.520607175172580    0.133820486798812    0.843243883151106
   30    0.475660762831702   -0.836702396716090    0.271433118892876
   31    0.405068277598114    0.792874254849701   -0.455269268104304
   32    0.521233961931700    0.645815400673011    0.557886749423700
   33    0.650402253791495   -0.719585952544845   -0.243254938620107
   34    0.788406425322446    0.615052369452829    0.011220131048440
   35    0.663293096781930   -0.370333957077297    0.650303796695750
   36    0.506453110259583   -0.071542353914360   -0.859294442379786
   37    0.906223220693349   -0.392132793026719    0.158086517164615
   38    0.737121353172947    0.369426432013386   -0.565841163248436
   39    0.885994389522077    0.175304599398880    0.429281072451372
   40    0.838513145121766   -0.265874816338175   -0.475611487976421
   41    0.987283141046401    0.111122761645278   -0.113682589915426
   
 U =    695.916744600777     


 http://math-lab.ru/  - см. Задача Томсона
