     27
    1   -0.147063737258583    0.010736945535333    0.989068741384596
    2   -0.745216019382556    0.149876555242703   -0.649761573690072
    3   -0.725394856737141    0.341097533051326    0.597875216718006
    4   -0.982810754834090   -0.167700220092702    0.077198810634006
    5   -0.256985998088880   -0.266706669175249   -0.928884142077852
    6   -0.654167221003003   -0.353299781697084    0.668763419467603
    7   -0.868307453760528    0.493247006544432   -0.052436211522813
    8   -0.726630580749570   -0.520206944672792   -0.448768017837437
    9   -0.352979470642239    0.924712954710246    0.142518225838563
   10   -0.135027694833028    0.649839259217166    0.747981589885850
   11   -0.107381504679588   -0.831932208934851   -0.544387740667925
   12   -0.563653430118828   -0.812923017696418    0.146461524007602
   13   -0.398728388945096    0.746467171477188   -0.532731108305207
   14    0.460624753665822   -0.266880211648244    0.846522172740259
   15    0.261145919056714    0.873781843740988   -0.410253700176639
   16    0.422721731811313   -0.280261127221239   -0.861835273136999
   17    0.335192007351466    0.903148535948458    0.268270460956572
   18    0.095018615659998   -0.989742228020950    0.106685447696406
   19    0.003699440284960    0.364674872720582   -0.931127569857002
   20   -0.047134060221305   -0.702684038219007    0.709939097950861
   21    0.839378744955417    0.543207550308036   -0.019206243917332
   22    0.678991812667139   -0.663962660058054    0.313247034111460
   23    0.564460981438820   -0.736150170672334   -0.373452442289802
   24    0.526508555333345    0.421437313374640    0.738362602016353
   25    0.654300391532680    0.353199330096829   -0.668686197598943
   26    0.930249520708596   -0.012886672419366    0.366701190201754
   27    0.939270333166538   -0.170085325276906   -0.298064126252508
   
 U =    287.302615333636     


 http://math-lab.ru/  - см. Задача Томсона
