    273
    1    0.011933064940411    0.000779168119801    0.999928494872593
    2   -0.992659882245609   -0.055254833550053   -0.107579094388686
    3   -0.943768292675069   -0.068244790564473    0.323487338704310
    4   -0.962632679078411   -0.268536256007968   -0.035022912208215
    5   -0.864886885310474    0.018187691333830   -0.501637203068007
    6   -0.835425110920784   -0.459515331744401    0.301513754138726
    7   -0.945057321380617   -0.273896410892021    0.178458441675822
    8   -0.935138606854067   -0.249630167618140   -0.251397226289341
    9   -0.992161831518943   -0.061849504602651    0.108579642923450
   10   -0.988778674471201    0.148290585616512    0.018073049783785
   11   -0.863209840982415   -0.210938138151458   -0.458665316221218
   12   -0.879816456041335   -0.451225241076641   -0.149394730476658
   13   -0.947078718403135   -0.030410194510022   -0.319557696226734
   14   -0.570768586787101   -0.067929027447028    0.818296320147633
   15   -0.899198895802348    0.348064205853854   -0.265127619065165
   16   -0.786721036672588    0.475357632673808   -0.393833888226447
   17   -0.870388120729655    0.225741811760031   -0.437567313354185
   18   -0.775186123584252   -0.630957153636192   -0.031297668886605
   19   -0.758928967985194   -0.119357612670171   -0.640141064024646
   20   -0.763047958293451   -0.365950297708461    0.532764669390984
   21   -0.965285873122110    0.153947524285001   -0.211005551863939
   22   -0.880710085026940   -0.467352388586727    0.077016173717742
   23   -0.827376220579817   -0.417471052305924   -0.375721319737972
   24   -0.883013203382537   -0.266699420430679    0.386211213967242
   25   -0.734630868169830    0.365348262458444   -0.571697590208878
   26   -0.514717362630545   -0.292286840498505    0.805999031933697
   27   -0.758656646754598    0.144181382126599   -0.635335990939545
   28   -0.924358113693434    0.341626224349382    0.169863476020897
   29   -0.879211949631428    0.084226154057725    0.468926756112239
   30   -0.698184529878192   -0.561382447082820    0.444283817335351
   31   -0.935054744875809    0.351086984573423   -0.049097386370109
   32   -0.960011763428739    0.137610135346291    0.243804972731112
   33   -0.563554762540407   -0.443122979521086   -0.697171467171729
   34   -0.843329462378789    0.533249216387783    0.066638510680519
   35   -0.689304592859397   -0.217535739186924    0.691040795061579
   36   -0.564335312929765    0.807068011543398   -0.173686151790667
   37   -0.756445379048391   -0.599371231563175   -0.261810074845830
   38   -0.830140821078124    0.533908459189877   -0.160648605301229
   39   -0.772528401219246    0.224323832087253    0.594035931293155
   40   -0.607722224828280   -0.231816146998147   -0.759562355202454
   41   -0.561240517802747    0.480458983669051   -0.673920059197088
   42   -0.633020294315320   -0.761003772626046   -0.141980861505595
   43   -0.831290041251665   -0.124027280799788    0.541824788038731
   44   -0.872132838779482    0.296754704329819    0.388999944705090
   45   -0.601658584813668   -0.708560205324703   -0.368713144260180
   46   -0.693612139663185    0.660554322098305   -0.287350286704411
   47   -0.609169682361942   -0.445678043463081    0.655959891811969
   48   -0.463181897230995   -0.102526402749082   -0.880312936867810
   49   -0.813979595246579    0.502723204751324    0.291043979368710
   50   -0.732130142079601   -0.344388664322408   -0.587692013681258
   51   -0.633638113524261    0.591334385254594   -0.498825005292424
   52   -0.681574368777161   -0.540253637473637   -0.493540664000971
   53   -0.444381927332430    0.667153533118994   -0.597855221527050
   54   -0.315021273877106   -0.349885457737871    0.882236795576111
   55   -0.638391946948404    0.007690270959152   -0.769673035648256
   56   -0.397787114601773    0.915321371271271   -0.062866515339054
   57   -0.457115472702457   -0.855190083683436   -0.244326350166179
   58   -0.737536943597543    0.016733851894920    0.675099426032606
   59   -0.421145304444358   -0.782612556014505   -0.458425806115790
   60   -0.566784841535674    0.821512206702829    0.062230520194104
   61   -0.750771322523920   -0.629038832051750    0.201624822496274
   62   -0.299028263466514    0.227845164629726   -0.926643771145662
   63   -0.339150008851044    0.558469645515151   -0.757026371095828
   64   -0.606462655896232    0.155561100187002    0.779745978580139
   65   -0.415431479654316    0.081159836012151    0.905996559999378
   66   -0.743981461226042    0.442328817000293    0.500836103933298
   67   -0.416614082238103   -0.319303637517299   -0.851162671614025
   68   -0.442517719677237    0.289943988227719    0.848593277997335
   69   -0.328705231485617   -0.683976777410156    0.651251594053792
   70   -0.615721310005647    0.262214010843549   -0.743055234099235
   71   -0.484181778408943    0.126846337054783   -0.865723981551012
   72   -0.718196169118731    0.693952457316701   -0.051227430613797
   73   -0.363239109838465   -0.514958970898910   -0.776450003138962
   74   -0.437065060142606    0.367580925312335   -0.820888784518992
   75    0.112166490140110   -0.955712851910815    0.272087528531069
   76   -0.633419420473917    0.357605044614984    0.686220423648555
   77   -0.093757330588892    0.191242556455486   -0.977054679923911
   78   -0.504590927749959   -0.627048419070238   -0.593462952317961
   79   -0.097289199545584    0.583902333505031   -0.805973248054276
   80   -0.299502903190560   -0.684480562771437   -0.664668616807295
   81   -0.709309147357541    0.682265512276650    0.177184379200873
   82   -0.528515639891830   -0.635338018097595    0.563042468335692
   83   -0.424671595986080   -0.506117648692750    0.750665678744111
   84   -0.533841873567083    0.794315890485001    0.289957100532833
   85   -0.210879818095690    0.418075961416123   -0.883596170660508
   86   -0.251741747085923   -0.910398846545309   -0.328329153416350
   87   -0.286819910419117    0.015236736424717   -0.957863341427311
   88   -0.240108967428238    0.261754732989574    0.934789892712850
   89   -0.514590579991290    0.761990420831697   -0.393150268402503
   90   -0.629128688504059   -0.771686170577787    0.093260642503433
   91    0.124011941895372    0.551449170396951   -0.824939301243342
   92   -0.373476638376118   -0.135269699594104    0.917723982992161
   93   -0.160854618883843   -0.173956257140161    0.971527154631058
   94   -0.464887573799983    0.477963903317565    0.745271796629796
   95   -0.276733943430057   -0.953479457450794   -0.119562739902489
   96   -0.472820852940168   -0.880969323083898   -0.018261785510480
   97   -0.661535361346916    0.639202526355345    0.392162078723262
   98   -0.073980952510885   -0.030912769218318   -0.996780426856806
   99   -0.415872905975902   -0.790771971102168    0.449142979233061
  100   -0.207379309928277    0.044283801038761    0.977257779083508
  101   -0.462130508503528   -0.858715408794139    0.221457083449108
  102   -0.247339281237589   -0.198425857833391   -0.948393620233685
  103   -0.193937549722537   -0.404781388314448   -0.893610795862408
  104   -0.203288287312036   -0.821897946517732    0.532125584567848
  105   -0.599050564419752   -0.726370507745596    0.336933683008662
  106    0.015874037663847   -0.577735900805341    0.816069386663223
  107   -0.051912590918352   -0.967937044720041   -0.245770137247747
  108    0.001154102304027    0.384552881889764   -0.923102241941893
  109   -0.264545776240554   -0.907375984863011    0.326625709899211
  110   -0.210675915689891    0.717056841851642   -0.664413383445860
  111   -0.123421418091456    0.979462957812152   -0.159434838821897
  112   -0.059699982718822   -0.754421073401336   -0.653670219660762
  113   -0.212452461709324   -0.552847659365937    0.805744014589779
  114   -0.365324659325636    0.891824100485895   -0.266810170497927
  115   -0.576767368271520    0.572623981371632    0.582615807248005
  116   -0.291897042615601   -0.951137402593349    0.100666567937142
  117   -0.104146944716013   -0.384984798228145    0.917027872553258
  118   -0.458020714313790    0.739059840587466    0.493971231237524
  119   -0.353324704548248    0.646572551881699    0.676095842546810
  120   -0.045296456106798   -0.908871347138960    0.414609581912885
  121   -0.382251897268635    0.908018606916687    0.171422567147990
  122   -0.003050180443662    0.998390906834322    0.056624142817365
  123    0.177011828388387   -0.681358552586527    0.710223440494463
  124   -0.315796574454518    0.812269543831681   -0.490398523372844
  125   -0.026761069194629   -0.253421014546486   -0.966985850238663
  126   -0.218822203299092    0.975406928146271    0.026422866377190
  127   -0.219105962819252   -0.823959414157504   -0.522573880784594
  128   -0.176729936916410    0.918283652730437   -0.354290364708902
  129    0.149220432078361   -0.976980863425086   -0.152452140527839
  130   -0.025522484192504   -0.891418484989231   -0.452461807692260
  131    0.031764222630820   -0.462319471872831   -0.886144311096046
  132   -0.077592939573055   -0.996538447890363   -0.029840536266587
  133    0.111417691330213   -0.406382978551825    0.906884211353353
  134   -0.028409343269627    0.218481081323992    0.975427560774498
  135    0.209099116763651    0.339836540612421   -0.916945301003960
  136   -0.074663741420812    0.841745900743120   -0.534686042738354
  137    0.136057867862379   -0.078001775783401   -0.987625424727097
  138    0.126604041350010   -0.990032592237108    0.061699943453103
  139   -0.316174447255136    0.869044475194224    0.380519932509855
  140    0.032518715563572    0.722979035514544   -0.690104229333914
  141    0.246785770299462   -0.074710577913145    0.966185858479405
  142    0.150614654823378    0.839282733251489   -0.522417189053294
  143    0.114971352078664    0.147676339646857   -0.982330538520365
  144   -0.094998798666523   -0.716162752614354    0.691437734014965
  145   -0.092436810030094   -0.977263013922128    0.190820433317027
  146    0.355512802928557   -0.904740346231313   -0.234639197183941
  147    0.112624121069790    0.984543454683181   -0.134126780300448
  148    0.362181106436868    0.791155962686117   -0.492845907811326
  149    0.250524961398989    0.690645320439751   -0.678414537779601
  150    0.189522235965315   -0.304188619491936   -0.933568747252337
  151    0.273580850623318   -0.511525947014135    0.814551854520947
  152    0.406244080760591    0.281937357949654   -0.869181841181321
  153    0.064122648956864   -0.812617907749608    0.579258510421214
  154    0.063673829374692   -0.207198799132096    0.976224513670385
  155   -0.132900126572981   -0.593033442188356   -0.794134052161923
  156    0.212106859151194    0.973266902183165    0.088103447241307
  157    0.337826047839745   -0.126555037079616   -0.932661451969982
  158    0.189729008846161    0.140469259811976    0.971736224625865
  159   -0.157979315401101    0.957881196073809    0.239804399696103
  160    0.337444398435001   -0.941300738479256   -0.009175930647520
  161   -0.066905551382104    0.433920069458447    0.898463700165696
  162    0.330887914862390   -0.750587629511519    0.571954017576848
  163   -0.269983805467544    0.469286914528423    0.840760689279450
  164    0.147739181479570   -0.804701782264069   -0.575002761625349
  165   -0.230244116790406    0.786554504647040    0.572991848024783
  166    0.140716511088122    0.366568882308862    0.919688054739224
  167   -0.143633466905310    0.634805529242343    0.759204430458694
  168    0.466085905958267   -0.384175361986039    0.796977552701428
  169   -0.085089051306174    0.893034136374623    0.441870891344345
  170    0.542078225330050   -0.668038393639713    0.509780248976257
  171    0.294474055251584   -0.286456998629415    0.911716742590545
  172    0.426838784312008   -0.589087320573526    0.686137581645657
  173    0.066226456373481    0.587346886723870    0.806621157131394
  174    0.464485828777612   -0.156467525197750    0.871648339884421
  175   -0.017676050320316    0.769969947910027    0.637835273844669
  176    0.170674059194391   -0.915469836103799   -0.364397234762002
  177    0.610231818872846   -0.470236929528894    0.637569100052988
  178    0.065063342533802    0.959305608806713    0.274771742306795
  179    0.129535638125516    0.864656291427443    0.485376159437560
  180    0.251653418259950    0.913562144586987   -0.319491416247304
  181    0.333346562736671    0.502347136727708   -0.797826687528764
  182    0.346979882151447   -0.816520380941343   -0.461410260927920
  183    0.039004616441917    0.938828187315044   -0.342169949877202
  184    0.250941510282577   -0.510072883822088   -0.822711378070413
  185    0.332792610451980    0.937387486317945   -0.102731586783618
  186    0.307153447616933   -0.682417857771301   -0.663296786523092
  187    0.529928873655657    0.431149147124348   -0.730264199998873
  188    0.524129344182413   -0.790245860423396   -0.317490016615643
  189    0.321562164913774    0.094238744997530   -0.942187260069492
  190    0.453159491089225    0.845236169886645   -0.283235401655776
  191    0.630527811806931   -0.248903743334174    0.735174540563123
  192    0.535392115932422    0.842546209320583   -0.058916613590058
  193    0.275949832365278    0.910333181441368    0.308456137537271
  194    0.455260853025649    0.626277016120837   -0.632862271573476
  195    0.500149943583524   -0.678912498477925   -0.537520095758157
  196    0.334364702876293    0.792417088658481    0.510171934814593
  197    0.560012258597544    0.699623764467104   -0.443748643280581
  198    0.097339314703590   -0.646765192678437   -0.756452142142951
  199    0.395283224359838   -0.350754945193750   -0.848953556422151
  200    0.271364085238435    0.509215665641236    0.816737986816005
  201    0.476078536705636    0.815517006976909    0.329061146627256
  202    0.523365217997438   -0.172566858053371   -0.834451633165207
  203    0.523291961594162    0.038151731006352   -0.851298988811894
  204    0.759491068023420   -0.326469390177347    0.562664247015817
  205    0.647281649190052    0.513478798147144   -0.563352456704656
  206    0.417437248145459    0.900716619886239    0.120231919727893
  207    0.712373334080316    0.701793254176381   -0.003234390795849
  208    0.609547994188239    0.775530263455311    0.164329100423599
  209    0.187169537284370    0.715698754022809    0.672861692922813
  210    0.723186362452649    0.491185261510080    0.485529117600355
  211    0.598460075613914   -0.350065792147362   -0.720624367520575
  212    0.385299920870914    0.630666528665003    0.673649538408884
  213    0.414856247707338    0.059714822543977    0.907925345888487
  214    0.845681461981692   -0.387052745012932    0.367441202695699
  215    0.535691978373093    0.684556848278079    0.494384491850529
  216    0.219320921881569   -0.872919069096286    0.435787370208331
  217    0.346288485348149    0.276154093510982    0.896561878261848
  218    0.711590351265541   -0.542758942085525    0.446152331353301
  219    0.469041012407669    0.408669725241530    0.782936513614355
  220    0.571291907085394    0.522534597337593    0.632916385855172
  221    0.635202194152644    0.736380146851794   -0.232943022789259
  222    0.670948061058595    0.328529170277776    0.664753551053552
  223    0.459693980817030   -0.529325631282209   -0.713088928583444
  224    0.558170762217531    0.196441365870204    0.806136582708258
  225    0.843077648318204    0.431694241802280    0.320718194839334
  226    0.434208038973690   -0.820268476816018    0.372321104468378
  227    0.523647657229121   -0.848003680300058   -0.081748940519196
  228    0.620650056767142   -0.723917708582005    0.301225261617153
  229    0.677305883077883   -0.719376361336122   -0.154124597319472
  230    0.665412239048769   -0.638090528925896   -0.387384859047400
  231    0.818205155449914    0.278831947886583    0.502785310478495
  232    0.769859948777652   -0.104817504856553    0.629546622533802
  233    0.735438365064197    0.564440735180864   -0.374882738546584
  234    0.590579813477159    0.222012865624225   -0.775838753485932
  235    0.616159784184112   -0.020848633284994    0.787345194209209
  236    0.321476883189996   -0.923180625813246    0.210689690534465
  237    0.772815535011996   -0.591238579465506    0.230636274240922
  238    0.516977561102303   -0.844387341890688    0.140514120897129
  239    0.690246748948307   -0.125487811602505   -0.712609454544007
  240    0.690639974767283   -0.720227626251310    0.065487339523377
  241    0.720586321388521    0.308211957372691   -0.621096403757303
  242    0.646831497560207   -0.505528663490300   -0.571007691851634
  243    0.680970809111409    0.650618372950671    0.336116780177924
  244    0.832217299924368   -0.554278682562442   -0.013766181875810
  245    0.764040179604088   -0.292278506818033   -0.575165957270399
  246    0.725513537299483    0.079585343658339   -0.683590725705063
  247    0.924458699909038    0.202935230266572    0.322790031567185
  248    0.740353699027741    0.118488150215995    0.661692495494949
  249    0.881680457092127   -0.170311858755043    0.440038001028571
  250    0.794739751596749    0.583352116613578    0.167597837916832
  251    0.797462045672813   -0.440013830401508   -0.412846357337358
  252    0.797425318323342   -0.560234585896283   -0.224165274881141
  253    0.888715973504920   -0.431573699636019    0.154686974951617
  254    0.876777071455078    0.480883280973617   -0.003638275787584
  255    0.788877773848010    0.591303269989552   -0.167428494672418
  256    0.871151527193177    0.051684239905089    0.488286551129998
  257    0.850759134341650    0.147146627342445   -0.504536188390872
  258    0.883660740159276    0.406287080571145   -0.232539253594175
  259    0.892562954921236   -0.236105411177039   -0.384168721156724
  260    0.959298323382588   -0.015066511287053    0.281992423644664
  261    0.960401073331647    0.269262623710839   -0.071605990083066
  262    0.903198775293806   -0.378455768906116   -0.202492477118164
  263    0.947260820220509   -0.227408486595947    0.225792645361422
  264    0.836989088904774   -0.076682533613478   -0.541820130756485
  265    0.937225942712373   -0.014060603213337   -0.348439136355520
  266    0.971067480335043   -0.160135835509104   -0.177156605356823
  267    0.929838733989949    0.337585775531375    0.146409606689075
  268    0.987191502914706    0.121154783674336    0.103800072089707
  269    0.820645697445108    0.365973912159534   -0.438866420318846
  270    0.932938196415015    0.200594325628734   -0.298978658428077
  271    0.990528005398219    0.055666074032390   -0.125521148511498
  272    0.950086382901513   -0.311921253084375   -0.006402882116047
  273    0.994221000319769   -0.095014511236198    0.049968441817848
   
 U =    34774.6345286183     


 http://math-lab.ru/  - см. Задача Томсона
