    154
    1    0.105594938401395    0.060392717141385    0.992573638930778
    2   -0.994246950835598   -0.107042580611425    0.003858327378933
    3   -0.852791714284693    0.021315980822668    0.521815983857281
    4   -0.923834495801689   -0.375688627226267    0.073402178030912
    5   -0.917516890385683    0.224379203893961   -0.328354577730992
    6   -0.806717687147001   -0.458314439610789    0.373034110623200
    7   -0.931125491149605   -0.188530906241589    0.312188111758169
    8   -0.911951107043861   -0.342331124583668   -0.226173781643138
    9   -0.967625894960959    0.095918269610266    0.233451949993943
   10   -0.901644866081384    0.411120164742592    0.134226471350128
   11   -0.827846666247276   -0.250650345714054   -0.501840912418165
   12   -0.789644927717023   -0.593978381367245   -0.153787420158884
   13   -0.956091691202777   -0.061306317158863   -0.286583693690745
   14   -0.392924719037453   -0.065124125546889    0.917261692997746
   15   -0.735581579018495    0.677250912018974    0.015841173508478
   16   -0.685386464948523    0.672075412695195   -0.280285628093826
   17   -0.869811323001723    0.468144759193138   -0.155784295800286
   18   -0.594436313545147   -0.804030239703882    0.013447779763710
   19   -0.832882759538996    0.058789170344685   -0.550318219135884
   20   -0.607059917586616   -0.552537823297041    0.571121887416249
   21   -0.981298959000928    0.186262216209164   -0.048566859858808
   22   -0.777001434137462   -0.614989750934048    0.134374021277943
   23   -0.730363629028674   -0.523005923242348   -0.439356089801296
   24   -0.772337638897508   -0.259013988163405    0.580005452972565
   25   -0.777229836917171    0.429221979475851   -0.460089418418355
   26   -0.357371797861227   -0.583162317143987    0.729525263412234
   27   -0.682465489454457    0.265070850515112   -0.681159526036951
   28   -0.740798637404661    0.603324316954172    0.295325493974325
   29   -0.694874786397807    0.223962242798985    0.683366625633013
   30   -0.599179693232369   -0.728924814895988    0.331137900951874
   31   -0.536436838242704    0.815650191157222    0.216680142701999
   32   -0.862032978968705    0.301895610216776    0.407134110216989
   33   -0.332123037079063   -0.486628938328784   -0.808013963135774
   34   -0.291534161413369    0.862784279602113    0.413050989104816
   35   -0.552297893902990   -0.330009198875286    0.765546187403486
   36    0.069050588631811    0.963129985422321   -0.260024320766347
   37   -0.586718407278174   -0.755949432477584   -0.290348008599647
   38   -0.511412718501235    0.854719177335711   -0.088950318997415
   39   -0.470654485049983    0.475856042307400    0.742997565744244
   40   -0.680469847285932   -0.114248547893649   -0.723814932312710
   41   -0.573901246732902    0.598893699829323   -0.558537102888578
   42   -0.366418098023716   -0.924457029181229   -0.105437083789806
   43   -0.645191089769583   -0.046626135114415    0.762597181483272
   44   -0.685437901991065    0.477910781497163    0.549341576291891
   45   -0.342167403509207   -0.848033019381986   -0.404674518611734
   46   -0.235245836961501    0.953831534381224   -0.186721183083878
   47   -0.371687419494513   -0.781032548151108    0.501833260075593
   48   -0.433683786075554   -0.216973794635498   -0.874551740114126
   49   -0.507257772254339    0.700765651479683    0.501614447752275
   50   -0.605288496294158   -0.399835811539151   -0.688300196182440
   51   -0.441805852023855    0.811935580980292   -0.381534010876713
   52   -0.489872963699751   -0.651497601363841   -0.579288662803947
   53   -0.170139302327590    0.867289095219410   -0.467827150897612
   54   -0.293178366004096   -0.337844322252840    0.894375569673439
   55   -0.522481305162651    0.085084092907383   -0.848394945110861
   56    0.008152180156827    0.999923110655821    0.009344235392828
   57   -0.102633764530272   -0.971085674966631   -0.215543318738826
   58   -0.454076558642274    0.214303551482730    0.864805450210322
   59   -0.064208992741936   -0.873600455596914   -0.482389312932957
   60   -0.048714546570746    0.956896473197894    0.286314569195909
   61   -0.378184880687030   -0.901379513057031    0.210929299673628
   62   -0.229948212274038   -0.031332111610267   -0.972698369719008
   63   -0.313458706439929    0.683953511455536   -0.658749750303291
   64   -0.204936605763721    0.435354720425138    0.876622641175549
   65   -0.177119484310948    0.156478880495402    0.971670236364338
   66   -0.263606987022774    0.676252939363281    0.687890484303496
   67   -0.128058757810314   -0.308647301398249   -0.942516736131331
   68    0.082269810886502    0.350827314282740    0.932819314642369
   69   -0.073208614266840   -0.508907919847965    0.857702295620774
   70   -0.464831754261350    0.432094162144648   -0.772804034196788
   71   -0.299808562675664    0.242346621872980   -0.922704145765644
   72   -0.293262726011974    0.950077973992882    0.106530825893757
   73   -0.006049571570486   -0.555739584226336   -0.831334419597645
   74   -0.164090045220271    0.488135748493293   -0.857203562814867
   75    0.663642516194397   -0.652369489818201   -0.366050077794705
   76    0.033446352640736    0.608721111395190    0.792678970351072
   77    0.063662369912458   -0.059036284596566   -0.996223779960187
   78   -0.206831801299133   -0.709386702641885   -0.673788625672941
   79   -0.021091365034651    0.696191586427964   -0.717546116502550
   80    0.131902853634912   -0.751399177703206   -0.646529901048600
   81   -0.036617606521475    0.812527393258700    0.581771764609507
   82   -0.123629681798448   -0.914236632006920    0.385858889330100
   83   -0.115284652099919   -0.747111374454804    0.654625116498331
   84    0.193661413066220    0.885729966180579    0.421874014486487
   85   -0.010084202207956    0.226875541462271   -0.973871550848484
   86    0.202269658078913   -0.907430394240142   -0.368316528314736
   87    0.178679911760120   -0.334456429489660   -0.925317451422172
   88    0.360122260860665    0.210088376112352    0.908941599584417
   89    0.116134000264929    0.850426397746990   -0.513115811486591
   90   -0.120654794963653   -0.988874949457187    0.086998590726085
   91    0.142255889474832    0.474916123917332   -0.868457216650919
   92   -0.096104903732289   -0.145833898373159    0.984630042992745
   93    0.129783252916570   -0.316833684685761    0.939559856268262
   94    0.332188661568291    0.486633518323660    0.807984227549897
   95    0.452522248642721   -0.859432532897849   -0.237906149311281
   96    0.150741053457282   -0.985030842119296   -0.083614441792902
   97    0.274782052859710    0.715750497468137    0.642024959639668
   98    0.346323165283877   -0.069767565332447   -0.935517371306027
   99    0.136551242644063   -0.840540375440555    0.524257222541199
  100    0.330414076139131   -0.103050853880542    0.938193508719611
  101    0.388669774722801   -0.920225623106506    0.046050068351402
  102    0.311552859742735   -0.565592615594956   -0.763570434714820
  103    0.469299972147522   -0.332722706189416   -0.817956684017147
  104    0.155689052929775   -0.638082446471949    0.754063465699142
  105    0.139845167206338   -0.962769925912675    0.231338278214252
  106    0.591504089878518    0.065213711206740    0.803660427996570
  107    0.414047179141784   -0.744442783405072   -0.523803279562891
  108    0.279755052286387    0.213392331897887   -0.936055993735109
  109    0.381768272298609   -0.847446653397400    0.368899926689722
  110    0.286716041446195    0.676566082857494   -0.678271514295190
  111    0.269339748105598    0.951630368094694    0.147836878384152
  112    0.826750848681699   -0.403975505080616   -0.391518614498661
  113    0.362096424204959   -0.441712325229425    0.820838840040112
  114    0.334861598317457    0.933228731067982   -0.130199252999092
  115    0.590303780505056    0.351957708197767    0.726407061062607
  116    0.639698832694288   -0.638207240337735    0.428342061710099
  117    0.551202184805861   -0.218784386610676    0.805176715783955
  118    0.544668534874101    0.606209660136437    0.579522247265251
  119    0.766350946023700    0.423010980846327    0.483495540426185
  120    0.408982400214894   -0.674992271226759    0.614100016364277
  121    0.460829473271179    0.806947322234121    0.369421460805662
  122    0.546007179637199    0.834419551644452    0.074967803876749
  123    0.624283614539239   -0.445003502060292    0.642060629358239
  124    0.378277485837565    0.833882792915625   -0.401927395666988
  125    0.604118754906190   -0.077959934854551   -0.793071736054229
  126    0.691465863807481    0.659590750118673    0.294643855437137
  127    0.593404975021106   -0.517526601100788   -0.616471210011682
  128    0.597006133649566    0.770525042160577   -0.223326746692460
  129    0.671694857435058   -0.735468264443999   -0.088951956083209
  130    0.739134926657815   -0.258183091460610   -0.622110160243657
  131    0.780327640984023    0.086248276751633   -0.619394872011130
  132    0.593910711864144   -0.783868104890650    0.181165284942142
  133    0.770215753378494   -0.155650915364592    0.618498573800913
  134    0.790032296179533    0.139024798678448    0.597093858908055
  135    0.436800135538442    0.453793996712072   -0.776708858029624
  136    0.764165752745102    0.644762474580390   -0.018222340806913
  137    0.550299498881448    0.196555231233091   -0.811502620208791
  138    0.854351299306789   -0.505690303130504   -0.119838118695931
  139    0.920077042342751    0.188451703427954    0.343430038914650
  140    0.551881087388527    0.637496858383709   -0.537610473236673
  141    0.921813523845934   -0.100785114851921    0.374302268065565
  142    0.757016809163477    0.552418873304903   -0.348939735571186
  143    0.693675005061683    0.383611817021616   -0.609636745278734
  144    0.823697528077958   -0.384388085473469    0.416855109101835
  145    0.800556853908672   -0.574652843192629    0.169949502707356
  146    0.899473510588301   -0.094475106347321   -0.426640197391924
  147    0.867765345564905    0.458033377179266    0.192843797998218
  148    0.899801745133920    0.411797811303609   -0.144150553448505
  149    0.876826840366390    0.260951396862343   -0.403830484843189
  150    0.972581734026071    0.225742592594125    0.055902169257768
  151    0.936002111454303   -0.325120072228924    0.134896204494215
  152    0.976271649032279    0.078381424718767   -0.201866340817016
  153    0.959706094743319   -0.228647240652128   -0.163354372621905
  154    0.994668674029784   -0.051744950595621    0.089200274616665
   
 U =    10803.5013221501     


 http://math-lab.ru/  - см. Задача Томсона
