     13
    1   -0.451387109468877    0.064055403583161    0.890026169658584
    2   -0.992527413085499    0.120953471668748    0.016111857902929
    3   -0.392800935533587    0.850265827161267    0.350364735961976
    4   -0.581146658746570   -0.761184270536087    0.287866405327442
    5   -0.542721225556429   -0.466493889966415   -0.698453378511787
    6    0.264715671002236   -0.559790537525078    0.785213453541914
    7   -0.454418938754943    0.484099031220762   -0.747764372026343
    8    0.201270146943793   -0.927641990828666   -0.314596034305351
    9    0.236841290347479    0.917670899577774   -0.319039689152712
   10    0.503561211787488    0.459816956763672    0.731433163218426
   11    0.409232592472553   -0.088525960001538   -0.908125453703396
   12    0.878773374608550   -0.465497828915810    0.105209920415181
   13    0.912417318295556    0.369243146751623   -0.176505342274124
   
 U =    58.8532312501919     


 http://math-lab.ru/  - см. Задача Томсона
