    174
    1   -0.160160513870914   -0.045878780001013    0.986024212350905
    2   -0.992992782719068   -0.078339166983057    0.088477728181965
    3   -0.842885409840280    0.174703332193964    0.508942955151861
    4   -0.924061536087345   -0.345135359349950    0.164291999958237
    5   -0.939434176222328    0.189734534891338   -0.285419401609357
    6   -0.839776792172351   -0.347000740768095    0.417570862531270
    7   -0.932727056117033   -0.083775017947866    0.350716388489458
    8   -0.940557582373435   -0.322596322691034   -0.106221687173862
    9   -0.948877918675668    0.185303499553195    0.255525553522680
   10   -0.893712958277928    0.438041836115007    0.096935535378462
   11   -0.894856554124279   -0.232235564499668   -0.381180259355520
   12   -0.823265032051501   -0.567645534407204   -0.003637893456478
   13   -0.980906882876710   -0.057813905920934   -0.185685862163120
   14   -0.421901015370274    0.043882495834159    0.905579295141457
   15   -0.759842666243770    0.645322399481078   -0.078728160676737
   16   -0.727954166362672    0.563899764146799   -0.389999727782484
   17   -0.880944859381304    0.433270295552913   -0.190297151111480
   18   -0.634616276067528   -0.766472479781363    0.098904599933422
   19   -0.872143301190808    0.022130522722318   -0.488749733659299
   20   -0.689923436028059   -0.331521409572635    0.643505405893540
   21   -0.981075267743697    0.193216247245228   -0.012601619820616
   22   -0.766687412437163   -0.581472884564477    0.272175855150074
   23   -0.815462877503959   -0.504426497464343   -0.283855956549830
   24   -0.801269924893075   -0.089106430874777    0.591630417945701
   25   -0.811827532570844    0.320365523047529   -0.488161847139265
   26   -0.468571721188058   -0.436326044493888    0.768153711830632
   27   -0.706217943548391    0.158792679029727   -0.689957318460239
   28   -0.734255015490179    0.645047591571680    0.211620360161995
   29   -0.683965534186315    0.390230588918207    0.616369398589659
   30   -0.635902024640565   -0.564956498411953    0.525787761325932
   31   -0.580701603530583    0.812008048996065    0.058554043605998
   32   -0.824207825449426    0.426411350607954    0.372632285961146
   33   -0.548900184587628   -0.505670347454168   -0.665587024411721
   34   -0.307685334703865    0.943662807486953    0.121779475175469
   35   -0.573363059640059   -0.149728993586674    0.805503588024108
   36   -0.148968934935816    0.975789724508976   -0.160133288128314
   37   -0.656885967793860   -0.733073185464759   -0.176364764247498
   38   -0.590251453012145    0.761714036650108   -0.267198331932012
   39   -0.466850685266954    0.577522478383480    0.669715032403767
   40   -0.736282591459234   -0.130300397212269   -0.664010355341240
   41   -0.619420248799340    0.449658917394565   -0.643525767459945
   42   -0.434969916655994   -0.896021788451433   -0.089141046799846
   43   -0.670596042878512    0.111867073073284    0.733339420212562
   44   -0.623057812282914    0.632866288572087    0.459651197477197
   45   -0.430383069586231   -0.828742488511120   -0.357709800187150
   46   -0.327674126503297    0.862765394625952   -0.385052646603326
   47   -0.390770282741696   -0.664083454442964    0.637410191055237
   48   -0.542619689275155   -0.267491680829671   -0.796248751018079
   49   -0.476745028612988    0.820238095428977    0.316107014316112
   50   -0.748365923235398   -0.381703702711298   -0.542448825490954
   51   -0.498336302501216    0.684816043300898   -0.531684038172220
   52   -0.626438097080842   -0.644689194429563   -0.438122303827932
   53   -0.219329859555515    0.759716571572692   -0.612147975235720
   54   -0.206714073004060   -0.526986875037980    0.824350729701731
   55   -0.528672830355741    0.002047960291202   -0.848823211453537
   56    0.243476715330472    0.967221163031865    0.072127046765895
   57   -0.188527825178258   -0.949935681956145   -0.249157498944083
   58   -0.496981587677347    0.304643107242791    0.812528078726613
   59   -0.169242201751697   -0.847000433057100   -0.503931883836817
   60   -0.032281111418527    0.995001510758029    0.094498272126135
   61   -0.537211154131780   -0.757652538979588    0.370630282160248
   62   -0.305617001408531   -0.195149140990871   -0.931941554616266
   63   -0.373951042228203    0.547475499625205   -0.748619526412832
   64   -0.283262333809630    0.470181633816288    0.835877790987754
   65   -0.220505601285486    0.228958637850729    0.948132491772782
   66   -0.326886445633530    0.776376827442170    0.538873151559723
   67   -0.325060423114006   -0.466425421798243   -0.822668248582182
   68    0.050189146854320    0.183101497386369    0.981812044738149
   69    0.219914566935589   -0.745508402660969    0.629169933174991
   70   -0.487748818136965    0.279485580701721   -0.827036214797040
   71   -0.280690928466179    0.079548992126930   -0.956495980403673
   72   -0.407620302448156    0.904323185306753   -0.126669907826292
   73   -0.130889900746147   -0.649960480001698   -0.748611520295156
   74   -0.236893782570269    0.350485175534486   -0.906113391088615
   75    0.740765359737928   -0.633113400567746   -0.224575385636723
   76   -0.148745134352492    0.672114673210968    0.725352845903959
   77   -0.036219535609315   -0.129045670445146   -0.990976972577874
   78   -0.372307356191999   -0.700469726721088   -0.608875516401019
   79   -0.095630259276472    0.599399130834795   -0.794717267627429
   80    0.070739293937539   -0.784750506944095   -0.615761799841631
   81   -0.173291901757136    0.919353152240328    0.353213389116505
   82   -0.279823285803269   -0.838940440380473    0.466773891961066
   83   -0.100537760950896   -0.739798023444895    0.665275163469979
   84    0.118603693731694    0.935906001237878    0.331682258615264
   85   -0.008785623785044    0.135880805687510   -0.990686236636212
   86    0.072566955395297   -0.932578715349661   -0.353597195494299
   87   -0.079504195511594   -0.391231869800480   -0.916851518485122
   88    0.253960129114577    0.399176351502812    0.881000847457601
   89   -0.047367335479907    0.905282917235345   -0.422160129916834
   90   -0.393930072741477   -0.900781599860161    0.182788421797617
   91    0.031791864329302    0.393500794188453   -0.918774402307511
   92   -0.321939155993681   -0.253479036536410    0.912197104728276
   93   -0.048100699887651   -0.333307803661247    0.941590266883019
   94   -0.014003217101983    0.448743740206916    0.893550762707918
   95    0.097162674615353   -0.991664895277149   -0.084617670356447
   96   -0.163934095612592   -0.986416356659565    0.010410744937409
   97   -0.009980082254202    0.829551163948576    0.558341530203300
   98    0.199711123704840   -0.293337730845080   -0.934916275786880
   99    0.039949749650533   -0.880194623069122    0.472928581313358
  100    0.103099890333560   -0.099847876932237    0.989646812800068
  101    0.121657029096688   -0.974098724413259    0.190607561150733
  102    0.123476390112211   -0.550268746560654   -0.825807415589993
  103    0.405853653385275   -0.435130453213708   -0.803706601142393
  104    0.491626763159590   -0.699930028211346    0.518074397508011
  105   -0.133309325676999   -0.952460187126589    0.273949293896381
  106    0.228640154798364   -0.379130732064333    0.896651307710050
  107    0.310704335602769   -0.832560645071509   -0.458590872255166
  108    0.242060240902448   -0.020658186661563   -0.970041277007378
  109    0.310181964346520   -0.871878821922454    0.378964996902416
  110    0.078411179379320    0.761689078331073   -0.643180717139052
  111    0.503029592591358    0.862733597325039    0.051497272005115
  112    0.954027312847367   -0.069859863599089   -0.291464381698945
  113    0.385421345930611   -0.553217378029927    0.738512639530786
  114    0.119728648832293    0.975703623705086   -0.183487027709202
  115    0.136426169752237    0.644041473612743    0.752727361315809
  116    0.364668704205448   -0.927552309816199    0.081629949943348
  117    0.077539198613131   -0.583483336995007    0.808415034575437
  118    0.268244674005749    0.787580524430520    0.554762753260614
  119    0.409503617003722    0.564137517705386    0.716976742145848
  120    0.716947647985467   -0.590361695991261    0.370754821889655
  121    0.390747973600335    0.865708398191656    0.312833806401529
  122    0.651631513660215    0.744960210972012   -0.142865861819510
  123    0.522877988211201   -0.313324987911189    0.792733285156275
  124    0.231722031936580    0.870033943006454   -0.435138872007345
  125    0.641460836398576   -0.331115550446117   -0.692019138188826
  126    0.643487270030061    0.729472986617550    0.231933816216031
  127    0.315442640080382   -0.667239134304841   -0.674750234139452
  128    0.387282463167376    0.901808834672825   -0.191711031057297
  129    0.547830542381789   -0.755807904392898   -0.358658763298614
  130    0.551956915954924   -0.593866666153911   -0.585376755398408
  131    0.686675316376042   -0.046272873847661   -0.725490062665052
  132    0.342524864926646   -0.918384529032715   -0.198107480273566
  133    0.358539404421281   -0.143386395284218    0.922436901432630
  134    0.315338740549698    0.129854382397275    0.940052827281931
  135    0.264510899716386    0.254638859302522   -0.930157532498844
  136    0.498067713486733    0.766871738497288   -0.404766956996547
  137    0.466364092727832   -0.169006151874424   -0.868298021213192
  138    0.575234859056611   -0.815018461724124   -0.069640246804292
  139    0.526045449044383    0.688100279710464    0.499794148227122
  140    0.212334364908777    0.556456261634843   -0.803287337362018
  141    0.725197857448185   -0.165158497299287    0.668439031118324
  142    0.367038553257541    0.685124923873177   -0.629195151849078
  143    0.493256241309415    0.112419799055149   -0.862589165935736
  144    0.644045008477745   -0.467317634528068    0.605656879358265
  145    0.547977396759719   -0.798621873641675    0.248845083498754
  146    0.748888711615081   -0.479476910518481   -0.457457746568091
  147    0.707261324785731    0.601367449949303   -0.371670026507124
  148    0.596774674590706    0.523980790719514   -0.607703972937573
  149    0.449201449546050    0.405967529421337   -0.795869601619049
  150    0.847053092998434    0.080039882561928   -0.525447118977027
  151    0.831174494087547   -0.311687969831384    0.460434110205467
  152    0.674314118574845    0.247645394496920   -0.695681125283053
  153    0.737023938339189   -0.668806643695055    0.097434016977378
  154    0.564543923372879    0.003359033645608    0.825396193034427
  155    0.827408830288406   -0.201004967018043   -0.524396444300347
  156    0.857238425037866    0.477434877186998   -0.192868402502936
  157    0.805373145038647    0.357473863655384   -0.472849377766166
  158    0.877394483624917   -0.019308119444884    0.479380972325840
  159    0.794677967798701    0.605478073563121    0.043396197179221
  160    0.897362987125401   -0.339448013277194   -0.281983537852023
  161    0.509451097619752    0.289829723135094    0.810221149268189
  162    0.881294226529388   -0.420453926561090    0.215728954768084
  163    0.649539386993551    0.430256929804355    0.626879222098940
  164    0.938443234414854    0.204745893463196   -0.278214692083193
  165    0.741834892846408    0.540577663180790    0.396808243142143
  166    0.730223700248965    0.144827113586608    0.667681402140932
  167    0.845706044470109    0.272092624528427    0.459071770014182
  168    0.958847247244895   -0.148327183804857    0.242097094149036
  169    0.885581001371977    0.412416303380851    0.213679860339435
  170    0.873238430199430   -0.484827877003979   -0.048954812865017
  171    0.962141471642276    0.130058495997363    0.239517381759527
  172    0.972797512305363   -0.230529121827539   -0.022832521584818
  173    0.953768103309532    0.300239734132885   -0.013509520981610
  174    0.999134539754820    0.032857126277287   -0.025506483915300
   
 U =    13871.3658725340     


 http://math-lab.ru/  - см. Задача Томсона
