    165
    1   -0.022314218631836    0.001193575450267    0.999750294335788
    2   -0.972421239694060   -0.130018547089992    0.193628794357849
    3   -0.789613245146544    0.076358951318039    0.608835144881398
    4   -0.887725434721608   -0.394177927272676    0.237838840813161
    5   -0.959473052310982    0.133023625553808   -0.248427407774521
    6   -0.764998696788288   -0.402067176779300    0.503109311451243
    7   -0.874563775397967   -0.151326798162600    0.460693393613921
    8   -0.935207567205942   -0.351046151797586   -0.046404800924572
    9   -0.934989999829570    0.115261379588411    0.335422889192250
   10   -0.895286002589482    0.407007876116075    0.181128579597002
   11   -0.927696645778963   -0.190989259847524   -0.320783472194805
   12   -0.804308151551322   -0.593978540920440   -0.016670041215299
   13   -0.994019170848454   -0.079042837223656   -0.075353287050976
   14   -0.304308231320013    0.034841119807032    0.951936235638437
   15   -0.775764697661952    0.630881991363605    0.013305894729513
   16   -0.760183804325265    0.588925520931934   -0.274385339325221
   17   -0.909678947507872    0.397843703764413   -0.119183051798415
   18   -0.603090036412346   -0.795949637403730    0.052407849574524
   19   -0.865469027696921    0.027208361909311   -0.500223017402796
   20   -0.539410289540394   -0.437777147850062    0.719296676176259
   21   -0.983489431055595    0.171486820912684    0.057799734040934
   22   -0.735736144386383   -0.625379524305342    0.259986108134807
   23   -0.831524810177271   -0.471602196482378   -0.293526588800145
   24   -0.689175829951512   -0.188741463528063    0.699580828322167
   25   -0.851002494203519    0.326375996615346   -0.411428564507533
   26   -0.278920488943175   -0.484240234643888    0.829285690217631
   27   -0.714613151214554    0.224586957377865   -0.662486786801789
   28   -0.733949715250333    0.611039229658115    0.296561756305112
   29   -0.639458615071385    0.294308583631489    0.710264132004294
   30   -0.595893885084999   -0.620974370375537    0.509216367622851
   31   -0.563993561307016    0.806307915323216    0.178266117059187
   32   -0.825714513545100    0.334308034945080    0.454349733016471
   33   -0.592205228830277   -0.364546812087241   -0.718608786992692
   34   -0.310975636582509    0.889995350182383    0.333470283692327
   35   -0.436440274576925   -0.218806929457462    0.872721842483970
   36   -0.114216621139081    0.984096877121001   -0.136043742584011
   37   -0.659002292098021   -0.714265847310178   -0.235669850375114
   38   -0.585109729703550    0.803155385200051   -0.112196396690784
   39   -0.427567869547569    0.552766053697737    0.715286940192524
   40   -0.701431443085942   -0.067421663402363   -0.709540872645425
   41   -0.677831157548804    0.493560369124600   -0.544924842419243
   42   -0.427908128749735   -0.892845035025827   -0.140436379829550
   43   -0.565332320601331    0.041113720182396    0.823837987286503
   44   -0.650233926478174    0.522834470468720    0.551216797046743
   45   -0.458823756827747   -0.779989664965379   -0.425554794025009
   46   -0.345192328487686    0.899712707548234   -0.267131615930190
   47   -0.359909713525122   -0.690330350093220    0.627621706006442
   48   -0.478513966127148   -0.144137365568969   -0.866169038968782
   49   -0.495683490433208    0.735118083098233    0.462492466115861
   50   -0.791229309194331   -0.290025927456056   -0.538368964256964
   51   -0.548291383758255    0.739470858912121   -0.390588539663196
   52   -0.658428539193358   -0.564112332913609   -0.498246058319046
   53   -0.259234516302150    0.809948726801491   -0.526099349467602
   54    0.006100875771554   -0.466739111776689    0.884374005075187
   55   -0.504643732914843    0.132644588877371   -0.853076852265566
   56    0.121546931109184    0.992450276779467    0.016394866827743
   57   -0.220453868198568   -0.922099945046491   -0.318012237722931
   58   -0.403390680868928    0.304687599602585    0.862810190735203
   59   -0.221701000274609   -0.769542535310540   -0.598876408639599
   60   -0.100885863901512    0.978513696549807    0.179813759566051
   61   -0.498999664294389   -0.804278845590632    0.322699354770796
   62   -0.220310372772748   -0.160829776859349   -0.962079582219738
   63   -0.451584707512379    0.630188400579618   -0.631612089589696
   64   -0.172980455811515    0.547756922945376    0.818559781123318
   65   -0.141807586768702    0.289160399050340    0.946719003694277
   66   -0.241021191947266    0.757754451740648    0.606396714947854
   67   -0.326031894160918   -0.407726033457563   -0.852914231110494
   68    0.129921610060508    0.243424529305055    0.961178897901893
   69    0.173474422669310   -0.644101438092614    0.745010041628015
   70   -0.491164087441997    0.395355191584537   -0.776177886630652
   71   -0.243640626506591    0.113079300554273   -0.963250910667429
   72   -0.353930061295260    0.934759316327930    0.030960171990398
   73   -0.118829232588732   -0.591210530559217   -0.797715313904818
   74   -0.235152289531986    0.377439679191290   -0.895680015016435
   75    0.742153452863257   -0.592511485169346   -0.313270477934901
   76    0.038656548454673    0.726677299725419    0.685890496599380
   77    0.031527945363088   -0.037737563160020   -0.998790200686774
   78   -0.430279435691294   -0.602890432396163   -0.671850231633769
   79   -0.208337709937568    0.617912667040104   -0.758142027940250
   80    0.105208264599807   -0.722728602520029   -0.683077292961304
   81   -0.029975808454807    0.891063127315706    0.452888456516431
   82   -0.250900405938905   -0.867083127888335    0.430367094038420
   83   -0.099257691554282   -0.699270092605293    0.707933081763453
   84    0.202230987295067    0.938889929755189    0.278546813986372
   85    0.026147579032238    0.252035540719958   -0.967364662536704
   86    0.001168838520049   -0.877907498511366   -0.478828839852018
   87   -0.022208626876709   -0.353002945208212   -0.935358593036157
   88    0.369494249005992    0.347741561866371    0.861713296927832
   89   -0.036461267655608    0.913952653406033   -0.404179568129089
   90   -0.330216561090938   -0.934244211104449    0.134702549341509
   91    0.041658990662003    0.521643284424739   -0.852146004104692
   92   -0.162579719830642   -0.241435841437573    0.956700877583543
   93    0.152311522601626   -0.235988755272282    0.959745022111505
   94    0.101677397242025    0.503171238870564    0.858184369039398
   95    0.097173661602567   -0.967468336894685   -0.233585737143736
   96   -0.126683330223477   -0.990515232716751   -0.053206274062085
   97    0.262466208909934    0.813420248141790    0.519094393240185
   98    0.241057358910612   -0.227637486272852   -0.943436550361718
   99    0.011947233773458   -0.863210014684458    0.504703610204662
  100    0.284890954661368    0.017175238185894    0.958406049201168
  101    0.174630228652535   -0.984114239742939    0.031991348454562
  102    0.193739903635876   -0.507236391488780   -0.839747636429304
  103    0.451818206689431   -0.397420080052227   -0.798697432120091
  104    0.276351487652083   -0.793765080374184    0.541818099043440
  105   -0.051574039994283   -0.971479882520002    0.231445363439392
  106    0.461206987430558   -0.183787782759697    0.868049633173993
  107    0.280723895087351   -0.846726973567217   -0.451937525506222
  108    0.282010122768976    0.091521194615416   -0.955036209571132
  109    0.235654624510549   -0.925648540392426    0.296043371174162
  110    0.019848926996313    0.755334648119080   -0.655038616760814
  111    0.389576551159872    0.920936915764639    0.010261967077245
  112    0.955626929995017   -0.120102050284598   -0.268984512910567
  113    0.468218688527410   -0.607143081381482    0.641987958176998
  114    0.197054885916280    0.949001173072659   -0.246101900527481
  115    0.326874593065236    0.613508603597381    0.718860343683269
  116    0.456928328939179   -0.883302999608187    0.104844232535839
  117    0.331055338472214   -0.430435649872119    0.839718711348160
  118    0.522834328565814    0.685469757045703    0.506730181703083
  119    0.567587353481473    0.443967179349018    0.693352536469561
  120    0.501965753591493   -0.778060891137180    0.377692509727347
  121    0.473962165767174    0.837228653089240    0.272778385997988
  122    0.626508816347542    0.779393404870069   -0.005711697107119
  123    0.610012250977650   -0.373370139596437    0.698913293989260
  124    0.245593620133769    0.830154565524956   -0.500526893470932
  125    0.671633573193536   -0.248510988280467   -0.697961769771918
  126    0.706834041956689    0.664970669858829    0.241246026617371
  127    0.386665991057114   -0.653262622950833   -0.650951117070412
  128    0.461340956680445    0.845917694623476   -0.267558919888828
  129    0.531417133304644   -0.750673182162892   -0.392537391864408
  130    0.625492053109126   -0.523503005063779   -0.578536338691463
  131    0.688683053373415    0.037717730547530   -0.724080813720826
  132    0.382541365907918   -0.906814535711970   -0.177057903497101
  133    0.693547951163303   -0.094275160725918    0.714215257123010
  134    0.524965985025376    0.115872214881072    0.843198875939058
  135    0.286326064514984    0.377783794687652   -0.880509391915134
  136    0.686509086792652    0.674266507187371   -0.272157952366750
  137    0.479679731898681   -0.100197300755470   -0.871703995474913
  138    0.630424027296749   -0.769475155769397   -0.102340268030773
  139    0.731010804346122    0.496527611333181    0.468063601568207
  140    0.285843968063648    0.629593343823679   -0.722430237001848
  141    0.810328603035607   -0.298107193511713    0.504479589556338
  142    0.493468394139791    0.696845259871894   -0.520476346992992
  143    0.519843538170345    0.214091614343629   -0.826999078893245
  144    0.688624792659738   -0.561150323749069    0.459245260281091
  145    0.689082764049478   -0.699688439555370    0.188682356998481
  146    0.817163018303347   -0.328347833243636   -0.473742864771146
  147    0.823651574569322    0.566089458448517   -0.033775860358255
  148    0.701817447517766    0.503484687222796   -0.503939917144704
  149    0.529691576542504    0.458760012225280   -0.713418590256083
  150    0.932790348869898    0.162148445884587   -0.321885144970045
  151    0.858421319341378   -0.445704079528984    0.253891142010567
  152    0.777362702548423    0.255575949398881   -0.574794017692836
  153    0.825176262272949   -0.564771490942265   -0.010830475524988
  154    0.864066190526326   -0.012544391376463    0.503221876148402
  155    0.853582680307553   -0.039978091608800   -0.519421177918548
  156    0.956377217318062    0.288258448278722   -0.047430846407206
  157    0.858900282947215    0.423690191220505   -0.287709794440034
  158    0.949037267300124   -0.152586656143815    0.275763626394712
  159    0.882130863149965    0.425703930146266    0.201547275189523
  160    0.898543172101075   -0.384587225834359   -0.211454093352598
  161    0.716163698811925    0.207303657962568    0.666434355281419
  162    0.960758063517256   -0.275344286149652    0.033607550807985
  163    0.863087132968441    0.258366789091101    0.433966822693938
  164    0.999495860902704    0.005302054668360   -0.031303550192529
  165    0.968637396126632    0.127466030975948    0.213293238927672
   
 U =    12442.9602012569     


 http://math-lab.ru/  - см. Задача Томсона
