    291
    1    0.032352554926470    0.002701295824212    0.999472868661576
    2   -0.168468195707819    0.026453903406574    0.985352047762376
    3   -0.962163039937077   -0.192749333449249   -0.192587587953933
    4   -0.974236205900270   -0.096360044417832    0.203908207173816
    5   -0.911855727645282   -0.395494917588490   -0.110013190673515
    6   -0.807556697259998   -0.086458144552351   -0.583418520404597
    7   -0.821352716547259   -0.500537363656907    0.273572773871656
    8   -0.909379699721545   -0.403243610393814    0.102093841199720
    9   -0.877223002929675   -0.362490908045534   -0.314769986999026
   10   -0.975221582679251   -0.219206726554915    0.029854241066487
   11   -0.998739639521178   -0.025657346329039   -0.043137373917050
   12   -0.804203629421342   -0.311188228192441   -0.506377733574443
   13   -0.805412415220912   -0.566571704560048   -0.174090048537929
   14   -0.904918293334007   -0.146934703906484   -0.399415917531314
   15   -0.676532091172825   -0.057916291440640    0.734132163032711
   16   -0.919369194657892    0.242052617527124   -0.310114195518951
   17   -0.828349474117131    0.454821719946853   -0.327069337900174
   18   -0.885243519318100    0.078630710042969   -0.458433335331805
   19   -0.688832751040521   -0.724682622458079   -0.018561729478371
   20   -0.694102812702115   -0.242309116588154   -0.677869882364810
   21   -0.808478825903145   -0.373176661397152    0.455083692802485
   22   -0.964015131276628    0.018275290426128   -0.265218476787620
   23   -0.815954363445253   -0.576488775434023    0.043349378002833
   24   -0.759993550923641   -0.527726570007421   -0.379360606629996
   25   -0.916879498402628   -0.288636581299200    0.275718895516531
   26   -0.819258759662384    0.294604274719474   -0.491958744239255
   27   -0.603005697675808   -0.272646223491965    0.749698716409520
   28   -0.762282069335373    0.124755053623179   -0.635108040702730
   29   -0.952297322039342    0.300604179420789    0.052601689625441
   30   -0.930240446349946    0.035594769527057    0.365220103987950
   31   -0.697593531991745   -0.570036565556892    0.434075544175648
   32   -0.978246889551211    0.174508306068460   -0.112160038322467
   33   -0.986517866028128    0.101066491533901    0.128716993036415
   34   -0.558502984627179   -0.390001792551274   -0.732101781154319
   35   -0.851243361520316    0.524559639709500    0.014897108962204
   36   -0.760348101853216   -0.223313443890873    0.609919560094451
   37   -0.635992801331708    0.758631540599996   -0.141390743194608
   38   -0.663430751083440   -0.709685420349760   -0.237078557992593
   39   -0.908710431382402    0.392178086588848   -0.142974474282363
   40   -0.847588208923695    0.197086419267152    0.492697850039936
   41   -0.525074692967511   -0.192860807813466   -0.828915722866089
   42   -0.713799868659642    0.498499667114380   -0.491922584751230
   43   -0.532929928989665   -0.840111143812311   -0.100989884787739
   44   -0.885371563793716   -0.160105689450826    0.436443996671905
   45   -0.928628835311173    0.234076980668644    0.287847969160223
   46   -0.484949981816153   -0.813026030107371   -0.322198990539018
   47   -0.781163548235440    0.599595142243020   -0.173980390581208
   48   -0.664350156995937   -0.433717929247717    0.608709805037299
   49   -0.474763687165546    0.011350860789113   -0.880040112329161
   50   -0.882420320208001    0.425408849631841    0.200902187989386
   51   -0.676554865241285   -0.468751141389828   -0.567931229784100
   52   -0.670112559148898    0.652545807867434   -0.353741610085034
   53   -0.604935829036809   -0.664961334524655   -0.438040028233425
   54   -0.519243225654540    0.681492563638110   -0.515707628717887
   55   -0.419576910520598   -0.305985601543140    0.854592316725509
   56   -0.659489025404127   -0.035491884812594   -0.750875856239874
   57   -0.549271415383217    0.834135532130379    0.050187909704298
   58   -0.350612466329097   -0.917192427835049   -0.189285363345075
   59   -0.820337619828201   -0.006602843036782    0.571841404550626
   60   -0.398279750983664   -0.760924762036567   -0.512217479666581
   61   -0.623839229232740    0.742034417383640    0.245376322183750
   62   -0.708263590113301   -0.672537677228629    0.214606056829107
   63   -0.499485378642266    0.378452907594645   -0.779286695161512
   64   -0.392087480997477    0.589756776395612   -0.706012997005374
   65   -0.719781369935566    0.157214897318666    0.676164370219817
   66   -0.561162149066481    0.116562832424301    0.819457228018835
   67   -0.821272865081457    0.405646632544787    0.401200312295455
   68   -0.320954406468331   -0.144197576408799   -0.936053058285902
   69   -0.412270224437750    0.289489969330950    0.863845367932718
   70   -0.345409202898634   -0.649411117868710    0.677464155908963
   71   -0.681704167395052    0.328856491028707   -0.653554004244871
   72   -0.597121806709197    0.172011094296200   -0.783490734719542
   73   -0.720800978271214    0.691790729931018    0.043261249459199
   74   -0.363873098765466   -0.336845028197786   -0.868407620287414
   75   -0.571652028744794    0.519183025022000   -0.635344744655188
   76    0.176227984536968   -0.920907431469104    0.347668232847085
   77   -0.728585527096387    0.360367814000216    0.582493062910097
   78   -0.206074308582421    0.271468795711135   -0.940126625672001
   79   -0.511337154218734   -0.602115018390930   -0.613181718044151
   80   -0.179018378218280    0.625116725311291   -0.759724621159657
   81   -0.393590552452917   -0.514449454264072   -0.761858409435248
   82   -0.769059340079221    0.593815399167598    0.236497363935284
   83   -0.536361256581058   -0.622157432928742    0.570295301655472
   84   -0.489982434768320   -0.476273762777104    0.730123630975363
   85   -0.540277826928841    0.718174952596718    0.438548295164570
   86   -0.305535474078641    0.441730845237605   -0.843517595812447
   87   -0.266588948927762   -0.881899357560408   -0.388823681691496
   88   -0.405310347311533    0.220587633451521   -0.887166623769437
   89   -0.217968664248001    0.240620587693489    0.945828416883307
   90   -0.516327310327863    0.800577726020474   -0.304107568484379
   91   -0.565520489787032   -0.812604553389345    0.140926986208954
   92    0.032614097842118    0.660060050739394   -0.750504530326002
   93   -0.502291935463334   -0.098650175317214    0.859052358403364
   94   -0.299550915892112   -0.129392322790894    0.945265505342797
   95   -0.585291425762627    0.326985147794270    0.741966751310806
   96   -0.216324397956080   -0.975489872836169   -0.040289736199365
   97   -0.401256510055354   -0.914448920034268    0.052691420424564
   98   -0.693416757723438    0.574207492464168    0.435268831535555
   99   -0.056907169054996    0.087397934503997   -0.994546718437390
  100   -0.388266093479804   -0.773508481072710    0.500933199501212
  101   -0.375939546635622    0.078596981204339    0.923304918118044
  102   -0.418744476392816   -0.858886360891194    0.294902157614332
  103   -0.266999164789452    0.059097500085836   -0.961883013409292
  104   -0.108797241594065   -0.122115145180826   -0.986534870918909
  105   -0.179441308619332   -0.778071277423682    0.602001581400964
  106   -0.569949859900284   -0.732681169571663    0.371934753625883
  107   -0.070685367699144   -0.456798222761652    0.886757555634590
  108   -0.126854105577698   -0.961872947307626   -0.242298306093590
  109   -0.092626593269838    0.472372678436774   -0.876518320907038
  110   -0.219262141510238   -0.882453033421547    0.416173950536858
  111   -0.281086750950427    0.740465396350708   -0.610492616865529
  112   -0.201123663652630    0.975387084755378   -0.090384217711662
  113   -0.197008156616262   -0.514212378818669   -0.834729546437831
  114   -0.290639082627543   -0.493231180547050    0.819909706117438
  115   -0.435270898084166    0.892335123777072   -0.119487539746877
  116   -0.594157818302935    0.520239813709838    0.613454988716083
  117   -0.251967056638101   -0.945480747651803    0.206346209533684
  118   -0.212777059435507   -0.315941768810421    0.924611659941038
  119   -0.438091710743963    0.656899947059850    0.613643310507166
  120   -0.428804533698374    0.486039376417861    0.761506662118630
  121    0.000697009204577   -0.865411226176413    0.501061796374465
  122   -0.447847540799440    0.861299896003641    0.239989727580184
  123   -0.104826982964521    0.988940781956054    0.104916316303542
  124    0.079216049202790   -0.580382731979512    0.810481771521543
  125   -0.370358048877751    0.814955338231114   -0.445738390000318
  126    0.107147609173771   -0.083860360244502   -0.990700171509023
  127   -0.335678450041385    0.939349808427825    0.070298759479969
  128   -0.287531782072774   -0.675505676121818   -0.678982736028877
  129   -0.292881503932037    0.916470444708552   -0.272584571519036
  130    0.019170764968131   -0.996651358830457   -0.079489311935255
  131   -0.167734926938575   -0.806240685810473   -0.567310277386872
  132    0.057042136641462   -0.291686554857910   -0.954811577413314
  133   -0.072344069033655   -0.991291286342315    0.110036000006597
  134    0.104201588115056   -0.353624418311378    0.929565382212698
  135   -0.014820105713715    0.220251119684975    0.975330615096311
  136    0.117789312559242    0.502367513023790   -0.856593579070678
  137   -0.160889872410772    0.878903103873731   -0.449047639963476
  138    0.159942738914281    0.121883433616463   -0.979572737921212
  139    0.133168316685097   -0.981260820312673    0.139260195140455
  140   -0.360146734770614    0.830087870092978    0.425732847403824
  141   -0.064822702210141    0.786636243362495   -0.614004428246830
  142    0.170564771453005   -0.144723019874707    0.974660405606758
  143    0.058179567262266    0.893186635001696   -0.445906686435091
  144    0.000715501444393    0.294831634257888   -0.955548949818117
  145   -0.133861251567684   -0.635326521777419    0.760553335443965
  146   -0.036579822699103   -0.949054784990236    0.312980720905360
  147    0.104664529700610   -0.957855359170475   -0.267504106755300
  148    0.025224304768966    0.997009358194114   -0.073048436822998
  149    0.276181231208941    0.860834828837429   -0.427419378349119
  150    0.160558443367585    0.781208606686119   -0.603269507851102
  151    0.269442191490097   -0.223077548671173   -0.936822989002658
  152    0.260974286000094   -0.485795976697634    0.834203027488592
  153    0.344293838408272    0.448116261432273   -0.825017314408650
  154    0.039976581751725   -0.742467741820750    0.668687913205438
  155   -0.054620699079108   -0.196791929029267    0.978922630191503
  156   -0.155914491071012   -0.324221605052481   -0.933043955176422
  157    0.121023180092961    0.983914212105266    0.131400963076611
  158    0.327108916603707   -0.007834463880263   -0.944954167065291
  159    0.187749876684019    0.142499354899565    0.971825044778299
  160   -0.234506439765083    0.934300808007037    0.268493444735813
  161    0.231963467939878   -0.971055155823154   -0.056963443457847
  162   -0.029424705457644    0.421312250608563    0.906438180018846
  163    0.249396921661009   -0.672184453610826    0.697114937287910
  164   -0.235444590012155    0.439696435845606    0.866736920488956
  165   -0.076154186933706   -0.670450633077291   -0.738035560402563
  166   -0.259748944717378    0.761397467567091    0.593973385010330
  167    0.176347246285800    0.352674514042231    0.918978963781267
  168   -0.248588051545055    0.615457838335126    0.747940926718740
  169    0.449351123854731   -0.392294652182550    0.802613526773292
  170   -0.135507318720057    0.878524160342387    0.458075393650438
  171    0.415121986105785   -0.729780241938253    0.543226044228489
  172    0.315222028976020   -0.272638595616181    0.909012248888142
  173    0.438729148831132   -0.573664230394077    0.691683514862312
  174   -0.043472854050925    0.602124681038417    0.797217648729035
  175    0.471083989014156   -0.128414216004877    0.872691047520463
  176   -0.060452436100997    0.758851595420624    0.648451817097484
  177   -0.032585641740923   -0.902161239069933   -0.430166566195161
  178    0.600429882206623   -0.598272221859418    0.530616909931012
  179   -0.007540280082948    0.952871044387016    0.303281910019487
  180    0.076200167164682    0.859367750788420    0.505648695666197
  181    0.155679425861078    0.953993422392167   -0.256242983115724
  182    0.255361052904387    0.630863375307508   -0.732667819926043
  183    0.049911657257149   -0.792163729541143   -0.608264294586910
  184   -0.066293627312512    0.960994648011082   -0.268504080922073
  185    0.212858227212134   -0.436411402484875   -0.874206190145833
  186    0.241471703619385    0.968999341553604   -0.052265594991673
  187    0.134801908403785   -0.633504628898200   -0.761905722944284
  188    0.464442401515907    0.556307387602861   -0.689068462616464
  189    0.191140971055673   -0.872756445213844   -0.449178490715650
  190    0.203861737293585    0.324284455417832   -0.923731554101083
  191    0.368364534498460    0.899954230476230   -0.233216536231182
  192    0.618796142915027   -0.432932034670786    0.655485458930477
  193    0.440761704818246    0.897283283631941   -0.024735166876254
  194    0.203951699964630    0.917749781562667    0.340791787640511
  195    0.377741666869948    0.726145040301624   -0.574477687604720
  196    0.259084588576683   -0.744744625880329   -0.615004567612648
  197    0.279181508773605    0.795422119242449    0.537923170516706
  198    0.484240018112811    0.781275362820913   -0.393853287795284
  199    0.007173335064766   -0.490742845659444   -0.871274929455748
  200    0.410467119590012   -0.357156128386878   -0.839021003128751
  201    0.163029037765517    0.545177814685141    0.822315440217672
  202    0.402009494350788    0.838903472475119    0.366918697153759
  203    0.473923172314781   -0.141445485535191   -0.869131751442098
  204    0.373308085492869    0.209536042762825   -0.903734319415249
  205    0.763614780844555   -0.403228414933109    0.504280985033399
  206    0.580298392633757    0.627224627184376   -0.519464187947637
  207    0.330815097219114    0.929615294052978    0.162409287033421
  208    0.724714778422501    0.672944238960474    0.148103143740888
  209    0.526614272482326    0.829641418203620    0.185398288069219
  210    0.139688361887652    0.714783437600622    0.685253091116692
  211    0.642139779782977    0.561077514988937    0.522349045556808
  212    0.526991110215107   -0.477773945936647   -0.702860175524532
  213    0.336730907011981    0.631082977418103    0.698817981935203
  214    0.330207503930070   -0.001490126670313    0.943907190284500
  215    0.873466998815269   -0.355349538757512    0.332839461731134
  216    0.472911303511728    0.696008717488178    0.540302474722539
  217    0.214921035241582   -0.817237836795093    0.534725412451254
  218    0.369990032394282    0.233145685883499    0.899305546009136
  219    0.738685038985057   -0.565065304571353    0.367485529986324
  220    0.358914590405811    0.441486634760872    0.822356290254625
  221    0.516811255250452    0.510596772215881    0.687165964414112
  222    0.564837537268612    0.801156785291083   -0.197753285369388
  223    0.539876303558312    0.309291415460502    0.782861671803297
  224    0.337898832577173   -0.567953393611446   -0.750502046385102
  225    0.521486737826993    0.091512921880362    0.848337767283456
  226    0.798911159455075    0.405981317877275    0.443756835251897
  227    0.378725158231480   -0.850317116914884    0.365414908294804
  228    0.312792664666592   -0.916100541810830   -0.250839682316566
  229    0.566695887676783   -0.735005364001614    0.372320944588239
  230    0.504169303728064   -0.834918024622786   -0.220737865665011
  231    0.397655958437023   -0.811600740544866   -0.427988290338132
  232    0.685661742407874    0.369413291930692    0.627217501942610
  233    0.595941402117047   -0.248658128522112    0.763559415083495
  234    0.675578108785774    0.662227919188927   -0.324111712185999
  235    0.516875522943324    0.329769774795973   -0.789994676825786
  236    0.659443685040602   -0.043304685124761    0.750505649883008
  237    0.330987365958031   -0.929268721517676    0.164033553839049
  238    0.519981127362660   -0.834985538755663    0.180052151488322
  239    0.430354299377430   -0.902158817207877   -0.030077326035509
  240    0.600059339082072   -0.272864072895078   -0.751980044484889
  241    0.614112312492542   -0.789161262005424   -0.009516837451004
  242    0.631957571618010    0.435848585250404   -0.640831989221737
  243    0.452099005990095   -0.671297367482329   -0.587338346435905
  244    0.590159448772437    0.725027971272000    0.355029950705318
  245    0.770136977547090   -0.637722115093548    0.014125853434227
  246    0.627586160099621   -0.567965568969080   -0.532494811352225
  247    0.522639960957585    0.083154029316195   -0.848488584848809
  248    0.820910535579037    0.207718948673574    0.531938653358904
  249    0.689399643780632    0.164909846348242    0.705360102169478
  250    0.748612607203824   -0.221981104773061    0.624742789841727
  251    0.739950318467508    0.583959693852288    0.333863148843617
  252    0.588119772164517   -0.709265268277477   -0.388661694542228
  253    0.676451934614272   -0.708311514625973   -0.201761191523217
  254    0.690458468388743   -0.695506234128032    0.198842102481629
  255    0.844302992549344    0.535291280891197    0.024813330572151
  256    0.621364910154551    0.783484502052166    0.007594963640197
  257    0.805022504481040   -0.003707991579211    0.593232684599831
  258    0.662761264751429    0.196442530916570   -0.722604897570020
  259    0.741062392267536    0.662406380440217   -0.109746607778127
  260    0.708314518004958   -0.386290464447301   -0.590821648774393
  261    0.911525802152528    0.046914288297655    0.408558149549994
  262    0.919760575021589    0.380400122779101   -0.096624175161298
  263    0.761432219745013   -0.523691772480356   -0.382057459252617
  264    0.868347560131367   -0.178451088249749    0.462739369317526
  265    0.651145839714441   -0.050081921327723   -0.757298419765088
  266    0.782568002539536    0.055674104358702   -0.620070734275645
  267    0.759340294472759   -0.180666203396763   -0.625109622498505
  268    0.859719458476501    0.459571406045317    0.222882425198584
  269    0.908567271050769    0.260172610217875    0.326826753598564
  270    0.743165457083732    0.494619485897408   -0.450618095029607
  271    0.769306623491893    0.300776712256117   -0.563649437519372
  272    0.824457994049802    0.515833134060481   -0.232777133440374
  273    0.808761093989163   -0.559575802112821   -0.181053623380605
  274    0.839160574750959   -0.511124474549269    0.185906700525756
  275    0.974304288481699    0.096744805256308    0.203400088746513
  276    0.869392697951545    0.347402645466081   -0.351379764175034
  277    0.892389687501565   -0.381598971292295   -0.240879369705091
  278    0.943962021281685    0.312068731683226    0.107465385512812
  279    0.894985913243254   -0.445882027416109   -0.013763456086272
  280    0.875017110403610    0.158813671107501   -0.457299982910863
  281    0.954162264196495    0.211832249555028   -0.211427225379973
  282    0.839131212117443   -0.315487586108322   -0.443087341121200
  283    0.943731991094383   -0.299318223341071    0.140636162351565
  284    0.989055670463913    0.147222149772292   -0.009722105718603
  285    0.873333715259107   -0.088851993675729   -0.478950461959870
  286    0.939746126214901   -0.183208995530516   -0.288637631331720
  287    0.966244607792044   -0.246931637317555   -0.073458317462834
  288    0.951404496026175   -0.128015216972549    0.280074256518966
  289    0.948075272207389    0.032600287172265   -0.316370825938756
  290    0.993482544645764   -0.081309157946246    0.079882753572032
  291    0.991834989196225   -0.031097131646515   -0.123678302905094
   
 U =    39600.3204368430     


 http://math-lab.ru/  - см. Задача Томсона
