    201
    1   -0.132498581594500   -0.012388165348855    0.991105776007150
    2   -0.997636555787186   -0.030642029683180   -0.061500964008503
    3   -0.928016155033756    0.087790473995466    0.362048130325258
    4   -0.959832130921914   -0.280420986454265    0.009292513433596
    5   -0.807878421123549    0.113651571871900   -0.578286933013334
    6   -0.895517231758979   -0.342890331221681    0.283681350069792
    7   -0.974477344923766   -0.102793831775606    0.199567864094439
    8   -0.940285627333334   -0.229416879334253   -0.251457420862640
    9   -0.978402679191321    0.167648267806038    0.120922519213255
   10   -0.900700729186073    0.434436021840401    0.001881321653158
   11   -0.843404993157906   -0.133357543137423   -0.520464968278041
   12   -0.865340276904073   -0.467404443230459   -0.180884746775416
   13   -0.945900071233673    0.007403844526744   -0.324373609170592
   14   -0.603502622650317    0.014475992519333    0.797229596850725
   15   -0.851705449622138    0.456702632267652   -0.256944610302979
   16   -0.687755933890257    0.603266117063948   -0.403809072955682
   17   -0.893466120317929    0.243022811227922   -0.377701211365421
   18   -0.725798668541051   -0.680137045621274   -0.103101367195601
   19   -0.669977476031775   -0.023820184920356   -0.741999178166965
   20   -0.752948467351162   -0.388576590535007    0.531109064883783
   21   -0.966334870209531    0.221690952462509   -0.130575802556958
   22   -0.860632657820912   -0.502591885246226    0.081931832499691
   23   -0.820287829630494   -0.373134283742066   -0.433472816744474
   24   -0.873603729476533   -0.158493247565697    0.460104786239799
   25   -0.752776173427240    0.387167755139995   -0.532380655264726
   26   -0.484286183239887   -0.225571993905758    0.845330804057395
   27   -0.634984155620478    0.248486701866308   -0.731470765722426
   28   -0.769766875658682    0.627174870632556    0.118788209792507
   29   -0.829949167975340    0.284407026913917    0.479892718864359
   30   -0.751350639239150   -0.557818151263310    0.352577831175053
   31   -0.748954686871896    0.649210669777947   -0.132636281835283
   32   -0.893530929568581    0.373997899662162    0.248451300967814
   33   -0.479110863264151   -0.405209934064130   -0.778625513349019
   34   -0.588447455738083    0.808326971764777    0.018360243815459
   35   -0.702825367846846   -0.195396572426319    0.684000498387970
   36   -0.124126808717480    0.976133387751766   -0.178202538348572
   37   -0.709460854509752   -0.613239532827179   -0.347278809166636
   38   -0.564891304415414    0.786793885239308   -0.248703028421221
   39   -0.677995658334511    0.461552542952102    0.572093643885336
   40   -0.479798190301055   -0.167913748651870   -0.861161233217979
   41   -0.564508415817077    0.503489788617334   -0.654085836285855
   42   -0.532485244419422   -0.823822963094064   -0.194358405927049
   43   -0.797385083556160    0.043992206317187    0.601865196124083
   44   -0.748401580969248    0.559943655827787    0.355468952091379
   45   -0.507145192219287   -0.746275616247557   -0.431133921888769
   46   -0.348043455588690    0.873767737440599   -0.339699417176156
   47   -0.556684701132358   -0.434638303101490    0.707948931069349
   48   -0.252487918275801   -0.080803423551687   -0.964220233072859
   49   -0.585599419960215    0.761524297670006    0.277766202768558
   50   -0.684901199989023   -0.268824917065508   -0.677232242453296
   51   -0.483478817313602    0.710543007383939   -0.511250298647177
   52   -0.648597385380278   -0.502119441025858   -0.572011799372834
   53   -0.244713504219281    0.775490141747609   -0.582005447487387
   54   -0.321537022933336   -0.441931027083235    0.837443078772715
   55   -0.470211867874835    0.090760909658298   -0.877874282905962
   56    0.096224966376755    0.981197248311242    0.167310238037722
   57   -0.306972443297946   -0.897790131460626   -0.315817667187257
   58   -0.662611033602875    0.246670973309206    0.707177523026869
   59   -0.264395062907104   -0.786011915552905   -0.558820650405120
   60   -0.145982644883795    0.987018020911414    0.066966363114985
   61   -0.706696885717870   -0.691690972829582    0.148805610857692
   62   -0.008689316330389   -0.000687071665802   -0.999962011135541
   63   -0.338021728720778    0.587563017148853   -0.735194540099118
   64   -0.448899632998080    0.247185780423161    0.858713170651750
   65   -0.378986385660029    0.002001194696874    0.925400083587706
   66   -0.535133254626783    0.666058725459755    0.519613485228659
   67   -0.254815850479377   -0.334143805551296   -0.907423164546822
   68   -0.203036326672756    0.229130667318564    0.951984972226654
   69   -0.125357856305868   -0.774425661685361    0.620121199755006
   70   -0.419048547377403    0.352340227612139   -0.836812212474886
   71   -0.241686237335493    0.179476541683981   -0.953612045680931
   72   -0.372888847860958    0.923937304952662   -0.085403534222769
   73   -0.247499943565350   -0.567527503040669   -0.785274672472997
   74   -0.173129900904839    0.439949595678682   -0.881175573126516
   75    0.565730852794124   -0.791291847773266    0.231960802387825
   76   -0.484154972874503    0.477759528551212    0.733034647966529
   77    0.233661204345841   -0.165083842201378   -0.958201318423055
   78   -0.442861636890739   -0.625036424613567   -0.642808710641621
   79   -0.077107414383632    0.665776485905186   -0.742156396902171
   80   -0.058555152264359   -0.719864888221610   -0.691639961865266
   81   -0.386977196779768    0.905355823774545    0.174869898867666
   82   -0.570717408108859   -0.621620094114581    0.536535272535260
   83   -0.353090730736362   -0.640816489291749    0.681675262071215
   84   -0.158018551379569    0.936010827119038    0.314505753422473
   85   -0.002034548069945    0.256171652837701   -0.966629166173125
   86   -0.070147773780121   -0.896728776087540   -0.436986031779319
   87   -0.015024491779620   -0.255023733624795   -0.966818059375617
   88    0.000530314500446    0.394605563646883    0.918850460034415
   89   -0.105272230501377    0.903951001589100   -0.414475987496655
   90   -0.529497955737123   -0.846113178346111    0.061027897712859
   91    0.082530557120804    0.513090288118292   -0.854357690537176
   92   -0.226514575627792   -0.239169900490398    0.944186901904265
   93   -0.012345888213423   -0.375687920041839    0.926663998318084
   94   -0.259231996466347    0.458967679766536    0.849792587010380
   95   -0.095128455243143   -0.981217270303184   -0.167819085511216
   96   -0.320671474870949   -0.945800527758125   -0.051294901272367
   97   -0.360773895238345    0.826519953064058    0.432096012133343
   98    0.218604832130725   -0.407527163278628   -0.886641719387923
   99   -0.342728914161235   -0.806789302155910    0.481277376701462
  100    0.077764041972408   -0.142030284023248    0.986802995636104
  101   -0.337243660557922   -0.914457906010572    0.223681585179138
  102   -0.019601090648962   -0.498651317700177   -0.866581017909606
  103    0.184686457843831   -0.636481517531085   -0.748853917750602
  104    0.085055755158298   -0.866418789739033    0.492020324073713
  105   -0.543150671895721   -0.771637615644463    0.331002624977137
  106    0.200659720540792   -0.486985719660063    0.850047401854544
  107    0.130675575412228   -0.950021687576377   -0.283518407030684
  108    0.239923687375286    0.082292662040124   -0.967297545748254
  109   -0.127228181035038   -0.920467240718239    0.369530849476829
  110    0.061538668917157    0.813747901741792   -0.577950988093917
  111    0.326772723967161    0.907661581323980    0.263381929257750
  112    0.617645498085115   -0.610014558414956   -0.496383195945427
  113    0.103656443775601   -0.683946310576173    0.722130726332176
  114    0.120481537845604    0.989150933126079   -0.084051356527817
  115   -0.316207622586842    0.671689991659688    0.669959173772690
  116   -0.106068469551615   -0.988761613833865    0.105356303919745
  117   -0.108443474671064   -0.578478392300453    0.808457025724157
  118   -0.129834517106854    0.813779739673109    0.566485245584735
  119   -0.076769920256838    0.620673025750590    0.780302104603958
  120    0.339713392735445   -0.871568037816055    0.353502427507429
  121    0.069524767505445    0.906687035212624    0.416034766432634
  122    0.555796392438423    0.815224822943566    0.162784698940243
  123    0.398655990952415   -0.580005479150696    0.710399215253592
  124    0.134489298278383    0.933216929141087   -0.333194825609684
  125    0.422148411733723   -0.515641220570841   -0.745590269597792
  126    0.287016424619489    0.818237400527975    0.498105539394883
  127    0.140473223457850   -0.817515444731536   -0.558512104718205
  128    0.354866882001609    0.934800266999223    0.014763362646669
  129    0.365593865999751   -0.918939547508861   -0.147956862522718
  130    0.335486585020668   -0.853848202613862   -0.397984922031285
  131    0.632341125624490   -0.412111164178223   -0.655979488401598
  132    0.133683736132770   -0.990857844393698   -0.018149129374670
  133    0.285466927044530   -0.257383423367548    0.923180592809096
  134    0.068869675223452    0.146962803722231    0.986741557935368
  135    0.234892414690320    0.327063428873673   -0.915344234162398
  136    0.367548257581290    0.898989652697516   -0.238171960339074
  137    0.456572950138023   -0.280223346544755   -0.844402757724962
  138    0.363679595864212   -0.925357778674277    0.107005294257107
  139    0.103630804738471    0.743956894602956    0.660143011234674
  140    0.225886424478276    0.674212263124184   -0.703145182369463
  141    0.480620862550630   -0.363198164539147    0.798179603696112
  142    0.319179958279521    0.812271755113085   -0.488199498236317
  143    0.470518752816076   -0.026254506857382   -0.881999322062143
  144    0.295858120911472   -0.760497792901769    0.578023424510003
  145    0.117913273793080   -0.962634386257520    0.243785763033871
  146    0.577075574171385   -0.815851876531753   -0.037006719043763
  147    0.574596525113567    0.811890510271697   -0.103308434593590
  148    0.485745151549522    0.639153485186400   -0.596267113062770
  149    0.379838189472795    0.491170811912246   -0.783884036923507
  150    0.659932792401090   -0.155137982828987   -0.735133263971542
  151    0.629454719089843   -0.491999742750011    0.601434127523081
  152    0.463596559621914    0.234601338002596   -0.854424041161130
  153    0.527123858916581   -0.701417165498277    0.479744095643975
  154    0.295349361444175    0.019259453735348    0.955195178032393
  155    0.399495956931189   -0.704657888988676   -0.586395975328664
  156    0.741623850260845    0.669619126201695    0.040053595957904
  157    0.657809212419101    0.124935471393576   -0.742750407636527
  158    0.504147129377037   -0.106663684403104    0.857005560291442
  159    0.512158747934155    0.749048382135278    0.420261749550255
  160    0.732857579886719   -0.652935899746397   -0.191296833285194
  161    0.265808503792877    0.295270337766677    0.917693449331826
  162    0.722345476782224   -0.593889106181629    0.354277774819488
  163    0.187700538994574    0.536984101633425    0.822445488925612
  164    0.800201596194609   -0.280417907244703   -0.530135079714691
  165    0.364614535162969    0.647069621396974    0.669594762384735
  166    0.493858160279843    0.166118781451704    0.853527192287398
  167    0.445135124479771    0.426846837759629    0.787182633223691
  168    0.682895382778978   -0.243515686905747    0.688733625148341
  169    0.586755713801373    0.558155228891370    0.586668963541334
  170    0.744875856333162   -0.660897666804781    0.091510833587803
  171    0.684736967153577    0.025692157018258    0.728337283736780
  172    0.807653891189858   -0.364303908297344    0.463657043993900
  173    0.653874356773431    0.306883861950444    0.691571124923903
  174    0.837009045430621   -0.110176249823927    0.535982324188080
  175    0.816030909691088    0.160562800567683    0.555259526260106
  176    0.553347778629952   -0.773451881527985   -0.309157601954274
  177    0.871204846568991   -0.447978290302789    0.200792347294638
  178    0.704627858789761    0.635846567498237    0.314958288060605
  179    0.766199333875570    0.432917373463712    0.474890649015027
  180    0.553764185996034    0.748563778161671   -0.364688217978692
  181    0.603329014004098    0.401189629523882   -0.689232168447855
  182    0.792756217944930   -0.482383782477308   -0.372617049143670
  183    0.742453402203853    0.630799326018093   -0.225510877456152
  184    0.809038447591144   -0.000151930464271   -0.587755703703883
  185    0.883842930788655    0.462100349025910   -0.072697600545366
  186    0.920956442003665   -0.310956502463346   -0.234830333448880
  187    0.781548108990378    0.281589767771036   -0.556677425463094
  188    0.870660743784776   -0.487861797600981   -0.062775279160510
  189    0.912659091547419    0.144494973238360   -0.382327850574198
  190    0.695435590597185    0.538307254559669   -0.476019578399015
  191    0.933568239355839   -0.214527440115945    0.287103326179510
  192    0.856177354461390    0.401922288643546   -0.324682632117934
  193    0.856111756372202    0.482250283735782    0.185761471888174
  194    0.965521744120694    0.213796224092672   -0.148522510731028
  195    0.966550607701816   -0.255236653753641    0.025182798333266
  196    0.900149087561035    0.277827181103277    0.335475301033091
  197    0.964151215586238    0.248178427340363    0.093914331634977
  198    0.916767264390739   -0.112311409119757   -0.383306574849761
  199    0.987685771134935   -0.044766591598875   -0.149909205101650
  200    0.938673025534869    0.032462033020308    0.343277100234495
  201    0.995146795802776   -0.003666465181164    0.098333167530304
   
 U =    18627.7800224541     


 http://math-lab.ru/  - см. Задача Томсона
