    171
    1   -0.085718723570516   -0.009935855407927    0.996269832528695
    2   -0.984408514535891   -0.122832717157150    0.125904726301407
    3   -0.836947979864093    0.111965004304031    0.535706931831773
    4   -0.903056990088419   -0.388073046565923    0.184085260630741
    5   -0.946597345258787    0.146107204762096   -0.287412857516193
    6   -0.809308920603145   -0.383687920583333    0.444750099078808
    7   -0.910150941272566   -0.133800506998012    0.392074850542261
    8   -0.932628066770660   -0.348993950195390   -0.091695756710102
    9   -0.955087220579576    0.128399650623499    0.267061661054792
   10   -0.904442742679476    0.412283660261893    0.109569652255924
   11   -0.907229576671219   -0.212247776189184   -0.363160263128700
   12   -0.804580721276914   -0.593499187205183   -0.020213305922277
   13   -0.986736081594518   -0.078622496703798   -0.142022562614386
   14   -0.358285483675822    0.037318160500078    0.932865942718498
   15   -0.772471489733985    0.632493193475297   -0.056922383607665
   16   -0.737375370292602    0.581623711651995   -0.343498793782462
   17   -0.896200794974448    0.406077843473584   -0.178675460338043
   18   -0.607998142717119   -0.790714909346589    0.071471606876780
   19   -0.859138274122004    0.017543557257539   -0.511442713837450
   20   -0.637392642140378   -0.372978582426559    0.674253362465759
   21   -0.985088858625480    0.172030187647848   -0.002356936527778
   22   -0.743670921200320   -0.616959453955057    0.257516199755561
   23   -0.815221408632617   -0.494079015183097   -0.302158868251046
   24   -0.758074227236581   -0.132325051080750    0.638602808368502
   25   -0.827001348229170    0.323542518769438   -0.459770604296819
   26   -0.408524945579490   -0.462380586082830    0.786963507700944
   27   -0.701933884677462    0.191098189201711   -0.686127031697071
   28   -0.753556222897422    0.616895868680541    0.227139838287895
   29   -0.688745482750257    0.309587044516663    0.655580293982783
   30   -0.620945883042279   -0.591078248190914    0.514832705690309
   31   -0.585582014402756    0.804246307891954    0.101398129421455
   32   -0.851922510290262    0.357459961735972    0.382688400943191
   33   -0.564030768280190   -0.438655214383568   -0.699607672433175
   34   -0.355252803037632    0.895972593876681    0.266511832675019
   35   -0.514985350812812   -0.181103653406996    0.837849363054507
   36   -0.099116133348371    0.982198747124043   -0.159566955407527
   37   -0.650633118142809   -0.727628539939882   -0.217332127033076
   38   -0.581490983284039    0.789527231535153   -0.196252355460510
   39   -0.500713175570872    0.526515485815361    0.687071873246422
   40   -0.709140214848988   -0.106701897095421   -0.696946813494523
   41   -0.645420321859535    0.471021046969339   -0.601308391295717
   42   -0.432904591444079   -0.892358419993258   -0.127632538851856
   43   -0.621302852524438    0.071568443086363    0.780295279621241
   44   -0.683570901249908    0.542593967188313    0.488182967477601
   45   -0.440721381398194   -0.797714008562460   -0.411602993820111
   46   -0.330776557855130    0.890123581939661   -0.313475481734089
   47   -0.386610390418427   -0.682972593868711    0.619742561104816
   48   -0.502496713284902   -0.213068069973842   -0.837913510271491
   49   -0.534441525282278    0.747594799466256    0.394302259523023
   50   -0.764738260457488   -0.336220002746847   -0.549664900412392
   51   -0.519540668465719    0.715565841359555   -0.466950768807148
   52   -0.632461545417387   -0.605831876760116   -0.482659435492114
   53   -0.253273627029352    0.787939239539198   -0.561252371617071
   54   -0.154193579456636   -0.509494250185665    0.846545893074969
   55   -0.507887415979198    0.059618243435201   -0.859357921787932
   56    0.134403022699893    0.990458079316211    0.030473276922142
   57   -0.211993513031413   -0.925069750631726   -0.315126493489133
   58   -0.448258034304298    0.293217072426476    0.844445666173552
   59   -0.174686824605063   -0.804517264890086   -0.567658774091597
   60   -0.147144482733662    0.982231619043233    0.116488401794992
   61   -0.511625600110343   -0.783695217513455    0.352223013669281
   62   -0.260893182486630   -0.151918843251923   -0.953339085738645
   63   -0.416143142495372    0.578712453922456   -0.701367792694480
   64   -0.256438240499314    0.523042325706518    0.812813726710575
   65   -0.179422148052375    0.269209556456802    0.946220855562064
   66   -0.342388643306635    0.728050780648223    0.593895679166093
   67   -0.310307728689005   -0.428106525792643   -0.848783786420089
   68    0.097130522982440    0.210523368461192    0.972751547332057
   69    0.144760768455573   -0.726466876943687    0.671781360726716
   70   -0.478888121677537    0.329092137837382   -0.813857808053583
   71   -0.254585757745722    0.123439217493605   -0.959139641312777
   72   -0.375903578422158    0.925836249327060   -0.039035101657592
   73   -0.114170796849232   -0.606296282075535   -0.787000538429418
   74   -0.217869496418082    0.385170491177686   -0.896758928172155
   75    0.764543475931403   -0.606853305481855   -0.217260992901335
   76   -0.069597748730194    0.713284209519347    0.697410775527629
   77   -0.002241125824400   -0.050180161483915   -0.998737667632741
   78   -0.383514059095682   -0.648748637136155   -0.657299149771195
   79   -0.157625916736611    0.619118374945507   -0.769315610252240
   80    0.094486502361938   -0.741651617494021   -0.664097266324678
   81   -0.158216602160554    0.872807491582220    0.461708338064977
   82   -0.246201169818344   -0.864248111467634    0.438702844536831
   83   -0.127042378385808   -0.726891194562088    0.674899566870640
   84    0.047928875842906    0.951754292523299    0.303095017319502
   85    0.020607979010248    0.228004118826999   -0.973442054258515
   86    0.073965013672470   -0.895158487203265   -0.439568492433653
   87   -0.047862813693345   -0.343737086757994   -0.937845385046215
   88    0.271058137328664    0.417821581987919    0.867152011940829
   89   -0.041142016479761    0.907373127876684   -0.418307711245278
   90   -0.359782692164496   -0.917689350384470    0.168530918854068
   91    0.067174420784768    0.494922831736730   -0.866336532658024
   92   -0.258582343344014   -0.244729196754680    0.934474607448767
   93    0.018058907110638   -0.280943468111669    0.959554398457616
   94    0.007467306085101    0.486009245737354    0.873921765604702
   95    0.036247864935460   -0.981479883129672   -0.188104575434480
   96   -0.177817321707313   -0.983794028210503   -0.023028464086661
   97    0.138389374154047    0.834604223247369    0.533183056425190
   98    0.216163188584457   -0.227086002639326   -0.949581709652357
   99    0.043009282808474   -0.881342037442565    0.470517177825517
  100    0.201926660547365   -0.069937490404913    0.976900389597656
  101    0.150944168396987   -0.986736058643916    0.059731135924334
  102    0.157068018074443   -0.509990743072114   -0.845718085226348
  103    0.411308891220502   -0.382436318596062   -0.827385918554125
  104    0.362634188823822   -0.778196044281071    0.512744928557447
  105   -0.066564260277091   -0.969829144102649    0.234522132223990
  106    0.313976027287616   -0.326789496439041    0.891418913477723
  107    0.344034693895549   -0.822605757842399   -0.452724967900744
  108    0.269380149765153    0.053875122133749   -0.961525769871810
  109    0.260439582363914   -0.918158697681741    0.298589734936552
  110    0.043900546982899    0.754613222055734   -0.654699646458791
  111    0.409523604629063    0.912169522866220   -0.015400610560342
  112    0.967363538467981   -0.055175646744619   -0.247312418711677
  113    0.381083542920285   -0.570450191980413    0.727572616159262
  114    0.192384908226864    0.953313073795728   -0.232770767959986
  115    0.214604422966392    0.653789110146778    0.725606464343273
  116    0.433398364332339   -0.899156011390714    0.060698640627246
  117    0.116255720405153   -0.520103832904623    0.846154011082497
  118    0.406726475089392    0.778450130508489    0.478109787363400
  119    0.476545611023633    0.585413047983600    0.655893164977853
  120    0.540525020145122   -0.788049419220353    0.294636751719096
  121    0.315812932443798    0.913646048427808    0.255955249786951
  122    0.650283387665993    0.757656913826670   -0.055565426807376
  123    0.567649210553662   -0.372486763385571    0.734185252412731
  124    0.236902479527498    0.842788851255663   -0.483305459717645
  125    0.669380104363412   -0.262375147890839   -0.695046442801981
  126    0.567750888756594    0.794613658350122    0.215053626520301
  127    0.347682855482980   -0.651128989165152   -0.674646330659234
  128    0.459957810060457    0.842214509914378   -0.281271278757842
  129    0.585037165642149   -0.686626571999926   -0.431596415000206
  130    0.572229479502580   -0.511450437153778   -0.641070879952768
  131    0.721260380924014    0.001129630981016   -0.692663112084940
  132    0.305866940222546   -0.930975761848406   -0.199322717545386
  133    0.486571733178929   -0.113521079650760    0.866233751908905
  134    0.374589945064102    0.140719161985057    0.916449938898518
  135    0.284102642288414    0.328417024437904   -0.900792954404115
  136    0.679034641544140    0.663034457981832   -0.315114682475698
  137    0.488092199083660   -0.111995554841220   -0.865576686891164
  138    0.553744758809524   -0.810876930609425   -0.189328670561063
  139    0.653769063109752    0.627469287077997    0.422928251473495
  140    0.276800197443898    0.620746630200438   -0.733522509395465
  141    0.714582982481088   -0.142384879416076    0.684907079290398
  142    0.460965507737950    0.704703073351614   -0.539355521974777
  143    0.520521730436737    0.164107638626831   -0.837929478588425
  144    0.591583404027699   -0.606027563342280    0.531751510151518
  145    0.684062698535086   -0.727965679932544    0.046088971709575
  146    0.769182498450894   -0.442074900809793   -0.461441292203951
  147    0.840497657454588    0.527069072370468   -0.125546329153359
  148    0.652401829004484    0.519613227711410   -0.551700958036991
  149    0.486803068315686    0.440505772131157   -0.754305930904409
  150    0.879840005999433    0.117071074397046   -0.460625582639999
  151    0.764143393815180   -0.386688534313649    0.516291440098498
  152    0.716449070305020    0.268136930850045   -0.644052261833922
  153    0.864854096950970   -0.501571857573101    0.021285269032625
  154    0.643055003603851    0.110541375974118    0.757800017509765
  155    0.856661292095254   -0.168530348613702   -0.487574560679526
  156    0.931728053862768    0.355322279935602    0.075026068979155
  157    0.832018590765949    0.398303383845278   -0.386134016938738
  158    0.874618768238275   -0.119953809423282    0.469737260444821
  159    0.781800727554642    0.605663417619261    0.148187202392072
  160    0.904861447200396   -0.347188965163992   -0.246344441461057
  161    0.517651763252932    0.346738812606888    0.782182106566685
  162    0.749958843911957   -0.594311270094012    0.290440779983602
  163    0.706389665833630    0.393487827891484    0.588371455208948
  164    0.948895016821509    0.244507458905098   -0.199535334191916
  165    0.839865133137045    0.416301737096269    0.348309376605515
  166    0.824337261048017    0.144867014556657    0.547249146313903
  167    0.940470689306097    0.166764801929056    0.296149258641109
  168    0.895076729495214   -0.358890892645729    0.264641220319329
  169    0.997075312907098    0.076029863789425    0.007764032674735
  170    0.972281056082896   -0.233477774411280   -0.012556943827331
  171    0.970378211238287   -0.094719875200832    0.222248222480903
   
 U =    13386.4484451247     


 http://math-lab.ru/  - см. Задача Томсона
