    239
    1   -0.088518590929894    0.006504923730439    0.996053284230842
    2   -0.998153330576708    0.047333257566118   -0.038072186525129
    3   -0.911269548811186   -0.043443843099563    0.409512444140831
    4   -0.982545348960270   -0.184576776788949    0.023152768878554
    5   -0.840654013215662    0.209853804792052   -0.499261665540928
    6   -0.828096894763991   -0.458048828801213    0.323182306625955
    7   -0.936304581423322   -0.236809388422044    0.259335775320094
    8   -0.969114954393092   -0.109001558274103   -0.221212263370486
    9   -0.981072166630434    0.001824760584973    0.193633866128511
   10   -0.959009681289074    0.235269307905788    0.157951840607697
   11   -0.895171558576938   -0.020857339561622   -0.445233480436216
   12   -0.927667773269546   -0.339616431534307   -0.155219785687992
   13   -0.952730392248677    0.131108313036659   -0.274071906510615
   14   -0.516118336921189   -0.161798939157916    0.841096287936809
   15   -0.868967673931699    0.478841198002524   -0.124925132608458
   16   -0.754015011856501    0.588103807408910   -0.292566699414312
   17   -0.877873819364426    0.354964200516102   -0.321462242925170
   18   -0.830084034550045   -0.550249465378536   -0.090476634750394
   19   -0.752007923592107    0.056300161567660   -0.656745289029273
   20   -0.692122436593759   -0.462252795710026    0.554336437212802
   21   -0.959039316791298    0.272585393114914   -0.077076535397412
   22   -0.908897808384287   -0.407219094611851    0.089874261597768
   23   -0.883357584243385   -0.266574867838315   -0.385509037762639
   24   -0.831966771215765   -0.284198271233419    0.476510896224578
   25   -0.741723181949459    0.452015614377397   -0.495508431530477
   26   -0.519746675629107   -0.432108412490411    0.736984201341867
   27   -0.683897924231559    0.293128855988645   -0.668101117360653
   28   -0.847713452097932    0.415740820937318    0.329456329334515
   29   -0.797620608796141    0.139559604006544    0.586791684802376
   30   -0.671193049144130   -0.631203201435147    0.388693207142378
   31   -0.882784327253318    0.457746164142881    0.105642230042654
   32   -0.904017166197843    0.191908779504034    0.381999978493315
   33   -0.641406618467577   -0.313628232714640   -0.700167752349592
   34   -0.748275242765965    0.627689288051830    0.214686559263786
   35   -0.670307505958037   -0.263245249349603    0.693822589824792
   36   -0.450538373867901    0.888401617207558   -0.088078034807003
   37   -0.808818199517792   -0.495117384377618   -0.317288348061921
   38   -0.756289559090125    0.653699008451928   -0.026527517038543
   39   -0.629891013501493    0.249939419879947    0.735369021308444
   40   -0.614546473541970   -0.099991327044644   -0.782517965527297
   41   -0.564721356738876    0.518763100226354   -0.641852502594283
   42   -0.673543174772148   -0.683571955085084   -0.281192058812142
   43   -0.793036662999568   -0.092461421030662    0.602116049245908
   44   -0.756947921967904    0.361877668023389    0.544127188086045
   45   -0.613966932151642   -0.614336125481739   -0.495616516222358
   46   -0.620341512502505    0.760309115084094   -0.192630364652478
   47   -0.515459104970677   -0.631127954053316    0.579637314805822
   48   -0.412447986793746   -0.084878168443567   -0.907018387195900
   49   -0.692523902965423    0.569334317459046    0.443022661705898
   50   -0.789486493743859   -0.170679605219232   -0.589558774473109
   51   -0.600336351507598    0.664728793292540   -0.444670548188644
   52   -0.742262465609602   -0.419170987381719   -0.522821303587172
   53   -0.410434557447584    0.706182892167093   -0.576930842357493
   54   -0.340730822098387   -0.581675222302044    0.738617927369777
   55   -0.566543725166180    0.125020889254244   -0.814492470637333
   56   -0.249365172820388    0.968271346647443    0.016358784973368
   57   -0.458013591588012   -0.778823431414953   -0.428552928586059
   58   -0.653672177851933    0.010404552430603    0.756706303126272
   59   -0.377646995480008   -0.679862705062746   -0.628625046486130
   60   -0.417053675678220    0.892217051144299    0.173248276328100
   61   -0.779422966595906   -0.608619246852646    0.148601653770592
   62   -0.124695029976331    0.154455200873479   -0.980099352322169
   63   -0.349608600316083    0.555217570277764   -0.754657058696124
   64   -0.472644783326412    0.097117356243011    0.875885339476976
   65   -0.316586185619345   -0.076666515753452    0.945460434094002
   66   -0.579179639666626    0.473412237218333    0.663650358733852
   67   -0.451209768899965   -0.310611396286309   -0.836618374736241
   68   -0.259713689478030    0.168985459204075    0.950785314398207
   69   -0.222479632096134   -0.900896750753316    0.372676612875675
   70   -0.489813048565774    0.348751187086917   -0.799034283970450
   71   -0.356603025426567    0.142459715879923   -0.923330662118415
   72   -0.604118171997253    0.793428635556833    0.074244424309978
   73   -0.306437773619136   -0.507624044722734   -0.805241404871035
   74   -0.276955415914800    0.363891660517769   -0.889313531326878
   75    0.464224239159382   -0.871114200485765    0.160174609376576
   76   -0.431193734362333    0.333418181980320    0.838393868877632
   77    0.058918407050744   -0.006699992272840   -0.998240317465763
   78   -0.521221574201646   -0.509030997082826   -0.684993076312179
   79   -0.113629854036637    0.559665632355292   -0.820891366888436
   80   -0.156545270866768   -0.675703191192640   -0.720360170734982
   81   -0.573464997859647    0.754981415896388    0.318026662217052
   82   -0.468983565402723   -0.789622544372015    0.395664823811285
   83   -0.306751136230498   -0.769220039526549    0.560539268215950
   84   -0.366743228027394    0.837216554598759    0.405669625929561
   85   -0.048847365390441    0.366488714056886   -0.929139363800363
   86   -0.229127443390689   -0.827772039160390   -0.512146527733515
   87   -0.186873961811031   -0.067667635846791   -0.980050617802956
   88   -0.021289592620435    0.244553809796435    0.969401974085108
   89   -0.449443270445881    0.824207028160976   -0.344504747980289
   90   -0.686148183414978   -0.725949988020695   -0.046875209749706
   91    0.147277861800019    0.470236139016381   -0.870165044682089
   92   -0.359215248225145   -0.327491192452681    0.873907274433889
   93   -0.178037037807575   -0.470142270920334    0.864447255917083
   94   -0.204805507508870    0.392297873441563    0.896748059706438
   95   -0.289908767717898   -0.912790488736804   -0.287691553702775
   96   -0.504390783447743   -0.837490363256096   -0.210237553796043
   97   -0.507352195451476    0.668978512595657    0.543195636447744
   98   -0.004758508751937   -0.239769490530876   -0.970818184834329
   99   -0.376944682262880   -0.903671379765061    0.203201239925465
  100   -0.145207668396197   -0.239094283829611    0.960077422127479
  101   -0.508265680422296   -0.861003075539536    0.018431006926352
  102   -0.238343792091036   -0.292079916122136   -0.926218958653811
  103   -0.081567132035266   -0.467701542211703   -0.880114805229600
  104    0.012753237925147   -0.951661844018006    0.306882859675599
  105   -0.609597650672428   -0.765783693770815    0.204856141351397
  106    0.021900015525396   -0.580871611319806    0.813700534891504
  107   -0.067219418250398   -0.931816531426121   -0.356650391239195
  108    0.131458350575130    0.223418497417618   -0.965817206864591
  109   -0.155823262321793   -0.978501478637333    0.135107243417766
  110   -0.177476406497990    0.721978223579860   -0.668767201508140
  111   -0.061310748941216    0.990951039106012   -0.119402806327919
  112    0.207267158596613   -0.739095124250485   -0.640920215219060
  113   -0.054674755858296   -0.849285031275666    0.525095807184677
  114   -0.265129465326097    0.934462008822431   -0.237670193090014
  115   -0.372871930202940    0.545944898109707    0.750273744639059
  116   -0.307420092319700   -0.950162909190501   -0.051800896100268
  117   -0.137436868859814   -0.700038934929094    0.700754305488985
  118   -0.299506163797208    0.729248206528980    0.615217937906354
  119   -0.142693202275177    0.589804508367898    0.794839161046659
  120    0.244770165906725   -0.940338920973741    0.236326637482818
  121   -0.191939824568707    0.949276776517574    0.249063657141981
  122    0.192065270239465    0.981003558266670   -0.027257120830610
  123    0.113520443378622   -0.742642060171934    0.659996878324971
  124   -0.245837814100780    0.844504878110927   -0.475789112953417
  125    0.154259966918176   -0.401989235597681   -0.902556655878176
  126   -0.001162896856858    0.993549663446488    0.113391860097054
  127   -0.008654843200528   -0.809010515562226   -0.587730447908662
  128   -0.057745034367266    0.925351800390828   -0.374685943850816
  129    0.131835046181501   -0.973146240140663   -0.188695299089331
  130    0.148043641217141   -0.894339783389254   -0.422184121139620
  131    0.294031981014707   -0.547447820370490   -0.783483297915257
  132   -0.091009217755721   -0.988582474782814   -0.120091685123401
  133    0.053058794105864   -0.380058729802937    0.923439292140317
  134    0.152428559250774    0.077198881506709    0.985294812235833
  135    0.339331547879396    0.317952796407883   -0.885302275988366
  136    0.014487780470315    0.817705512171599   -0.575454428761503
  137    0.234639202707262   -0.166842734849315   -0.957657530843308
  138    0.293201494967169   -0.956035672804363   -0.005354967275857
  139   -0.135129596502244    0.876921063865327    0.461247699071165
  140    0.083526658671431    0.663596326635003   -0.743413217912970
  141    0.280390841230395   -0.349432203750525    0.894023551779349
  142    0.271533808124555    0.734642417084323   -0.621747464864861
  143    0.301740539749289    0.066877152802442   -0.951041583267970
  144    0.185222367824952   -0.867008502784537    0.462589375749847
  145    0.070787676594036   -0.995421098805833    0.064233487330256
  146    0.351257349726844   -0.901413863014777   -0.253123135702074
  147    0.131003068713089    0.959837914136453   -0.248091464129536
  148    0.491479338745063    0.628144052751028   -0.603227244560646
  149    0.333373876062331    0.550951699663773   -0.765058222226764
  150    0.386943564114161   -0.316895091843454   -0.865940055059332
  151    0.246594555532889   -0.560403898521895    0.790657065802234
  152    0.507875725058089    0.151891073988151   -0.847933576136389
  153    0.409339048736940   -0.823902359637153    0.391952095240564
  154    0.087154985084861   -0.157734812240904    0.983627845062442
  155    0.062954178608384   -0.620524602064160   -0.781655927904893
  156    0.420103180625976    0.907474913050103    0.001612393452813
  157    0.470973199287863   -0.081937317333070   -0.878333946503729
  158    0.311397699673935   -0.119357487842634    0.942754083912489
  159    0.061223856588621    0.939830334733736    0.336110965751922
  160    0.498356242664043   -0.862905447845896   -0.083876358264128
  161    0.219787780634107    0.307925204091460    0.925675645228482
  162    0.339266184058611   -0.718236294019295    0.607482577781238
  163    0.043880820475611    0.463544129330762    0.884986617840842
  164    0.441735370778043   -0.653043105360492   -0.615145970274300
  165   -0.074865762792652    0.756795327070795    0.649350406548946
  166    0.378955197852009    0.122973268204288    0.917208009847331
  167    0.108868866073054    0.656692356537462    0.746259149937367
  168    0.490525774718336   -0.310227088251208    0.814336305252414
  169    0.117365433397028    0.831445137912936    0.543069367286047
  170    0.617768652570276   -0.727206945209246    0.299218901042267
  171    0.515630769146810   -0.076600739232299    0.853379890001009
  172    0.455098934397541   -0.523673805055484    0.720174080211815
  173    0.282845716618061    0.522815759063639    0.804152959744306
  174    0.692939090221945   -0.015472172265703    0.720830097268256
  175    0.312470132374742    0.715926195671169    0.624349340293973
  176    0.355613627425997   -0.808676665938739   -0.468594705427974
  177    0.547972888157626   -0.657390336748619    0.517265559450586
  178    0.253116090658119    0.947849428755979    0.193684550382615
  179    0.305376299420723    0.859986179813704    0.408863163272918
  180    0.435344667816184    0.791112163698786   -0.429670297614162
  181    0.520183389588192    0.403315570765014   -0.752825206522092
  182    0.547080605362101   -0.755783485096196   -0.359852935089441
  183    0.206344013972592    0.870661276666108   -0.446509898223792
  184    0.606513834872713   -0.223550189793964   -0.762998218052361
  185    0.356175869563847    0.905725582312422   -0.229782330663743
  186    0.633748165793696   -0.583784316949898   -0.507502841013198
  187    0.673357895128553    0.227488400853555   -0.703447348808095
  188    0.663195103040765   -0.728712308218435   -0.170735547422646
  189    0.684118701983623    0.002612812337821   -0.729366008810344
  190    0.633814231188166    0.662162180817482   -0.399775895519465
  191    0.678416001487168   -0.244475490770477    0.692808388617443
  192    0.560814956691196    0.802561637844195   -0.203424191806913
  193    0.475426362017003    0.848355724087849    0.232942782044558
  194    0.664239188120482    0.475968149491076   -0.576403176288163
  195    0.758286470745488   -0.570060522778742   -0.316279352240357
  196    0.497955586129936    0.733204234321566    0.463089392034538
  197    0.791572744881892    0.487694772865072   -0.368193424819391
  198    0.511806921763491   -0.457540308986736   -0.727124845186369
  199    0.695082907688131   -0.381117402872860   -0.609597635057141
  200    0.439250741690794    0.357985848513002    0.823956866703903
  201    0.656083038034120    0.704179411871694    0.271452395642319
  202    0.790072197272569   -0.158051398056166   -0.592288509655038
  203    0.849604933203228    0.059316829822508   -0.524073440632652
  204    0.644987711886551   -0.458342949235376    0.611483926527565
  205    0.796370914970134    0.285439735755416   -0.533214331241678
  206    0.617822860109927    0.785644012362359    0.032533050345194
  207    0.736559021582052    0.653732997331024   -0.173533789005732
  208    0.873134422530642    0.464354343962538   -0.148362136123755
  209    0.485389490846994    0.565732165953147    0.666591448025893
  210    0.778613479995510    0.624534216267640    0.060975909015334
  211    0.910122247914638   -0.155709629666888   -0.383968755343201
  212    0.633320154676868    0.383691419796119    0.672076242739547
  213    0.579692414512520    0.174848158372442    0.795854776997921
  214    0.808077127724939   -0.324762726934948    0.491467727161804
  215    0.659631096170745    0.568742590720452    0.491343751832838
  216    0.659851888829183   -0.748232297825547    0.068876072037114
  217    0.765977770493639    0.179169187489724    0.617394895803218
  218    0.739925413609840   -0.540932418121757    0.399878108077019
  219    0.790881869950809    0.370075271746259    0.487391178649187
  220    0.802105595753706    0.521810033374147    0.290415051832141
  221    0.961341155518491    0.244716441359290   -0.126242013746683
  222    0.906131872867202    0.296858144474680    0.301330833193728
  223    0.825244793351864   -0.367383864540610   -0.428952359966519
  224    0.894757337116845    0.105256556821388    0.433970465494691
  225    0.899338749124530    0.429448626866632    0.082241663440677
  226    0.796056249002997   -0.580339627373232    0.171756703867932
  227    0.812122365739866   -0.579689242188972   -0.066465371099980
  228    0.886755958898123   -0.379817285495775    0.263443920023391
  229    0.894991499729632   -0.393356126026902   -0.210383396514109
  230    0.970521862169551   -0.187268301488673   -0.151716506381124
  231    0.973102615058819    0.208788659974623    0.097358081491417
  232    0.830547235660141   -0.088062754177066    0.549942033912709
  233    0.901061224336896    0.267684783551285   -0.341223572825201
  234    0.956376688401493    0.044542374089097   -0.288720637975017
  235    0.974089611153620    0.025183964847217    0.224755861674757
  236    0.919977135354416   -0.390995775305329    0.027647316659430
  237    0.923837170392460   -0.162099195832776    0.346768991277508
  238    0.977770198209879   -0.182946791441713    0.102449553409455
  239    0.998937409690371    0.013164459688681   -0.044167278863388
   
 U =    26521.2296933973     


 http://math-lab.ru/  - см. Задача Томсона
