    209
    1   -0.168190651464537    0.029849342663274    0.985302451789553
    2   -0.999034447629240   -0.037269131694269   -0.023263367617234
    3   -0.921647157677165    0.063090319974502    0.382865679150165
    4   -0.956730376362875   -0.288839701861428    0.035193942279209
    5   -0.846617904533468    0.114615310733946   -0.519712857517227
    6   -0.883574461975118   -0.355114695804787    0.305269918218048
    7   -0.966757281641319   -0.122048908920897    0.224687387774004
    8   -0.949034912582321   -0.229030794259856   -0.216512424540869
    9   -0.975595182914435    0.152500493264481    0.157979867794096
   10   -0.898631825014460    0.438348515001930    0.017647165970281
   11   -0.872201430304980   -0.134386266856485   -0.470324352180839
   12   -0.870575291364367   -0.467738642628618   -0.152706333391206
   13   -0.961429692003560    0.011637355241111   -0.274804511056373
   14   -0.611846675385716    0.020331457175128    0.790715042014873
   15   -0.855367312847861    0.464941014996470   -0.228422005694464
   16   -0.696411607049370    0.599699310840388   -0.394172056524149
   17   -0.914617843670863    0.248571533132936   -0.318883039616099
   18   -0.731143037535601   -0.677489650877981   -0.080234852878573
   19   -0.725077141937948   -0.025044503180399   -0.688212111997125
   20   -0.735536562965200   -0.400012766929735    0.546786750785494
   21   -0.972208307805511    0.220308147815224   -0.079216956771709
   22   -0.855495542988976   -0.507076821371845    0.104883140463202
   23   -0.836774716624509   -0.377420482823925   -0.396688609318352
   24   -0.859751561555783   -0.176859780311844    0.479111542869132
   25   -0.783460579907854    0.379902605599327   -0.491796228116169
   26   -0.486496020530963   -0.219658998767411    0.845619031401278
   27   -0.684865127811789    0.239747832227199   -0.688099363209777
   28   -0.768596768482930    0.630797391820181    0.106553544992436
   29   -0.837221344306528    0.272305832078713    0.474246723186876
   30   -0.740272576587038   -0.563672535750241    0.366428417012220
   31   -0.738505113761452    0.659890162335553   -0.138402205910678
   32   -0.895421298194883    0.366895611489380    0.252206877401916
   33   -0.522691711156040   -0.407882658801281   -0.748615463197207
   34   -0.588752364177603    0.808270529052355    0.008330998782175
   35   -0.694019051298888   -0.201197792235625    0.691272019420504
   36   -0.136934299569410    0.969039393194235   -0.205454744503951
   37   -0.721343085492833   -0.613995234766033   -0.320427846318455
   38   -0.555293071155675    0.788075068087775   -0.265682690789119
   39   -0.697370314706638    0.457884360576302    0.551376964068681
   40   -0.553245439598906   -0.173883479607790   -0.814668042261693
   41   -0.601836909601733    0.492719082170576   -0.628506356615445
   42   -0.548184321139559   -0.813414500103394   -0.194552823362466
   43   -0.793598903500990    0.036640008272458    0.607337048232545
   44   -0.758463231639478    0.557278104153091    0.337897382177691
   45   -0.521384565819489   -0.739441078260664   -0.425893209978662
   46   -0.328910229507128    0.871200657865640   -0.364455037912834
   47   -0.542508897180130   -0.434781882430404    0.718782867902869
   48   -0.346632526364231   -0.103351181870595   -0.932289882425151
   49   -0.596034869153122    0.757284578942851    0.266950372258533
   50   -0.726152683673891   -0.274311226886650   -0.630440822597290
   51   -0.494850624225327    0.704979625964135   -0.508061597327797
   52   -0.671107835646109   -0.506806594712691   -0.541074254137195
   53   -0.262601239965004    0.764362385979450   -0.588889405294954
   54   -0.311799352660481   -0.433182453947175    0.845656032481770
   55   -0.536367073811248    0.082731048563728   -0.839920196051211
   56    0.022024269315346    0.988990481046345    0.146330994532408
   57   -0.321071540598842   -0.885101942720827   -0.336908914707380
   58   -0.673776596683672    0.250757400668083    0.695086918141577
   59   -0.278243089269480   -0.775934191864632   -0.566133299823599
   60   -0.194900754118200    0.980089882918115    0.037914607286805
   61   -0.700711581984652   -0.694310193256416    0.164123838648763
   62   -0.124187228018589   -0.013262554830454   -0.992170165362993
   63   -0.382178516720649    0.577250335335603   -0.721610443183951
   64   -0.467770550844671    0.262823697874765    0.843868719409546
   65   -0.402024010999607    0.022442815187438    0.915354037859805
   66   -0.555916751532884    0.661565170146904    0.503277349990661
   67   -0.317487376896606   -0.351954501678462   -0.880528133712704
   68   -0.233235867298100    0.265705412334738    0.935415236171471
   69   -0.142660831253891   -0.771613956387745    0.619886916730463
   70   -0.480697087103433    0.339849006415457   -0.808352004567751
   71   -0.316371106537342    0.162282424911360   -0.934651666404777
   72   -0.388268766835153    0.914585364244875   -0.113052979657234
   73   -0.271819264978265   -0.579061028199520   -0.768636853661852
   74   -0.245809976671692    0.412744779856551   -0.877051424985918
   75    0.464720245588327   -0.837035485893730    0.288802161859936
   76   -0.508926565510431    0.481502285231602    0.713546985302651
   77    0.132315786302579   -0.152061339308474   -0.979474288474610
   78   -0.467081107381302   -0.619530785066213   -0.630885762624818
   79   -0.126650333994764    0.609872586314239   -0.782313953193599
   80   -0.061784658322539   -0.722096308236891   -0.689027994806176
   81   -0.404165707289808    0.899698988982555    0.164899394403669
   82   -0.561909459438075   -0.623083616251070    0.544081396992673
   83   -0.353089327913610   -0.630917839440827    0.690847744722984
   84   -0.182580983392146    0.934770704843119    0.304742372949111
   85   -0.073047276730430    0.256971012756417   -0.963654499270983
   86   -0.076873775368247   -0.884728786313826   -0.459723174669601
   87   -0.099177747430609   -0.264489258758323   -0.959275354846596
   88   -0.035498650554583    0.432680805219553    0.900848026363694
   89   -0.072200793458780    0.899511544997383   -0.430889807074086
   90   -0.532887968525889   -0.844068630182228    0.059821071059026
   91    0.051706673035586    0.460028633495115   -0.886397245216956
   92   -0.249380815317028   -0.209307880591345    0.945515425614079
   93   -0.052934566377919   -0.373334908881653    0.926185174515717
   94   -0.284347891279988    0.487151313607728    0.825729904009107
   95   -0.113757255260884   -0.971414846514692   -0.208356624195987
   96   -0.344320847797308   -0.935178777758574   -0.082968713393197
   97   -0.380507027408344    0.824117223343701    0.419577411547779
   98    0.150871777906221   -0.388213757914757   -0.909135735078717
   99   -0.350447878049288   -0.801056359394813    0.485278264343128
  100    0.015940558541416   -0.126725894879482    0.991809682429236
  101   -0.349214263265358   -0.912070618090147    0.214887379686874
  102   -0.063377629150752   -0.503205341269180   -0.861839695443067
  103    0.156915366964767   -0.620357332682616   -0.768462326595925
  104    0.051178917955380   -0.868591842190170    0.492878210146891
  105   -0.538892569685397   -0.773120796619332    0.334483231526724
  106    0.149033515392918   -0.512362976925098    0.845738252159662
  107    0.124925045051686   -0.940348415886481   -0.316446819953401
  108    0.105273916488682    0.089702891818363   -0.990389213242227
  109   -0.154784413722201   -0.918585298435946    0.363652079281859
  110   -0.015564357913101    0.773474026795151   -0.633636868116152
  111    0.224460763747717    0.937800787055395    0.264852882438671
  112    0.543827223782610   -0.704064475611000   -0.456667455437222
  113    0.106839931171764   -0.711752733960330    0.694257354881609
  114    0.086607194496416    0.991466632114988   -0.097432598569592
  115   -0.344178347772545    0.676604521921797    0.650958974006456
  116   -0.154903642122732   -0.985876488506050    0.063658550628271
  117   -0.106833137519820   -0.590751878702266    0.799749272295646
  118   -0.156370259748853    0.815112428914588    0.557799309873217
  119   -0.095267007611259    0.648128582356677    0.755548501416765
  120    0.235927755731693   -0.913190740479963    0.332296201568815
  121    0.037623944329273    0.903324473071808    0.427304733372624
  122    0.453857209045286    0.859073545676190    0.236656453360061
  123    0.357058343355638   -0.614000526912095    0.703926624295314
  124    0.153822524210378    0.932391667602641   -0.327084712621539
  125    0.366001002677551   -0.460344027581916   -0.808780960649227
  126    0.297256376791997    0.826192081971838    0.478586763443719
  127    0.146852081722652   -0.811267817220624   -0.565931970148187
  128    0.301136220679775    0.953232210617474    0.025793976739273
  129    0.332798566773704   -0.929478356428549   -0.159107193062577
  130    0.345212536734002   -0.845590444782775   -0.407191729009496
  131    0.553319138358863   -0.503045325893815   -0.663915153631991
  132    0.089172019950843   -0.994396090620258   -0.056787021554524
  133    0.203650749284527   -0.271400557141816    0.940674284701651
  134    0.025817731538965    0.182849222736538    0.982801916198186
  135    0.233163925648264    0.288076490909748   -0.928787660965313
  136    0.370372491313925    0.905472003787103   -0.207230953372524
  137    0.371767572746668   -0.215557698578731   -0.902952795243191
  138    0.294928333513222   -0.951246941594957    0.090258153079672
  139    0.101110837867721    0.762610539403633    0.638906694014226
  140    0.162668963051817    0.640097174326033   -0.750875765942326
  141    0.389689530070305   -0.398868037944148    0.830088163064726
  142    0.207658454489167    0.815007826468784   -0.540962299124254
  143    0.347227475075830    0.036048170756168   -0.937087834697259
  144    0.308832571233604   -0.786726450266558    0.534494092947922
  145    0.038514641997651   -0.977677824940545    0.206549492788820
  146    0.523361545779995   -0.851449692107431    0.033557625198085
  147    0.539007644762559    0.842108106969530   -0.018019296981642
  148    0.400889491185896    0.654043162911129   -0.641494471453901
  149    0.343771427033634    0.471700006719450   -0.811985412194166
  150    0.577111572499492   -0.264669039852230   -0.772588203528155
  151    0.578369038141650   -0.496144641033832    0.647556754958600
  152    0.480774215845741    0.242212913173215   -0.842727155175420
  153    0.537489245808819   -0.688447075861285    0.486976318087352
  154    0.219714174938433    0.024536148761644    0.975255688901670
  155    0.362315707718134   -0.682205816980407   -0.635076807338139
  156    0.654757543042266    0.730529030070954    0.193958490540748
  157    0.564958875592834   -0.012108490239452   -0.825030213600085
  158    0.409004064871193   -0.124021641940724    0.904065433057347
  159    0.526830383577967    0.722279042695393    0.448065543667574
  160    0.719321219732812   -0.694359322320054   -0.021026515387362
  161    0.209299344346640    0.331740682838032    0.919859719634588
  162    0.732285106620430   -0.545564025122846    0.407576271529224
  163    0.159308029025409    0.570062501519976    0.806008496387492
  164    0.709613726460908   -0.517769009541557   -0.477874054512921
  165    0.353849064747677    0.661825675292252    0.660891530359672
  166    0.403710701315694    0.175748842331289    0.897847433622440
  167    0.398572046015808    0.445705702473615    0.801552712500728
  168    0.584000851636313   -0.261586752059427    0.768449983040576
  169    0.572797121186473    0.532532976768701    0.623146922173539
  170    0.666058133934749   -0.709848961520126    0.229087350257839
  171    0.585594942384792    0.026728480209647    0.810163040257352
  172    0.757148816160589   -0.343003026878850    0.555944775799328
  173    0.590510289519337    0.289843386492541    0.753185507878587
  174    0.742406268986673   -0.110018687799968    0.660854613439341
  175    0.762752893756336    0.131267686631455    0.633227303195908
  176    0.548626516669123   -0.807152649538425   -0.217976020586221
  177    0.880922134385910   -0.349939323429842    0.318619935136577
  178    0.720879573680408    0.569598121925875    0.394829861774498
  179    0.749292091842699    0.363819683309743    0.553350340325540
  180    0.423590769541355    0.799413082137699   -0.426039416094880
  181    0.570677611609828    0.442130807714066   -0.691988014692025
  182    0.731859798753165   -0.630023893664494   -0.259713550629932
  183    0.603011343018863    0.754054361412373   -0.260344656610359
  184    0.747446772910723   -0.298706282719814   -0.593378360179285
  185    0.736244425416733    0.673706134603137   -0.063751001881418
  186    0.871640607635109   -0.478049895515312   -0.108217135978077
  187    0.686997486821273    0.200172342210617   -0.698545264471223
  188    0.835604457195713   -0.529365895514651    0.146754692533594
  189    0.748001896000946   -0.053639865506033   -0.661525455600527
  190    0.608945861111678    0.616294270387830   -0.499365908449996
  191    0.880303005513934   -0.122599664964561    0.458296782264191
  192    0.768397258084097    0.554541183014992   -0.319452234472033
  193    0.819683508765058    0.553082899379549    0.149057880947352
  194    0.757550062787735    0.386877314786886   -0.525779274671023
  195    0.950884781423399   -0.304500668235193    0.055654968346917
  196    0.871302098932190    0.357084169801293    0.336635631022150
  197    0.894200995060741    0.306689955354252   -0.326107116937347
  198    0.859721929173631   -0.377026776723685   -0.344570767958221
  199    0.957798755705834   -0.214660451005045   -0.191160755236702
  200    0.897259578170771    0.122497168889058    0.424169415440311
  201    0.934787481822035    0.342498993512165    0.094163704642360
  202    0.883287525009579   -0.135844551620938   -0.448719740993595
  203    0.851023310730322    0.130376198379397   -0.508685926176200
  204    0.966338770857946   -0.120379979735645    0.227372030856041
  205    0.957141432249810    0.036550012567176   -0.287305369340919
  206    0.877847471043420    0.464228673636885   -0.117794550621032
  207    0.974129238356184    0.201009007092845   -0.103284103554944
  208    0.998983013621538   -0.039854126653728   -0.021085233797589
  209    0.975257785527401    0.121432957051862    0.184733020085285
   
 U =    20172.8302859278     


 http://math-lab.ru/  - см. Задача Томсона
