    188
    1   -0.115605935926347   -0.000000747010336    0.993295156324662
    2   -0.992228391849367   -0.118759125790049   -0.037136080159371
    3   -0.901076711346700    0.113563652060373    0.418526053190630
    4   -0.929906094944681   -0.365561159716972    0.040493123997988
    5   -0.859185639800135    0.142314389433860   -0.491473957520945
    6   -0.871483931503592   -0.381082912093763    0.308693328792799
    7   -0.965289283587540   -0.134471737672772    0.223906120412816
    8   -0.926114429141254   -0.296882147865112   -0.232751056743824
    9   -0.976816287693134    0.128355928883886    0.171332120799809
   10   -0.926775745695842    0.375378326463469    0.013335261954706
   11   -0.860470342001781   -0.178757331446734   -0.477112782253190
   12   -0.823357775618214   -0.548700229466369   -0.144948375336123
   13   -0.953864546940066   -0.016380569698819   -0.299790098280721
   14   -0.553704308707602   -0.001872075254491    0.832711254789364
   15   -0.826683385289132    0.530500957558904   -0.187518837762997
   16   -0.671228397204484    0.635670972996275   -0.381280543532277
   17   -0.914128727317457    0.295740436735380   -0.277319786478595
   18   -0.655883397360257   -0.752372138748951   -0.061262826424321
   19   -0.749003942998661   -0.015416563771157   -0.662386158470985
   20   -0.738153176532851   -0.384817706112910    0.554116613211028
   21   -0.986692396977613    0.137602152148492   -0.086624254517284
   22   -0.801567523401695   -0.584374660021322    0.126474353734813
   23   -0.793480349713764   -0.460620728718918   -0.397765607981101
   24   -0.872115604126794   -0.145557668476658    0.467148090209300
   25   -0.778615845651033    0.414007586770606   -0.471545419866959
   26   -0.528464895249671   -0.285662927589057    0.799450777903182
   27   -0.685069482176560    0.263397880226061   -0.679191697006639
   28   -0.805326178098697    0.580976529849808    0.117966175798917
   29   -0.772780247917975    0.334850577015156    0.539152835011048
   30   -0.705020685455055   -0.588273040192005    0.396081637120103
   31   -0.687074899941613    0.722256164613814   -0.079209308465385
   32   -0.885973608304928    0.365157870931237    0.285850476095655
   33   -0.485993236324731   -0.412689553144818   -0.770388153447173
   34   -0.496380269252496    0.867371856356291    0.035674796395523
   35   -0.716560800804423   -0.158065077387432    0.679379165165543
   36   -0.073195842603891    0.987046047524114   -0.142767183528047
   37   -0.647010189626693   -0.691842766450928   -0.320517395828615
   38   -0.517473783928936    0.812164109940105   -0.269463061423020
   39   -0.585934801596243    0.496721080025192    0.640272267818135
   40   -0.587142300322172   -0.170543184143434   -0.791314691835433
   41   -0.578771577203439    0.517487860826337   -0.630261672100426
   42   -0.445471377585481   -0.866003958347961   -0.227139595574520
   43   -0.757658134248543    0.094448196486866    0.645781456676634
   44   -0.727714451267933    0.559935401186496    0.396111125713391
   45   -0.416505800561914   -0.778050113436447   -0.470277512836634
   46   -0.259897348750223    0.884660608830964   -0.387077479705851
   47   -0.539013863113271   -0.514165713265634    0.667156409452649
   48   -0.372770146534573   -0.121733749376858   -0.919903968963742
   49   -0.627674321387329    0.744847433937998    0.226334368638382
   50   -0.709662220576661   -0.332389792812940   -0.621205729464863
   51   -0.444432813471427    0.725954957666052   -0.524851287270929
   52   -0.597995711918671   -0.575841061350858   -0.557501749404609
   53   -0.180671632053347    0.772770697282312   -0.608426832735860
   54   -0.313461376962238   -0.424157182801332    0.849607350151219
   55   -0.542773731219276    0.096423086539294   -0.834325634917531
   56    0.062451455708812    0.990930577531929    0.118980696720467
   57   -0.192126369749727   -0.912507646393279   -0.361133290241413
   58   -0.583839607607503    0.261529186468032    0.768592087660344
   59   -0.160388383382200   -0.786918466957803   -0.595848045089371
   60   -0.213353626758187    0.971304661315405    0.105107016207739
   61   -0.617992527301439   -0.757917723958487    0.208916155213440
   62   -0.134596341687337   -0.063587479511495   -0.988858158308744
   63   -0.329342351351607    0.585049950335025   -0.741114141829164
   64   -0.368804872511311    0.398550471088857    0.839726436410553
   65   -0.353942758247924    0.140119985459346    0.924711259560910
   66   -0.513062312073239    0.712881541378607    0.478086782803837
   67   -0.265125141072464   -0.363455065787714   -0.893089623007990
   68   -0.124462355501316    0.273982821252197    0.953646965979419
   69   -0.051003081222919   -0.751893617308372    0.657308659578359
   70   -0.453874898645662    0.356121609791264   -0.816807795885341
   71   -0.300496337086799    0.156472129498921   -0.940860470041913
   72   -0.324032226818487    0.935709962201146   -0.139463194501569
   73   -0.142329446743077   -0.581551612578471   -0.800961953214501
   74   -0.187042066492585    0.399822170549106   -0.897305687767321
   75    0.682904915869758   -0.722565068262570    0.107427175368367
   76   -0.361146628996825    0.622365761295576    0.694430681588313
   77    0.134652891358898   -0.066764822148242   -0.988641015420766
   78   -0.365568626597354   -0.627686537810348   -0.687291197018690
   79   -0.053053502546783    0.611865607182215   -0.789180463908641
   80    0.086329216157502   -0.725582208909678   -0.682698853486208
   81   -0.385610717701901    0.877696316692342    0.284523373482953
   82   -0.494699779694249   -0.712755614445517    0.497243966325239
   83   -0.305593972720116   -0.651086199067193    0.694765489371322
   84   -0.086058797329839    0.936430667667881    0.340134514645646
   85   -0.024683121054768    0.181964262952720   -0.982995295280231
   86    0.073047103064940   -0.882713202077757   -0.464199874635327
   87   -0.023070853066805   -0.300027152854855   -0.953651636232319
   88    0.133405410551211    0.418426366516172    0.898399895502964
   89    0.003256079252379    0.920768093993701   -0.390096802128792
   90   -0.438292991777961   -0.898176224644739    0.034332533277454
   91    0.094903933232349    0.407575374308970   -0.908226600421906
   92   -0.333915105391226   -0.145152578006407    0.931359990277476
   93   -0.098808034712191   -0.284121178412054    0.953683452857425
   94   -0.120069208374068    0.511870146147282    0.850630553579864
   95    0.047548159810282   -0.974601922587090   -0.218838444950160
   96   -0.211998643899054   -0.971863854041574   -0.102650982423060
   97   -0.259833750541384    0.822012974492194    0.506735721896626
   98    0.255813890247383   -0.313061160936817   -0.914632146313146
   99   -0.232501378328724   -0.837480070954556    0.494540432956898
  100    0.122861072726087   -0.126799974145172    0.984290060584470
  101   -0.195811415562527   -0.963956257901027    0.180128349764406
  102    0.096818351229776   -0.512636707986440   -0.853129423059581
  103    0.323628071152701   -0.583227250810433   -0.745057612184512
  104    0.164211659907244   -0.828666530365708    0.535113363879251
  105   -0.400299212564102   -0.865390089413361    0.301430810577974
  106    0.140246087755312   -0.409911128278188    0.901279036582474
  107    0.307245102099821   -0.901611340806465   -0.304462538524591
  108    0.250593025113367    0.169861184116356   -0.953074138719082
  109   -0.018401165482718   -0.928061305187355    0.371972594316867
  110    0.082072743938138    0.790458087791578   -0.606992649170768
  111    0.338468066352120    0.934767589124935    0.107930173637465
  112    0.687314469787865   -0.373652312112595   -0.622882628809904
  113    0.179978656576551   -0.637770810918711    0.748903248702387
  114    0.179572945962886    0.975732138470671   -0.125301041630396
  115   -0.112501457699661    0.714226298259133    0.690814169578554
  116    0.022361789261088   -0.998648114093183    0.046924349746923
  117   -0.077777367433699   -0.546832412227115    0.833621613235260
  118    0.059467010196877    0.838218261298453    0.542082854482637
  119    0.135039312029486    0.643531794859818    0.753413042899513
  120    0.376064546673258   -0.841780558227367    0.387273738492374
  121    0.210255238677848    0.915829425929062    0.342124534652172
  122    0.572414634388049    0.811138392106424    0.119983312128819
  123    0.402418703803279   -0.484224701599717    0.776907732739193
  124    0.266800386189496    0.891566268902720   -0.365960574494055
  125    0.479983744885926   -0.374186898478822   -0.793473231843446
  126    0.460506044036811    0.812123109560116    0.358315835993853
  127    0.322786210430064   -0.774878372410474   -0.543481895123190
  128    0.427812621654474    0.890950837141590   -0.152259536810759
  129    0.523685884917690   -0.843608719414318   -0.118648314215205
  130    0.538517394485118   -0.758242719130027   -0.367514618380361
  131    0.616056563005398   -0.145058613925887   -0.774230140012566
  132    0.277902604013011   -0.959517386484146   -0.045787855566972
  133    0.348269874540290   -0.253863178094701    0.902364439290106
  134    0.115769180723835    0.161856144314815    0.980000043541873
  135    0.365974177118161    0.389509211300982   -0.845189609492670
  136    0.542845551615955    0.744616681854154   -0.388413058734228
  137    0.396224213531679   -0.091434061819263   -0.913589724630500
  138    0.464324855079618   -0.874775819981429    0.138454663089080
  139    0.314551833917523    0.755013647545120    0.575336019904660
  140    0.220268501971428    0.605644185780508   -0.764641685542666
  141    0.607714164321366   -0.324984725054099    0.724616052102556
  142    0.341815761341946    0.753524784448565   -0.561571353008653
  143    0.504044571766700    0.137089194226910   -0.852728340386750
  144    0.409071447418980   -0.686796107668878    0.600809168869301
  145    0.201422808898215   -0.952238561056821    0.229500707824593
  146    0.728619264298903   -0.668170326153422   -0.150540303376060
  147    0.637004835154825    0.759359618917498   -0.132656734268739
  148    0.686931663429932    0.535358591339423   -0.491442843529596
  149    0.486472888542996    0.572428738921557   -0.660052624848436
  150    0.717178170713833    0.084082480788682   -0.691798820377703
  151    0.625610791709348   -0.535814576503463    0.567021936880062
  152    0.605471590937693    0.347792176116975   -0.715852467202006
  153    0.600196512734788   -0.713802100292249    0.360902629138905
  154    0.341011988404450    0.041902364107408    0.939124600703577
  155    0.538992388107763   -0.597131485274914   -0.594071708512756
  156    0.777274681219501    0.626486244984766    0.057957353114257
  157    0.792181023720141    0.280405719346275   -0.542053372109802
  158    0.539312011116368   -0.096284817685930    0.836583402028038
  159    0.691180787118689    0.649131093381432    0.317644365798318
  160    0.879523903566788   -0.440750870086270   -0.179377739903353
  161    0.371555550471496    0.303239801583369    0.877491934805958
  162    0.782615925106733   -0.524841931753917    0.334743574161103
  163    0.376800077392715    0.540351833389788    0.752357360453886
  164    0.813990512252557   -0.125438231331724   -0.567172545248083
  165    0.555119088932426    0.624988423579152    0.548846305895266
  166    0.584110223847128    0.157751174922718    0.796197094448203
  167    0.597550328273375    0.398747041521588    0.695653938433588
  168    0.793674099588485   -0.313370035942357    0.521421752726038
  169    0.760863631041572    0.435047285441079    0.481477304126147
  170    0.850424128893276   -0.520019814793904    0.079738279501292
  171    0.738185948112757   -0.073244357729533    0.670609252895946
  172    0.913805469880011   -0.296351824269042    0.277732172190734
  173    0.775215617157468    0.188141386376948    0.603028660717984
  174    0.973703741465535   -0.038951692521808    0.224463336662595
  175    0.884829220799533   -0.057564665702670    0.462345714029915
  176    0.724255195406828   -0.563404499843769   -0.397529598246483
  177    0.959686145198233   -0.280702465018470    0.014443989999657
  178    0.867024855752455    0.439948611204313    0.233908356000446
  179    0.905206971197054    0.204972737272786    0.372272099775362
  180    0.773864236742375    0.584714928417164   -0.243398018844141
  181    0.875371250977018    0.361683393764334   -0.320796346048463
  182    0.850068253683396   -0.328301314556599   -0.411827889949273
  183    0.906235919148766    0.419753049428335   -0.050436458442341
  184    0.905862121855047    0.066210913795661   -0.418365786223749
  185    0.970920709003170    0.213925183098312    0.107466240583425
  186    0.953945053826426   -0.148812611923277   -0.260468118610837
  187    0.969233107327812    0.168722327565511   -0.179220422498529
  188    0.998981480254359   -0.031998658151484   -0.031813330308458
   
 U =    16249.4924478644     


 http://math-lab.ru/  - см. Задача Томсона
