    251
    1   -0.144230778853733    0.039962042260021    0.988736829297692
    2   -0.981755553705336   -0.086366542477550   -0.169401455451843
    3   -0.958494694176318   -0.013011235298881    0.284813323058884
    4   -0.964207831031929   -0.262900093336449   -0.034449956464251
    5   -0.840660502108327    0.151128054995268   -0.520048296976658
    6   -0.850463365309572   -0.428954293367210    0.304483625944245
    7   -0.950651780192092   -0.240774536548044    0.195675280420603
    8   -0.916737181510226   -0.239592982893655   -0.319668801394204
    9   -0.997390440840742   -0.038038679336052    0.061362589530423
   10   -0.975070958819928    0.189507525396510    0.115427566395885
   11   -0.864796691338255   -0.098223898719765   -0.492421311856724
   12   -0.890111473665647   -0.419219686282090   -0.178763584329460
   13   -0.939458736166853    0.051106292764291   -0.338829499718766
   14   -0.579290964065538   -0.096361973520086    0.809404935129095
   15   -0.928127387548725    0.364010110740885   -0.077949931112137
   16   -0.830989152163139    0.495292184456665   -0.253264053910800
   17   -0.911013139907497    0.278689941069543   -0.303952258854145
   18   -0.787808173442782   -0.611989610286515   -0.069476605833233
   19   -0.737076158126181    0.001592710737994   -0.675807813209091
   20   -0.766606750086518   -0.372057239000957    0.523342623554370
   21   -0.983251909593794    0.143056279644043   -0.112918480040088
   22   -0.888252473109147   -0.453438804982952    0.073490095598773
   23   -0.805683664465734   -0.380319425152260   -0.454126598719917
   24   -0.885010406389323   -0.209490923238808    0.415776542944834
   25   -0.794188655237634    0.377033053330295   -0.476561073303594
   26   -0.611558847960419   -0.311428534537951    0.727329391236783
   27   -0.696344595202308    0.239426690892827   -0.676593721830646
   28   -0.832320915243223    0.419562474633487    0.362228137957431
   29   -0.810979409287359    0.215389378178699    0.543985122480128
   30   -0.706206049173362   -0.586541129066745    0.396538169693738
   31   -0.901983837746818    0.405753034740661    0.147613113381789
   32   -0.918239376861723    0.207986757015981    0.337013287106858
   33   -0.592220021199243   -0.355545996962729   -0.723092311212440
   34   -0.769926560767376    0.599616075121804    0.218342972134309
   35   -0.757839815342401   -0.161215936867527    0.632209012891876
   36   -0.542247220888465    0.834023735318977   -0.101844785646189
   37   -0.773153985382090   -0.553926220733272   -0.308866729953138
   38   -0.822665517884598    0.568301776323089   -0.015954206708171
   39   -0.635017085549857    0.280024891523514    0.719957888481687
   40   -0.587109243590857   -0.140027648599957   -0.797304831114009
   41   -0.635517921535821    0.459192653566885   -0.620692418446522
   42   -0.640233967207238   -0.742257540777981   -0.197874228721945
   43   -0.865653671071316    0.003893699909646    0.500628166268906
   44   -0.717779915884756    0.417677132649252    0.557079711723889
   45   -0.617339692537270   -0.667253279977036   -0.416731045613205
   46   -0.706407628882319    0.683518623462065   -0.183822069505770
   47   -0.612536503559051   -0.511466703771087    0.602661466116087
   48   -0.389250813244721   -0.098394057172131   -0.915861569180371
   49   -0.668434468470197    0.602011191361769    0.436781280317905
   50   -0.747574174017344   -0.235587519791171   -0.620992250242248
   51   -0.694046163020768    0.585382061243193   -0.419079665422722
   52   -0.648989308310318   -0.505727042271507   -0.568377547422670
   53   -0.507487297206680    0.660195930945748   -0.553712900280042
   54   -0.430069577066488   -0.444439180468891    0.785820573506441
   55   -0.562066440221652    0.084771485512032   -0.822736356326037
   56   -0.336298900239052    0.941297945922753   -0.029346664199044
   57   -0.457682274837911   -0.819267167456365   -0.345439203952329
   58   -0.714254321534485    0.058493189694502    0.697437675300578
   59   -0.455152291234301   -0.683666696452462   -0.570470191987227
   60   -0.475651979525640    0.868976419395613    0.136510720852689
   61   -0.761554706183643   -0.624985218532785    0.171545638548672
   62   -0.125267270727603    0.194444527168380   -0.972882026115563
   63   -0.445583653432768    0.515646030025626   -0.731822642115095
   64   -0.519506297289950    0.129154978204530    0.844649157154066
   65   -0.364719563516547   -0.022842150220596    0.930837191006891
   66   -0.545268083329401    0.518287220829725    0.658833115460114
   67   -0.403715513146174   -0.319548911175143   -0.857264415342140
   68   -0.312373171058893    0.212294368165652    0.925934178679974
   69   -0.290563234110608   -0.778266860691268    0.556663004458661
   70   -0.513178400280981    0.307404252358310   -0.801342969718386
   71   -0.355819672228052    0.124513613339137   -0.926222824674902
   72   -0.671261376856477    0.738700589665255    0.061070473790126
   73   -0.221339410004158   -0.479857859335892   -0.848967196311251
   74   -0.303172989689758    0.339871893637459   -0.890265822233934
   75    0.213986044248844   -0.967898183728117    0.131844904348043
   76   -0.442727733832769    0.373448583998096    0.815186057783815
   77    0.057614795862837    0.039991568951368   -0.997537573082083
   78   -0.438766518827867   -0.521939080668970   -0.731480374327367
   79   -0.234534101037366    0.539506584855828   -0.808657158719192
   80   -0.256642292090584   -0.662629528686109   -0.703602758396892
   81   -0.588219411012217    0.753548777268562    0.293533924420153
   82   -0.522116312582406   -0.715060724342283    0.464846981961205
   83   -0.427160734706594   -0.626970421861102    0.651491977568592
   84   -0.383918502338278    0.844030975487171    0.374457335327417
   85   -0.065990644773002    0.414303171440257   -0.907743420211344
   86   -0.281331543835182   -0.820150664987877   -0.498202217140044
   87   -0.170148900070887   -0.035015254620982   -0.984796062009031
   88   -0.091446019134798    0.270922071769667    0.958247805430531
   89   -0.553601818726349    0.757726763053747   -0.345507132856862
   90   -0.631425902496809   -0.774829904450486    0.030658584855492
   91    0.147474024383060    0.493265006276017   -0.857287026447843
   92   -0.408245338858454   -0.241459223920132    0.880359691537631
   93   -0.217291885917749   -0.406230836024030    0.887558868006807
   94   -0.228336272810481    0.444139571751322    0.866373237885133
   95   -0.276766842254398   -0.926954694767556   -0.253288588130056
   96   -0.462575840848824   -0.879750477211387   -0.109830275012588
   97   -0.477686244259926    0.701696128481303    0.528619329309095
   98    0.021962405845162   -0.196008508027794   -0.980356219702926
   99   -0.374647395244105   -0.859961598128736    0.346562229593298
  100   -0.185441455083345   -0.190445124948027    0.964023921445989
  101   -0.432096941796997   -0.893724676893770    0.120616892684270
  102   -0.195002332844869   -0.265075448444583   -0.944303498255175
  103    0.004188274229145   -0.417589931015073   -0.908625944970651
  104   -0.143325481845312   -0.890706784747055    0.431392199581046
  105   -0.588429150680295   -0.767147021124688    0.255414530928026
  106   -0.024098197316609   -0.556162056488044    0.830724409060598
  107   -0.097510126606942   -0.913702311196648   -0.394512181970345
  108    0.110411692753536    0.269617563507327   -0.956616761065617
  109   -0.210218287160076   -0.955786301798667    0.205622997345899
  110   -0.288769978911558    0.697582910464323   -0.655736213966823
  111   -0.180680235528245    0.960115417264440   -0.213384718338937
  112    0.159396458420669   -0.715624932537653   -0.680054207378667
  113   -0.082579478657030   -0.749833422024538    0.656452944939471
  114   -0.382481666306957    0.885509176144887   -0.263782626232770
  115   -0.345705946775964    0.596345637413670    0.724471724155897
  116   -0.249490033206019   -0.968101337834494   -0.023119753759961
  117   -0.231991324369049   -0.606715688890233    0.760313158028944
  118   -0.260230507807539    0.767895061915478    0.585335166116008
  119   -0.122739077839379    0.641137308851580    0.757547404437302
  120    0.017400509917615   -0.958969491351999    0.282974799073513
  121   -0.257244782979220    0.943879689612192    0.207162383572805
  122    0.135723695808775    0.990002041266889    0.038406206313574
  123    0.131512806521146   -0.683376038774299    0.718123646282505
  124   -0.335480171570198    0.815199635045232   -0.472125628943559
  125    0.228397588585237   -0.341183187905763   -0.911827052581195
  126   -0.113591772264158    0.993174211330454    0.026493305230166
  127   -0.083992161290704   -0.777527623029169   -0.623214338946342
  128   -0.126365570810616    0.897511871916965   -0.422497552989142
  129    0.138756079249344   -0.941356275700744   -0.307563184842033
  130    0.091127829657653   -0.854982539375868   -0.510588460527926
  131    0.207160976774793   -0.541683257970656   -0.814655496351685
  132   -0.054461944559384   -0.983943121327842   -0.169970087328428
  133    0.009422909812771   -0.349263577641255    0.936977140651730
  134    0.086101241980822    0.101067236972900    0.991146805342187
  135    0.327055437735370    0.351829661654134   -0.877069341516429
  136   -0.083438152538154    0.786966527618731   -0.611327865477059
  137    0.238222841645224   -0.120000838519376   -0.963768476592341
  138    0.181726732536723   -0.979209295676223   -0.090136285383870
  139   -0.154612270591800    0.894034901443878    0.420471926271760
  140   -0.036600817017388    0.633562746722532   -0.772825094157184
  141    0.235483780898443   -0.261378699744025    0.936070811559626
  142    0.133235572417887    0.823117601323740   -0.552019652397929
  143    0.284651301128228    0.116545009155953   -0.951520308562485
  144    0.068241327442074   -0.851620808473517    0.519697142385694
  145   -0.018454218240706   -0.998232149383684    0.056497944794086
  146    0.361786964004033   -0.894260495992497   -0.263454660205503
  147    0.032560607724642    0.986345876520633   -0.161436113355551
  148    0.365423722271748    0.727100716781427   -0.581197084350047
  149    0.175498874102595    0.677761784560801   -0.714030187441455
  150    0.441210209747800   -0.281814265211223   -0.852006027406943
  151    0.197894792224297   -0.482840916624349    0.853054687838863
  152    0.486396179378622    0.191285598177976   -0.852542419247027
  153    0.226883163253795   -0.906248488484427    0.356703949167434
  154    0.042663823648489   -0.127308511141606    0.990945175649288
  155   -0.027616882273098   -0.613429722647889   -0.789266294216121
  156    0.374171453809009    0.926451811771261    0.041021501925217
  157    0.442557745068364   -0.058019293650756   -0.894861108689093
  158    0.265845346443225   -0.021347006233083    0.963779309333504
  159   -0.014812808109096    0.971602482250475    0.236155027896167
  160    0.405863825594257   -0.913012009658076   -0.041032003291517
  161    0.146277804951151    0.303347346112460    0.941585466851098
  162    0.282137711090204   -0.772029520069229    0.569533784882386
  163    0.005922569737295    0.478725885555857    0.877944445660696
  164    0.382507743262965   -0.666964026100130   -0.639411302865518
  165   -0.024932668107276    0.790758903871898    0.611619749524462
  166    0.353067752250888    0.236504834178721    0.905211923104530
  167    0.119277801766262    0.639822349149793    0.759210226178657
  168    0.414457048710674   -0.398500978165302    0.818182330031232
  169    0.081652591437323    0.897134645336470    0.434145462314850
  170    0.428173765689006   -0.812969340167436    0.394649310557385
  171    0.447923958397685   -0.181155051238272    0.875526684290209
  172    0.358338327210923   -0.600946485194264    0.714462710842447
  173    0.263840431103444    0.469439096651098    0.842623973935319
  174    0.638457832633830   -0.049611784035610    0.768056161249499
  175    0.215596504099728    0.767786033463681    0.603342982256430
  176    0.307518186499444   -0.819697331698783   -0.483248227495962
  177    0.513706556428479   -0.667604500887109    0.538896840107333
  178    0.230564771364417    0.944921861861346    0.232298431295093
  179    0.312673965326860    0.853896813719709    0.416047140269113
  180    0.319388482905588    0.861891673505488   -0.393870207211938
  181    0.368833063598234    0.550476956090090   -0.748957470094618
  182    0.581657138188412   -0.598057824525185   -0.551363593392481
  183    0.093864128968047    0.927333838232587   -0.362272656657784
  184    0.631720948881214   -0.204037128754113   -0.747861947711204
  185    0.265634648314752    0.949000343049762   -0.169813375521870
  186    0.621462668593036   -0.410563716024449   -0.667249268736518
  187    0.539982617899526    0.396102685280623   -0.742644891640584
  188    0.508051134943842   -0.759269505924065   -0.406686441446109
  189    0.620728031671282    0.017191473137499   -0.783837460159221
  190    0.531798395112664    0.739138546828553   -0.413357805717722
  191    0.618017358453514   -0.279716442275328    0.734719849038376
  192    0.468956335136870    0.857548786396747   -0.211400176642456
  193    0.467656379022768    0.847012602706811    0.252719532318234
  194    0.556209588532122    0.582063117759322   -0.593155477568256
  195    0.690835175310752   -0.645645948846548   -0.325404470300275
  196    0.458704369119620    0.725608305170589    0.512916064495972
  197    0.710606582778256    0.575091318858921   -0.405349552220446
  198    0.425941312574886   -0.485560173884174   -0.763416868938298
  199    0.784057278431193   -0.252468523220652   -0.567021894570090
  200    0.480363456194315    0.404784256449362    0.778074967907200
  201    0.645420833044030    0.741651843875483    0.182714232474779
  202    0.777639195012818   -0.023999229217696   -0.628252592017552
  203    0.684721869427705    0.216877292748650   -0.695787468568848
  204    0.572168835695495   -0.489761701444273    0.657842153755194
  205    0.716881171050210    0.405751827212522   -0.566962821803494
  206    0.566439054610280    0.824028306078999   -0.011142180791377
  207    0.662770215096585    0.716473299099052   -0.217719208291201
  208    0.750543945271207    0.660734029884686   -0.010692425780615
  209    0.369300259570009    0.612463246090560    0.698932107196212
  210    0.790358641055396    0.568993247475026    0.227112093110189
  211    0.887552286046779   -0.291694897537173   -0.356602055916555
  212    0.580392557277026    0.543276809447735    0.606625739458625
  213    0.461844406535981    0.045703586917042    0.885782663125862
  214    0.745113162718058   -0.387164175705267    0.543056420452566
  215    0.631703977543074    0.667473721251836    0.394244741492497
  216    0.428384759299707   -0.885320204059668    0.180816576351504
  217    0.588291316253533    0.200064966098451    0.783509627612010
  218    0.695307397869686   -0.578107742055499    0.427011780918488
  219    0.687845497872116    0.342795346909286    0.639812410941209
  220    0.756103217346662    0.475358291755091    0.449824876121484
  221    0.822774171666995    0.531242439562555   -0.202049827630009
  222    0.837571305154208    0.251045595559447    0.485232333766494
  223    0.756324459467295   -0.462166969588960   -0.463006484006931
  224    0.759896275985791    0.099246020959360    0.642423440626710
  225    0.879352024942347    0.475318503176102    0.028501522208869
  226    0.611104511728761   -0.737979456599416    0.286247440830451
  227    0.571528389385697   -0.800698201683871   -0.179548572666026
  228    0.837244152693241   -0.460278284742948    0.295239105429931
  229    0.745382808201307   -0.660970460254516   -0.086732461678810
  230    0.871689202242580   -0.489622688061369    0.020677476375390
  231    0.887650220378164    0.370170412792315    0.273954287711955
  232    0.778193508877914   -0.157124865183370    0.608051510549384
  233    0.849622799776642    0.368939401678747   -0.376861799587896
  234    0.832490054713272    0.180644685217906   -0.523763120605123
  235    0.882039801891340   -0.008183828913040    0.471103823826349
  236    0.606980933887865   -0.792945563098482    0.053023389735545
  237    0.875033217346272   -0.259597576200500    0.408565743756690
  238    0.760417164921284   -0.629668139865384    0.159008707093491
  239    0.895014974666439   -0.063722835434815   -0.441460751785458
  240    0.936987468903306   -0.314181564134577    0.152788834265228
  241    0.934820178516105    0.140248617186832   -0.326253826362693
  242    0.837481232426469   -0.494747891709587   -0.232055400674842
  243    0.932422601148692    0.323747227528373   -0.160548514582970
  244    0.957390509613544   -0.109888844923114    0.267072750132583
  245    0.939092352197728   -0.321304014203014   -0.121939675662874
  246    0.968085070428462   -0.102204944403794   -0.228834974933767
  247    0.959666710776841    0.271394209867718    0.073382471183760
  248    0.939646455576880    0.145889700221809    0.309484626259524
  249    0.992372540012609    0.051639416032812    0.111937985245011
  250    0.989109767605617    0.096946989963831   -0.110739102236365
  251    0.989585085064883   -0.143861912756817    0.005010935549151
   
 U =    29305.6031024445     


 http://math-lab.ru/  - см. Задача Томсона
