    192
    1   -0.099963482703917    0.011707451148449    0.994922226967169
    2   -0.993011069367843   -0.113569093357686   -0.032110390013922
    3   -0.914758199735056    0.061386851613655    0.399310769284329
    4   -0.930855929398892   -0.364055068172805    0.031163216146903
    5   -0.832735165597560    0.132999159287285   -0.537460107920653
    6   -0.861645831521052   -0.415973173005475    0.290745215544731
    7   -0.959798927490904   -0.163060976859924    0.228466926737323
    8   -0.934881276904663   -0.263495642105570   -0.237838274221118
    9   -0.983042540120494    0.103898013850736    0.151104490440617
   10   -0.934738449441390    0.355230090985381   -0.008695607766181
   11   -0.842766446185363   -0.142203385020513   -0.519155963533889
   12   -0.837796900498013   -0.515849381131922   -0.178873613207021
   13   -0.945868365960709   -0.012523632047219   -0.324308792534467
   14   -0.581170167470711   -0.000940528388813    0.813781513582371
   15   -0.839612479932872    0.499217348282410   -0.214086250644107
   16   -0.678273242521985    0.621270796885112   -0.392387570415336
   17   -0.908564557812116    0.272114024550298   -0.316961199408878
   18   -0.668436019333155   -0.731812740829300   -0.132828462378941
   19   -0.690958672088785   -0.001889425972729   -0.722891792410729
   20   -0.724629974368665   -0.449590587195538    0.522283164721628
   21   -0.984888271807860    0.131659917741303   -0.112520034285814
   22   -0.802267307290817   -0.591346343304892    0.081710892249900
   23   -0.816455261916441   -0.389160556385533   -0.426561679763500
   24   -0.860731645791865   -0.201457728809155    0.467499537363926
   25   -0.768795483384683    0.401284039198935   -0.497920299457151
   26   -0.498412189621890   -0.242393006248169    0.832364655519616
   27   -0.656501676236741    0.266667705032599   -0.705615960839178
   28   -0.828260946192425    0.550436105799319    0.104899468277536
   29   -0.807509247290843    0.278706921940881    0.519856968022951
   30   -0.695791597539368   -0.636190856767659    0.333369534539145
   31   -0.718514713074354    0.689083973362699   -0.094339200496688
   32   -0.906554079859104    0.326063163670479    0.268034538050625
   33   -0.463814830689365   -0.438475508349692   -0.769814933221015
   34   -0.542313374837675    0.839761272644090    0.026404704871462
   35   -0.703805738095899   -0.228194594067201    0.672744164048855
   36   -0.101600449058560    0.984025137535901   -0.146191235881468
   37   -0.677631261918029   -0.635722518220594   -0.369692781507357
   38   -0.540253287638693    0.797460541304489   -0.268669072015992
   39   -0.635590553509614    0.466371931599950    0.615241310141861
   40   -0.495256858452836   -0.177593141512440   -0.850400682174685
   41   -0.568113547054923    0.525374818397593   -0.633425842420697
   42   -0.449107358908276   -0.883630133950038   -0.132288950974265
   43   -0.779080132793092    0.027566414979406    0.626318001858706
   44   -0.765365647293819    0.518535858538213    0.381229575652981
   45   -0.469584337252845   -0.800229543167994   -0.372992263254817
   46   -0.270141659040017    0.890272435643680   -0.366658525585014
   47   -0.526653269754813   -0.466531402257462    0.710622814272276
   48   -0.279201973554927   -0.092066459182080   -0.955808571345072
   49   -0.665859925158615    0.713606050499092    0.217708439797017
   50   -0.680790109953481   -0.263364113936375   -0.683494088986902
   51   -0.442936814716834    0.735517561109042   -0.512660604560866
   52   -0.641959959053492   -0.496866344027154   -0.583961682942579
   53   -0.165388034796588    0.800846774374422   -0.575579049236686
   54   -0.290344581173495   -0.404746645357816    0.867110245156163
   55   -0.490607752030262    0.096257161221602   -0.866047684923510
   56    0.004391262402426    0.994892091441954    0.100848615264500
   57   -0.234669546464580   -0.922264526594509   -0.307178037866504
   58   -0.630500724467595    0.238398454859771    0.738671112990288
   59   -0.225707917576236   -0.806795281117370   -0.546019514587294
   60   -0.263118434696423    0.959358438025227    0.101980766386117
   61   -0.615834783066577   -0.779277420747895    0.116078514281714
   62   -0.042631831526699    0.003777227001463   -0.999083709954706
   63   -0.324872541294483    0.614211182186806   -0.719167891100229
   64   -0.422256019830081    0.373742807271090    0.825842701566336
   65   -0.381354893517353    0.131496910229414    0.915028419116306
   66   -0.559601592510066    0.686325045786848    0.464547079622593
   67   -0.259133643966511   -0.360773816705263   -0.895930805221338
   68   -0.160576824270815    0.267452002950847    0.950097105365910
   69   -0.038648236443942   -0.737871558725151    0.673833715870829
   70   -0.441370456356031    0.367498621727354   -0.818618887691070
   71   -0.260590349465932    0.185038712269089   -0.947551235937678
   72   -0.358737262110142    0.924158608456728   -0.131295251966871
   73   -0.247502151839506   -0.614149734969297   -0.749374931440835
   74   -0.196287380805761    0.440869048763207   -0.875845731838113
   75    0.597400100393344   -0.791827614159415    0.126973026681385
   76   -0.421184818649601    0.596627103528128    0.683110128657700
   77    0.188994192529996   -0.114894623672588   -0.975233521081525
   78   -0.450402076420829   -0.668183378499363   -0.592173067821378
   79   -0.050207333044277    0.660878916133302   -0.748811245855091
   80    0.003500102355586   -0.737217046820129   -0.675646930845770
   81   -0.435887531979997    0.857456009731356    0.273443322902513
   82   -0.520209037684435   -0.657664947978453    0.544848027721432
   83   -0.296569063242247   -0.627529245013450    0.719898491025274
   84   -0.145866522718242    0.932024796857794    0.331741971405906
   85    0.003343869736570    0.251114313034832   -0.967951662183721
   86    0.016343876260285   -0.890279295048060   -0.455121582126708
   87   -0.032793132418107   -0.266424521374478   -0.963297765426968
   88    0.072316568199580    0.430591782302609    0.899644947174883
   89    0.008230708816265    0.923575736158083   -0.383327686206510
   90   -0.389500383107418   -0.913971913704627    0.113775184105658
   91    0.069086340003986    0.475749715454219   -0.876863322228774
   92   -0.307331911078900   -0.121479421703821    0.943816638195734
   93   -0.076379547418979   -0.275174164435189    0.958355541520717
   94   -0.185317878753671    0.500100196041430    0.845906069096069
   95    0.005540004474777   -0.979033106265450   -0.203625846067349
   96   -0.190837545600509   -0.980939606867159   -0.036585774127082
   97   -0.317802702061222    0.807204003147797    0.497416465212760
   98    0.189014150002547   -0.411295188949564   -0.891689362191653
   99   -0.272291010841283   -0.803936369561137    0.528719130646784
  100    0.135718099169597   -0.119802304252638    0.983477506328208
  101   -0.207311208988894   -0.934454337302433    0.289511923975911
  102   -0.030628313505753   -0.528920800014625   -0.848118325308257
  103    0.235321698543426   -0.629196720533221   -0.740766619837096
  104    0.219512808540607   -0.801578657949200    0.556134679737718
  105   -0.468871631122418   -0.812644274225933    0.346076114599680
  106    0.158885234206096   -0.403255121201385    0.901188542745707
  107    0.251892816422548   -0.919503440982525   -0.301767180216822
  108    0.242878490790396    0.142693183331078   -0.959504400272465
  109   -0.020480677889873   -0.888451929542265    0.458512497894874
  110    0.124824045121812    0.801599782271689   -0.584685168976782
  111    0.262771744551792    0.959337767184805    0.103063372339936
  112    0.669857037929961   -0.446832301874078   -0.592986039243430
  113    0.199814276337258   -0.627178817017815    0.752808731654962
  114    0.160479946539369    0.975560961307620   -0.150089964792036
  115   -0.184011171370729    0.702034663788354    0.687958733973445
  116   -0.000582856616018   -0.990046002386673    0.140742933877095
  117   -0.058665660905484   -0.537271833888208    0.841366339201257
  118   -0.016144567971385    0.840279369657660    0.541913216163569
  119    0.061281923217637    0.655430571843922    0.752765097078163
  120    0.436203365270790   -0.815522584738373    0.380328197624212
  121    0.133428460613924    0.930846038601044    0.340180096888313
  122    0.494673106286042    0.859939153627653    0.125710659752760
  123    0.417214503996067   -0.476589231525185    0.773818300410083
  124    0.284816129608012    0.881314312937364   -0.377047548893842
  125    0.451452393150540   -0.474153742083850   -0.755889519431598
  126    0.380309580503944    0.849334076107186    0.366054982400276
  127    0.258540090332254   -0.800267902314845   -0.541043719319970
  128    0.414809471201649    0.899646670389790   -0.136268011866223
  129    0.445951089677403   -0.888201142313292   -0.110572855660418
  130    0.488254199033587   -0.796496613475111   -0.356652466483479
  131    0.606308732085638   -0.231244641228517   -0.760865058535218
  132    0.192493935313260   -0.980837607665954   -0.030061141956720
  133    0.359973215127528   -0.245402649532594    0.900109340021052
  134    0.102715746565510    0.177907871698828    0.978671683760741
  135    0.305379894452021    0.379184615612242   -0.873477044545230
  136    0.542110575783725    0.764838129196265   -0.348049938587835
  137    0.386391474706602   -0.253820628218831   -0.886722457685975
  138    0.372657735452422   -0.916964271894378    0.142487670612886
  139    0.237024240908507    0.779341832928637    0.580039495783846
  140    0.243727017363653    0.623985508625765   -0.742454864643005
  141    0.608471201875601   -0.300853807397116    0.734336287447870
  142    0.404637481586609    0.720657470615390   -0.562957652529456
  143    0.455158500266994   -0.003675674807983   -0.890402846496689
  144    0.450686982775398   -0.664941846431144    0.595595151442277
  145    0.185234750525655   -0.931638939965732    0.312629129700394
  146    0.661789052994270   -0.738055772080305   -0.131563393981353
  147    0.642750662866830    0.758652563440736   -0.106385494166504
  148    0.643263002071416    0.567292064534643   -0.514191038119191
  149    0.491286611545664    0.499125808329549   -0.713800317158345
  150    0.675563494121205    0.034118834667185   -0.736511962246169
  151    0.652737779603447   -0.499732554353700    0.569386305769193
  152    0.515136691613507    0.239752074768011   -0.822893147132679
  153    0.651687442607439   -0.666357843083562    0.362312989152747
  154    0.331873440830979    0.052903641527603    0.941839277150898
  155    0.486038555255324   -0.657276489524411   -0.575981023232350
  156    0.695185179609019    0.703999973568789    0.145263909031528
  157    0.693762731606445    0.315149148645748   -0.647591141339830
  158    0.538039291110983   -0.073347763484969    0.839722470112920
  159    0.599274210903648    0.703014813458305    0.382936799229318
  160    0.828386653863035   -0.541122015390118   -0.144784378168851
  161    0.326490819326168    0.319792765710217    0.889458448661396
  162    0.818604155495370   -0.456462857529261    0.348609948655993
  163    0.298090567680759    0.558656435667585    0.773979974125269
  164    0.785161035765525   -0.187590074496014   -0.590196672191727
  165    0.467644940993537    0.655393330547099    0.593100152956928
  166    0.554515865580801    0.183233504065683    0.811749738408942
  167    0.534574092636597    0.427519918334464    0.729011151429834
  168    0.795663174066592   -0.260617573365331    0.546807638834208
  169    0.695702385290900    0.483171819302864    0.531547913298616
  170    0.782255935794612   -0.612471468491422    0.113817183228441
  171    0.732370947207031   -0.031754574863810    0.680165011348199
  172    0.923235008177007   -0.203556452406419    0.325886315085667
  173    0.740936532623029    0.233514951128390    0.629669613546715
  174    0.967051963341610    0.085245701870330    0.239882618190171
  175    0.878670581951926    0.016128600179868    0.477156029688928
  176    0.689324910772120   -0.617652722275804   -0.378597784006058
  177    0.915327527469995   -0.389379331993014    0.102758227273247
  178    0.802623071745026    0.518237946600640    0.295339864233953
  179    0.869618255214459    0.281212487142173    0.405812305472706
  180    0.760616480626317    0.587701988928347   -0.275805985448648
  181    0.822826155338636    0.371168933061892   -0.430337938392997
  182    0.834793255433747   -0.390089736283940   -0.388523124573368
  183    0.832047346529344    0.554612567805893   -0.010105086107094
  184    0.832900849941026    0.098357700027576   -0.544611730513401
  185    0.926155675044889    0.350310235844032    0.139708282664429
  186    0.913313674666224   -0.125810441776767   -0.387336887486351
  187    0.936958565898337    0.153837219744745   -0.313755885380560
  188    0.938773505458206   -0.309104745800381   -0.152179373022078
  189    0.986484323167599   -0.053701044398939   -0.154805936498015
  190    0.912493177784348    0.372758093823573   -0.168545554631495
  191    0.987410952844230   -0.131399804358202    0.088055105575288
  192    0.986820018718613    0.160694373564015   -0.019067484392671
   
 U =    16963.7941541822     


 http://math-lab.ru/  - см. Задача Томсона
