    269
    1    0.022052905802553   -0.003166090061512    0.999751791806039
    2   -0.992680536097839   -0.055871207506632   -0.107068956398474
    3   -0.942265216774664   -0.083540923143294    0.324279471161778
    4   -0.960873160765096   -0.274854597786660   -0.034317910729344
    5   -0.874674237454568    0.051325961878593   -0.481986124251007
    6   -0.826508292043755   -0.475306618064111    0.301608458116433
    7   -0.940726912123509   -0.287419563915521    0.180063519584560
    8   -0.931768429465515   -0.262383405154510   -0.250923379841122
    9   -0.991553374976157   -0.071450539941052    0.108243821604401
   10   -0.989629199146435    0.143610072238716    0.003193015561608
   11   -0.862816751648713   -0.197391227757369   -0.465385814436583
   12   -0.874298954939128   -0.461842883450506   -0.149340176772599
   13   -0.947876307198041   -0.047963297024463   -0.315007981472133
   14   -0.563812652254296   -0.079555552969892    0.822062167448199
   15   -0.894297137145237    0.355999270748699   -0.271103577475892
   16   -0.771884529580579    0.495826794237009   -0.397932234319890
   17   -0.849705990820786    0.264094469086520   -0.456348376310441
   18   -0.764461426607861   -0.643544333446252   -0.038071224276265
   19   -0.767005445345222   -0.087048112082778   -0.635708481140217
   20   -0.753080039371590   -0.382013897131427    0.535663921408324
   21   -0.959519197243721    0.154830074826860   -0.235266993116064
   22   -0.874493326880991   -0.479127445090662    0.075487168456042
   23   -0.826520428779776   -0.414629114214915   -0.380718634236688
   24   -0.876563914582147   -0.282976672033877    0.389306956959484
   25   -0.707868099394266    0.396525424915109   -0.584542848092286
   26   -0.502023733572780   -0.303694720053867    0.809778789510475
   27   -0.754494524525081    0.157398297089480   -0.637152876894552
   28   -0.930293878163881    0.329424104103558    0.161347636754850
   29   -0.881066376858665    0.069735369620994    0.467823703752779
   30   -0.686402530679525   -0.576312950465317    0.443525590020130
   31   -0.935955425604294    0.347052161082914   -0.059516710002859
   32   -0.963787315515269    0.123944453029991    0.236118154776304
   33   -0.573265652822977   -0.436372531084998   -0.693502347081766
   34   -0.847835891946553    0.526856021172208    0.059975272252676
   35   -0.681347719989422   -0.231624914120397    0.694345147332316
   36   -0.553249418389974    0.815903199406502   -0.167979314944992
   37   -0.750419405887973   -0.604238164150622   -0.267893553954977
   38   -0.824662956754538    0.540573802503852   -0.166466128096350
   39   -0.775767831175896    0.209029376300995    0.595391461104259
   40   -0.620835566505332   -0.213507256627174   -0.754306204886014
   41   -0.531896348591096    0.509894160498498   -0.676087434763427
   42   -0.617993618257574   -0.771977755876001   -0.148775778356445
   43   -0.827137325634723   -0.138296214102005    0.544718277375462
   44   -0.879223610602687    0.280930025188904    0.384765075736008
   45   -0.593773900000571   -0.713618352810340   -0.371727591403124
   46   -0.679280551539277    0.674782077794654   -0.288525700393612
   47   -0.595313877689488   -0.458780311610818    0.659637789024087
   48   -0.468156466811993   -0.091658650183688   -0.878878953228837
   49   -0.824151244733907    0.488184333814295    0.287142442042002
   50   -0.737482940401917   -0.329044795975471   -0.589786770670217
   51   -0.608770914357750    0.615858754588424   -0.500115954783312
   52   -0.683260336924307   -0.536228786121669   -0.495594593312481
   53   -0.409825310313785    0.708775552440308   -0.574178048421520
   54   -0.296854601180906   -0.362060420010345    0.883622995411311
   55   -0.630736804664981    0.027795575423201   -0.775498864749590
   56   -0.400229494396312    0.915198968174239   -0.047193224811213
   57   -0.437248755416178   -0.865612026562432   -0.243986363056385
   58   -0.734474879581046    0.003158229134030    0.678628526406859
   59   -0.410245483513971   -0.790582352683612   -0.454618726936796
   60   -0.570466225406158    0.818064491884861    0.073066906243625
   61   -0.741396728366276   -0.642324725041263    0.194293177359498
   62   -0.259195557813956    0.246146398363705   -0.933932338760195
   63   -0.326184742881970    0.594174207730875   -0.735228212447271
   64   -0.603955160564507    0.144069450900655    0.783889123119261
   65   -0.408205623486056    0.071418277288912    0.910092082496845
   66   -0.752942296555111    0.425766832827082    0.501797271936298
   67   -0.433687161397865   -0.315651333883750   -0.843966635274210
   68   -0.440933742729387    0.280966276140169    0.852429109190073
   69   -0.313066874400137   -0.690501025473526    0.652071672420554
   70   -0.607204445916197    0.276874570505931   -0.744743736507237
   71   -0.466227175757945    0.149230731064426   -0.871987620032961
   72   -0.715536766367756    0.696639350853803   -0.051968748474138
   73   -0.374697796627749   -0.518671705455603   -0.768492825706322
   74   -0.427544546705880    0.376581815407897   -0.821822241659446
   75    0.142619630690445   -0.944778344391652    0.295048336565877
   76   -0.637300124610006    0.345239575695485    0.688954415433759
   77   -0.055654634047563    0.183400771311547   -0.981461521808859
   78   -0.507174209359625   -0.628908493773391   -0.589277886756430
   79   -0.083171539420226    0.605236490509291   -0.791688881813094
   80   -0.301515158017842   -0.692527464090333   -0.655358162355584
   81   -0.718329498297262    0.672647271383976    0.177618636904169
   82   -0.515000632195644   -0.646098284446354    0.563321715961283
   83   -0.405879019248667   -0.515534367537275    0.754643318145521
   84   -0.546805963273196    0.780053731208790    0.304170042831502
   85   -0.224562770269916    0.450606944772892   -0.864016749566315
   86   -0.228346144078902   -0.918289961456712   -0.323421683212687
   87   -0.290332660231998    0.031166539351454   -0.956418105865560
   88   -0.234896161508462    0.254222091267879    0.938187039784699
   89   -0.489095990199210    0.783727038591822   -0.382827691463336
   90   -0.613975376943194   -0.784766145561821    0.084713241512214
   91    0.131557464579767    0.548342133393241   -0.825841109571988
   92   -0.362800879401806   -0.145853520911232    0.920381590615041
   93   -0.148855622435969   -0.184564435987616    0.971482358377018
   94   -0.469453901291774    0.469838447962573    0.747572650234112
   95   -0.245907040650792   -0.962328424605867   -0.115990217492506
   96   -0.449280514553326   -0.893137199409946   -0.021282910347446
   97   -0.674930056103023    0.622885790363863    0.395578957392270
   98   -0.088063846830105   -0.034770395339400   -0.995507799311199
   99   -0.406999310067183   -0.799070555807551    0.442535657824597
  100   -0.196919648318265    0.036196173828389    0.979751238379619
  101   -0.444072009828427   -0.869906953306510    0.214620461922732
  102   -0.264942638736507   -0.194578797268818   -0.944428128463335
  103   -0.213602271844958   -0.408954925699595   -0.887203436765611
  104   -0.196847879929024   -0.826281097582981    0.527740902284930
  105   -0.588996582133539   -0.738259336244205    0.328718996535453
  106    0.044944630630202   -0.597128619961332    0.800885379689622
  107   -0.021218758654729   -0.971250982400867   -0.237110298103020
  108   -0.026033234090699    0.395506321611022   -0.918094232793398
  109   -0.244484462481337   -0.914429060011681    0.322562926901658
  110   -0.174659755193544    0.745711387318389   -0.642968503691600
  111   -0.169260574729387    0.977046675365238   -0.129347021612453
  112   -0.048371851114530   -0.759357028167041   -0.648873691709776
  113   -0.185989002960531   -0.568937537113426    0.801073136262262
  114   -0.338042056750318    0.903213298135339   -0.264449061143158
  115   -0.584891653982028    0.562010198690794    0.584847236181981
  116   -0.261514219411991   -0.959900900591529    0.100997891507238
  117   -0.085176073755509   -0.401144710324407    0.912046028355117
  118   -0.461748101393375    0.730973262189787    0.502460725652498
  119   -0.357486421442967    0.641203819823575    0.679014815690760
  120   -0.026444871436936   -0.905173497795582    0.424218820496210
  121   -0.394099454953536    0.896828828604909    0.200956890373215
  122   -0.012683691205360    0.997050714695166    0.075690133460481
  123    0.219889205984867   -0.682895375741238    0.696636664899701
  124   -0.260472562663070    0.846216079687846   -0.464835874882162
  125   -0.048164450230237   -0.264883866193211   -0.963076696408212
  126   -0.229303409159638    0.970145601002589    0.078977587979710
  127   -0.204434672144202   -0.830704864636563   -0.517818397408244
  128   -0.098665724606390    0.938671381078318   -0.330395389090735
  129    0.183885898052438   -0.973077732215276   -0.138944965954954
  130   -0.005583259112567   -0.895187881236382   -0.445653996397654
  131    0.013080425826642   -0.479941351347903   -0.877203056154356
  132   -0.040546760632519   -0.998965313023134   -0.020597659546688
  133    0.129949774140502   -0.423087015558494    0.896722049169440
  134   -0.020125515241924    0.219100541737477    0.975494703341126
  135    0.177135247195094    0.336329795963638   -0.924935334252179
  136   -0.017035438787132    0.855665848600475   -0.517248247328263
  137    0.116408833702814   -0.095228490478990   -0.988625570191791
  138    0.164463210147643   -0.983194894133516    0.079244259462220
  139   -0.311858551301437    0.859997175474867    0.403917197152362
  140    0.068948331743675    0.728553693372799   -0.681509826358078
  141    0.244635595016577   -0.076712026423649    0.966575755258150
  142    0.215367340012177    0.820909891608554   -0.528889268860043
  143    0.151036434130158    0.123693568008293   -0.980758837226881
  144   -0.069201163112337   -0.732379823365018    0.677370646951671
  145   -0.057794308214053   -0.978282508747729    0.199055648039205
  146    0.387687949375741   -0.891916837731059   -0.232771150447517
  147    0.056056001974666    0.988691936453455   -0.139089825057524
  148    0.427286654351126    0.733465987375163   -0.528633862306605
  149    0.287033543915238    0.662287921461472   -0.692088472490116
  150    0.166915322184330   -0.331025010610960   -0.928742008078732
  151    0.304725987778334   -0.510440840879762    0.804109582292414
  152    0.375534009775855    0.255502829012028   -0.890894220358690
  153    0.104231110176096   -0.813948038745915    0.571510687470617
  154    0.071877918673626   -0.221363242010916    0.972538883486704
  155   -0.143028649997031   -0.603308994640632   -0.784576995753595
  156    0.201728376946500    0.976616935817551    0.074330495820145
  157    0.312984870835855   -0.167608816322475   -0.934851729055920
  158    0.195318594319628    0.153132788044865    0.968710997118651
  159   -0.148110488511379    0.948785136125285    0.279052053675734
  160    0.375123799716142   -0.926951101373914   -0.006617442724413
  161   -0.065802825798350    0.433611009175222    0.898694320021551
  162    0.389060060543314   -0.728584469806564    0.563734813229342
  163   -0.272634201451847    0.462329622250258    0.843754651891560
  164    0.164474161340133   -0.806797831716920   -0.567472914761873
  165   -0.216893902413207    0.779754871488803    0.587315396942265
  166    0.146155461498732    0.382159608622545    0.912465130627772
  167   -0.145330287329896    0.630771268077384    0.762237964780461
  168    0.490804886674621   -0.366297041049214    0.790529595230250
  169   -0.059010979034241    0.882728316293638    0.466163516340370
  170    0.595551028456232   -0.634242656370618    0.493006313696556
  171    0.304684620742481   -0.288207236991808    0.907801669104303
  172    0.472645788435362   -0.564657801910558    0.676585194499445
  173    0.069208160844351    0.593934805347174    0.801530833761096
  174    0.470086937395559   -0.148557306348296    0.870028159326239
  175    0.008146653294324    0.762143830285396    0.647356481390283
  176    0.195543495325725   -0.914383219903017   -0.354494102342465
  177    0.649718186388063   -0.438824922100281    0.620724549232820
  178    0.081254749031939    0.955307550255156    0.284227286137782
  179    0.163856669789009    0.860683259680819    0.482053231781362
  180    0.349166860353053    0.871191370366359   -0.345120413523131
  181    0.342615863624682    0.470104449784691   -0.813397920015380
  182    0.369427754695087   -0.809222364349523   -0.456817577483085
  183    0.131108192361187    0.929882801205514   -0.343698440377562
  184    0.254249858361413   -0.511574905134350   -0.820760699570821
  185    0.273534652920180    0.951370911687881   -0.141676328460359
  186    0.321145171872719   -0.681134958876380   -0.657967283669419
  187    0.540228840248034    0.345389147587571   -0.767371576808130
  188    0.554558238900647   -0.767317048391466   -0.322008861547661
  189    0.350618787079459    0.044061942675316   -0.935481165686732
  190    0.546681436737141    0.765729450882718   -0.338818262167002
  191    0.652769975856234   -0.229016036807170    0.722110111759826
  192    0.478096303174803    0.867113442258822   -0.139779122706662
  193    0.297482847853868    0.911307798420434    0.284643727791171
  194    0.494764692197507    0.553813224466522   -0.669700538868455
  195    0.520067382385857   -0.663955109931788   -0.537302084282008
  196    0.375169625566655    0.796401309813007    0.474333960180275
  197    0.622700901245691    0.605463633199980   -0.495638352491092
  198    0.105779841600128   -0.651992647518371   -0.750810370661618
  199    0.406593525838293   -0.344977531831645   -0.845974117380509
  200    0.276145850331421    0.536080753119772    0.797722317275425
  201    0.501558129901393    0.821473976368621    0.271329962368596
  202    0.513056204293348   -0.119657915258873   -0.849973714035912
  203    0.547019670534566    0.110633762738293   -0.829776867953441
  204    0.792809254521755   -0.288914379435839    0.536639513360565
  205    0.680524299470204    0.411016507488008   -0.606590560759850
  206    0.407423527936716    0.910450638152591    0.071314124625773
  207    0.662149778148404    0.737571683766283   -0.132460117032217
  208    0.600693040930577    0.796385312324100    0.070273073733989
  209    0.223308220639988    0.719947558040264    0.657121717999385
  210    0.744100409885553    0.525215157571280    0.412872399495931
  211    0.599424091785975   -0.300912966284731   -0.741715676596015
  212    0.426788845039629    0.643554149968747    0.635365515123179
  213    0.403870866410232    0.064332823666584    0.912551155313571
  214    0.884330156205973   -0.326491546633416    0.333711619218809
  215    0.574571519503362    0.692332973968010    0.436511880860313
  216    0.274166605431116   -0.855866623025478    0.438548738519840
  217    0.349085442908507    0.301833615177573    0.887150394407965
  218    0.758730126519691   -0.496539490570382    0.421636252492027
  219    0.466590497268615    0.446579647323774    0.763452635370918
  220    0.610853866547660    0.531027084653042    0.587254450037345
  221    0.725214240090029    0.622114644400217   -0.295021482596493
  222    0.642034883157164    0.339242942409104    0.687535769858544
  223    0.463490411466765   -0.519044722175829   -0.718170742135730
  224    0.540504803363185    0.200660565938963    0.817061744801688
  225    0.839101457538091    0.495474814936774    0.224529400571107
  226    0.489906247306648   -0.793368591426630    0.361328309142313
  227    0.559998839998160   -0.823658262410676   -0.089377659195921
  228    0.674969160233894   -0.681315496026048    0.283241641726516
  229    0.710325268920385   -0.682919831924436   -0.170465584495763
  230    0.689730875116570   -0.602848331678481   -0.401055119532718
  231    0.783027979451569    0.333256457253253    0.525173606624518
  232    0.783420681525654   -0.075294186767741    0.616913949588485
  233    0.792703188017142    0.447666210308711   -0.413783300599839
  234    0.698130980065234    0.191235060062771   -0.689958177338268
  235    0.617727698059649   -0.011666304643846    0.786305531193749
  236    0.353042682174482   -0.910122236018035    0.216883332851052
  237    0.822759482817026   -0.529386705981789    0.206921601009684
  238    0.546867807232315   -0.825748238044537    0.138113897849791
  239    0.681989444795254   -0.054269236638866   -0.729345766521268
  240    0.713112726371196   -0.698560542415992    0.059020403818642
  241    0.825271502132794    0.245074676755353   -0.508788119535766
  242    0.641790659982694   -0.474054187777136   -0.602807909544937
  243    0.696148894264220    0.677553008562577    0.237273339426294
  244    0.843602392953621   -0.536672950496657   -0.017808616120774
  245    0.757958440067942   -0.230348283324851   -0.610277536452937
  246    0.815473811743119    0.026729035064435   -0.578176461857168
  247    0.887917022232660    0.305813634074235    0.343629717637744
  248    0.733244698516879    0.137456147486596    0.665926437089740
  249    0.899016801567917   -0.110223593315489    0.423815466890030
  250    0.773551316199459    0.633452749024396    0.018867325181918
  251    0.787507985650562   -0.401102947797273   -0.467918366603548
  252    0.824328797038851   -0.510613297518589   -0.244450597810016
  253    0.930039352100405   -0.347711745671441    0.118841682362624
  254    0.891527716342105    0.452291600309843    0.024711116587334
  255    0.851424081615297    0.491738561934499   -0.182401260829357
  256    0.865919625945910    0.112707042557049    0.487319529630959
  257    0.923298884828311    0.076325664121121   -0.376422053380599
  258    0.909835362140065    0.290287515718169   -0.296534605092947
  259    0.897864350669040   -0.310813240235017   -0.311824850665039
  260    0.954467547255500    0.078586813157895    0.287777368870027
  261    0.957476252510892    0.275913501292262   -0.084326541980231
  262    0.933527712174913   -0.344355910916439   -0.099724707161175
  263    0.967835662375895   -0.137597621595043    0.210620571561280
  264    0.880723816842781   -0.140694518033581   -0.452250606457506
  265    0.965116292373503   -0.119081969679262   -0.233173812192816
  266    0.989327421704291   -0.145170154194700   -0.012525134531286
  267    0.952958155631676    0.266901372869068    0.143646826542327
  268    0.995981794395069    0.061630774205542    0.064976248771412
  269    0.984250555819940    0.079142185235829   -0.158073900072833
   
 U =    33745.2027756542     


 http://math-lab.ru/  - см. Задача Томсона
