    114
    1   -0.117509270356831    0.007235007184698    0.993045430003705
    2   -0.989766167222292    0.076682396073714   -0.120344274290424
    3   -0.874619139550205   -0.003491152360506    0.484798074034598
    4   -0.863199220001620   -0.492619435229722    0.110513341378063
    5   -0.683667724484266    0.456592405140294   -0.569316975038253
    6   -0.844570585828810   -0.343412970876967    0.410813895804701
    7   -0.976319979135627   -0.150772746981459    0.155135028630785
    8   -0.948774608938112   -0.260111333034006   -0.179356727951879
    9   -0.957984008426088    0.193251823402377    0.211944267088171
   10   -0.826639041933145    0.510608574811137    0.236530711919597
   11   -0.885129623994485   -0.065054722200490   -0.460774816853959
   12   -0.798852150960682   -0.564459090353182   -0.207897032742533
   13   -0.883163936524089    0.268994380093702   -0.384270067402186
   14   -0.125711942817080   -0.340620403951407    0.931758685414381
   15   -0.462500348437774    0.862677360388484   -0.204648966691980
   16   -0.200323507792173    0.873845705466655   -0.443017127505612
   17   -0.723096887528005    0.631752986099894   -0.279318914148645
   18   -0.614862453982332   -0.787530548682951   -0.041710880762163
   19   -0.702459126767582    0.147312255200046   -0.696311909052835
   20   -0.622519296739356   -0.540177574469898    0.566284304238565
   21   -0.902414085795463    0.423710882763135   -0.078217041532035
   22   -0.652293301144376   -0.704175571318230    0.280446454855140
   23   -0.772861153104665   -0.399610094078487   -0.492947675450762
   24   -0.676896914377405   -0.220493619119868    0.702277104306962
   25   -0.465403046182974    0.703176843796388   -0.537533562628566
   26   -0.375290768816120   -0.769983916551466    0.516024812478499
   27   -0.436037570582454    0.417508069937157   -0.797219071885452
   28   -0.673999667934565    0.737377287778131    0.044712225319975
   29   -0.658147363362881    0.122900147811439    0.742790415774472
   30   -0.369452747137056   -0.911261264798522    0.181954870532999
   31   -0.404838699568029    0.897948250639786    0.172611026603214
   32   -0.784381762425261    0.341385244450762    0.517881613543033
   33   -0.198040913434875   -0.598808178044874   -0.776020980716668
   34   -0.059910034125308    0.962539930688900    0.264438404246643
   35   -0.397821008703745   -0.463621246300986    0.791703091450485
   36    0.396001810462357    0.857754830666967   -0.327779219258968
   37   -0.563008502662006   -0.723348733649692   -0.399734956512028
   38   -0.170869014958593    0.982906858711597   -0.068541132357003
   39   -0.530498139270169    0.495368058045673    0.687882410953316
   40   -0.662288793656585   -0.181638440757345   -0.726898225775896
   41   -0.178049984397310    0.650247338707604   -0.738563877778893
   42   -0.335506904773596   -0.925659484854855   -0.174898927805420
   43   -0.419844934486151   -0.115623811232980    0.900200736092945
   44   -0.598597816346692    0.686351414596551    0.413040421685680
   45   -0.022091217304721   -0.955071357950185   -0.295551483402105
   46    0.085315641135090    0.951165978836597   -0.296655561352768
   47   -0.092538161812902   -0.916147292032602    0.390013881688356
   48   -0.386254348007870   -0.261521947643893   -0.884541604191436
   49   -0.303412872012069    0.814289141500077    0.494847272532097
   50   -0.510088963882994   -0.528386220275981   -0.678687889347701
   51    0.117724234160163    0.789279153621302   -0.602643694358652
   52   -0.266423961779668   -0.815210942438238   -0.514246431118959
   53    0.432578077301723    0.662126110050340   -0.611935635036520
   54   -0.129734662756220   -0.675987216837935    0.725403473903477
   55   -0.427848120608769    0.086608600527144   -0.899691578267950
   56    0.515026849859476    0.857169920569503    0.002659171806684
   57    0.287416634719426   -0.955298830050876   -0.069251883656605
   58   -0.388692967674158    0.249140007417011    0.887043986274022
   59    0.285411306879023   -0.873030501959462   -0.395421456871043
   60    0.297275788617158    0.898981224969458    0.321651772347765
   61   -0.046631179919204   -0.997634211138982    0.050512511563406
   62   -0.110168290142155    0.002319255393071   -0.993910241873770
   63    0.143581923354750    0.531850289512505   -0.834577438486816
   64   -0.227881198354969    0.615437126283517    0.754524554291104
   65    0.194671539296837    0.174551642567327    0.965212264667647
   66    0.033367605087401    0.822216363606970    0.568196140736332
   67   -0.073714014493481   -0.335059338317126   -0.939309045987392
   68   -0.083707989043756    0.356436299007104    0.930562269448084
   69    0.154252077801019   -0.518349870693001    0.841141907199147
   70   -0.133258433985110    0.340453839670410   -0.930770311529924
   71    0.188847001245556    0.188132885931988   -0.963816801758229
   72    0.195320150465100    0.980636289061090    0.014230509435161
   73    0.186449967376272   -0.523893106859794   -0.831127199801679
   74    0.442935159181025    0.374333636886654   -0.814667277516712
   75    0.578005674257074   -0.759769016375184   -0.297759101091656
   76    0.126753404311337    0.580507524129633    0.804328657281568
   77    0.217860064354560   -0.175122456392345   -0.960140155199510
   78    0.061888272561896   -0.775521558263379   -0.628280315136520
   79    0.673869853934823    0.681481203307442   -0.285451903998734
   80    0.427202509098577   -0.654829748883798   -0.623454903097781
   81    0.368724705818150    0.711647601435090    0.597996473811512
   82    0.418256550028183   -0.630153397940893    0.654192749441683
   83    0.155564069678726   -0.803211864980170    0.575022191032720
   84    0.608241724234395    0.730777333791259    0.309849146065161
   85    0.483266847469585   -0.004395944146236   -0.875462066460833
   86    0.579757496006822   -0.813920033697284    0.037622128729147
   87    0.495128734086831   -0.353781780572725   -0.793527559960185
   88    0.406319802285455    0.393260126295102    0.824773115066846
   89    0.785671520809744    0.617964927536694    0.028976019793486
   90    0.247978984962520   -0.932598048235172    0.262235206341379
   91    0.699643885686284    0.462446342899119   -0.544648338986752
   92    0.188199624100191   -0.185780796795330    0.964399500741596
   93    0.476829049777532    0.003800478744032    0.878987834756302
   94    0.634000327805944    0.509958264764601    0.581365764850522
   95    0.789246221417005   -0.579844009428600    0.202166581582480
   96    0.524159078166862   -0.769337421446755    0.365208423693820
   97    0.836929823794391    0.431213972037015    0.337050412199049
   98    0.693268455317705    0.170173099683939   -0.700299910756359
   99    0.477865825669840   -0.334522758611846    0.812243052680417
  100    0.678609026233410    0.202777059460388    0.705954144170244
  101    0.693878947632823   -0.484710016521424    0.532530004709375
  102    0.706027538051029   -0.496772834149283   -0.504719592214224
  103    0.744250883682451   -0.176607522222767   -0.644127631166546
  104    0.890367885825118   -0.268764769878332    0.367437785704678
  105    0.735268414408014   -0.151355586180911    0.660660158709270
  106    0.878717427897093    0.115172070891548    0.463239760811255
  107    0.808059025468205   -0.568933048659918   -0.152826036727734
  108    0.887579884182627    0.094407756980698   -0.450875952581447
  109    0.949676722649077   -0.312837006563720    0.015720362042873
  110    0.882938673552077    0.387914216487341   -0.264465232862680
  111    0.949997183046286    0.307920099786688    0.051870650193318
  112    0.902426146938057   -0.267558366246872   -0.337697453312633
  113    0.983275117110833   -0.002820607261448    0.182104607973971
  114    0.988056318468652    0.016562688456301   -0.153200485917220
   
 U =    5826.59478835964     


 http://math-lab.ru/  - см. Задача Томсона
