    106
    1   -0.170618117071392   -0.049920101071757    0.984071868125493
    2   -0.966136319731504    0.125449292872862   -0.225484116099922
    3   -0.901452544533158    0.093219041163808    0.422721563584347
    4   -0.862242974670709   -0.482420493185483    0.154296857990311
    5   -0.555486687266992    0.524581261117246   -0.645173651627050
    6   -0.842348867722176   -0.292987698817716    0.452334603350956
    7   -0.979360181616766   -0.147385782566840    0.138315095924977
    8   -0.954008802610473   -0.223062829756788   -0.200275256890673
    9   -0.973449423516855    0.204573431660368    0.102693383006913
   10   -0.834675844165072    0.458895936760649    0.304517248102454
   11   -0.851728535387704   -0.026121125114202   -0.523331815227285
   12   -0.818651018881778   -0.545687319209425   -0.178985638915132
   13   -0.815123446464995    0.340795486244010   -0.468435911922579
   14    0.070950803462695   -0.331886331765874    0.940647354897142
   15   -0.490892956513892    0.862372699019055   -0.123844391199770
   16   -0.040026716775132    0.919776447089342   -0.390396144094572
   17   -0.681021459021414    0.653094270377367   -0.331176156074979
   18   -0.634779065870507   -0.771368443248479    0.045235630790160
   19   -0.632144996931167    0.183260040517593   -0.752866827801827
   20   -0.600873591060225   -0.431971400549120    0.672570915721177
   21   -0.873098527339957    0.476168609508378   -0.104701560999136
   22   -0.652103112460104   -0.648125281692242    0.393313043199940
   23   -0.780727349405745   -0.388486253492556   -0.489431544485231
   24   -0.731344987487155   -0.038697509305196    0.680908960178221
   25   -0.365873823246453    0.815708969591354   -0.448057164200322
   26   -0.360975379585982   -0.706797557618738    0.608386380417036
   27   -0.317271280360014    0.348912531506338   -0.881815729059397
   28   -0.698318031703563    0.708267059078955    0.103487678596584
   29   -0.494672436528223    0.197814879144533    0.846267365628774
   30   -0.385546531447737   -0.882161747557098    0.270452441726133
   31   -0.391819683010291    0.890490597521083    0.231308952987689
   32   -0.704818968090605    0.354205622015440    0.614628830720094
   33   -0.180138159830744   -0.621023823842695   -0.762810365420260
   34   -0.028060032471052    0.965952274930352    0.257194162326055
   35   -0.269650513229287   -0.434852379725789    0.859181010359284
   36    0.327143669487204    0.839744618200302   -0.433365891272116
   37   -0.579900573328514   -0.745685394564971   -0.328128964563849
   38   -0.176772473092286    0.981861959526774   -0.068546226672818
   39   -0.397167434014586    0.544424381105033    0.738823471890729
   40   -0.634724347313040   -0.185866452985194   -0.750052441221770
   41   -0.232423361395169    0.652185256938417   -0.721549562892212
   42   -0.345749069569285   -0.931388228969046   -0.113901483001221
   43   -0.471294863275988   -0.158188537153687    0.867673635973138
   44   -0.575216221917012    0.676099501864887    0.460451693038010
   45   -0.014888823768308   -0.960655704559639   -0.277342640471710
   46    0.174586515574025    0.980136450833994   -0.094085526656671
   47   -0.081590176458474   -0.885383950155460    0.457644298459610
   48   -0.355337982470653   -0.349196203073617   -0.867062241118050
   49   -0.225471349802558    0.813130379970689    0.536639222930020
   50   -0.523055947476859   -0.571825822668641   -0.632002930640687
   51    0.089755129670642    0.740943950075417   -0.665541944241265
   52   -0.274080607672639   -0.832747046502379   -0.481053195644060
   53    0.396120327969507    0.570487621479332   -0.719466857824726
   54   -0.022708125117844   -0.650505432473002    0.759162053435724
   55   -0.359331113534439    0.002402780499062   -0.933207038921146
   56    0.501520111701537    0.853414373569966   -0.141991142481001
   57    0.261498172407013   -0.963629274123003   -0.055111957694916
   58   -0.183506745171552    0.305224706235982    0.934431994946503
   59    0.081477725623921   -0.790505770514162   -0.607010714082514
   60    0.513998944818433    0.713240098300736    0.476543436531754
   61   -0.071294136092145   -0.991978291060070    0.104384942517674
   62   -0.047113596218969   -0.234475110812890   -0.970979779120348
   63    0.053948329367551    0.460002413852222   -0.886277246130453
   64   -0.041285036613522    0.627724871892959    0.777339713998191
   65    0.168625563105762    0.014191271920004    0.985578016835074
   66    0.155367268855036    0.827275007306976    0.539886167681456
   67    0.140273682571830   -0.503054524874296   -0.852795074435373
   68    0.150465704368808    0.353023678628262    0.923436166790411
   69    0.345322188322922   -0.500268029651052    0.794030531378311
   70   -0.025205126812030    0.138248187743279   -0.990076835487069
   71    0.357196764532893    0.264517764560193   -0.895790613725837
   72    0.326199761916318    0.918661117785348    0.222835064554736
   73    0.443372606288984   -0.327564564950267   -0.834339372067180
   74    0.666466357126449    0.327032438955215   -0.669979386764701
   75    0.341809102037045   -0.852691669722895   -0.395073985665736
   76    0.338719290973387    0.577096243207489    0.743121233715125
   77    0.261992785539275   -0.069299132243788   -0.962578521781797
   78    0.431019444193251   -0.625681477301359   -0.650188378617559
   79    0.628897043118198    0.630179103744452   -0.455371064474926
   80    0.687036725323268   -0.600917227304069   -0.408508291208721
   81    0.654713536781280    0.414701150668951    0.631959761685185
   82    0.556717790503679   -0.652713283077185    0.513839149765084
   83    0.243930620540607   -0.774590552627915    0.583530057616791
   84    0.641538254707754    0.750652414647871    0.157954487526789
   85    0.600246711767266    0.002454311119011   -0.799811141063636
   86    0.572199404462269   -0.807662389356116   -0.142370314155004
   87    0.717853877489460   -0.316587547646727   -0.620046881492342
   88    0.471106009573144    0.212009746231392    0.856219011262288
   89    0.778433395261148    0.612375155204148   -0.137978688321413
   90    0.256774235953941   -0.924553925367006    0.281544012258706
   91    0.865173357582437    0.338630352195594   -0.369870985481993
   92    0.443004014570278   -0.171293461353545    0.880003405204854
   93    0.711305627834120    0.006219352296488    0.702855336088814
   94    0.815261537124024    0.495340012462280    0.299978162771963
   95    0.816411205430128   -0.574875889944042   -0.054685051057588
   96    0.577819260019985   -0.791903565332885    0.197518723069543
   97    0.937854984214204    0.347021843929991    0.001966829937741
   98    0.845706574389897    0.011558880886641   -0.533522991356843
   99    0.670156826694756   -0.353736556471309    0.652503085241928
  100    0.869495221213266    0.191199052847026    0.455434937699881
  101    0.806482003986582   -0.509075010911997    0.300714832541957
  102    0.899703982656581   -0.307085096702062   -0.310212003274168
  103    0.979237923895488    0.027686022729470   -0.200814771743208
  104    0.960741218807078   -0.272884781227110    0.050101962633436
  105    0.886879538774620   -0.186143532961397    0.422841895795067
  106    0.985067531682668    0.052988115385652    0.163811530889903
   
 U =    5016.03188579147     


 http://math-lab.ru/  - см. Задача Томсона
