    133
    1   -0.184493136056696    0.120195876785154    0.975456423399740
    2   -0.992450467212929   -0.066845667915360   -0.102828628357031
    3   -0.887258033240150   -0.008964779273642    0.461186312875172
    4   -0.917466407672452   -0.396612646772868    0.030883639883052
    5   -0.829546724369936    0.345790551073645   -0.438498719354223
    6   -0.850100915525582   -0.358344675683544    0.385898337430759
    7   -0.970490584066040   -0.142033340546114    0.194870614543260
    8   -0.906173546570219   -0.312512605479144   -0.284930473822981
    9   -0.969957123359632    0.170260991890334    0.173765282736301
   10   -0.874544009632816    0.461172682706964    0.149975104401425
   11   -0.794971951226215   -0.206561735581087   -0.570396218568560
   12   -0.779472764456878   -0.610904483836777   -0.138628716715088
   13   -0.919556011689788    0.030874095432066   -0.391744217055494
   14   -0.217376863652537   -0.197366093874055    0.955925689652435
   15   -0.621165545687415    0.761491753036056   -0.185158512925897
   16   -0.389446168397154    0.842932609495050   -0.371209237183883
   17   -0.830721456092968    0.531129121044740   -0.166744472667075
   18   -0.591185882538804   -0.805229927037715    0.045869563870298
   19   -0.748800455191874    0.113322413827717   -0.653035916951512
   20   -0.641495785164760   -0.561679564827390    0.522493276579863
   21   -0.958104736959766    0.250668877001160   -0.138565605827114
   22   -0.759033945513188   -0.613391045014256    0.218217541584084
   23   -0.726637774956881   -0.518751653010747   -0.450437860869099
   24   -0.727168944311330   -0.231204726212176    0.646351066376702
   25   -0.643387823561514    0.613535276322015   -0.457849946162765
   26   -0.352059576779153   -0.693179589251890    0.628932517399653
   27   -0.598769680715250    0.410378927651313   -0.687796485303549
   28   -0.692760841947328    0.711872514977758    0.115412036996454
   29   -0.713832361197360    0.101000427824569    0.692995146943076
   30   -0.491589423173573   -0.795823106786233    0.353561057992790
   31   -0.466121613803930    0.827007577490677    0.314307346267665
   32   -0.837481454801508    0.311632121401220    0.448898912645736
   33   -0.295476105039419   -0.469299312836000   -0.832137023766154
   34   -0.195385199936438    0.866016296010647    0.460261228749281
   35   -0.493002084891440   -0.418695379293079    0.762655311167055
   36    0.097332674222412    0.941753990616649   -0.321909570665941
   37   -0.563259333631667   -0.764363921070446   -0.313825937810474
   38   -0.423979429444579    0.905654283163656    0.005635849108412
   39   -0.613013523020467    0.413020557219253    0.673519442858432
   40   -0.571932587250608   -0.128835547594715   -0.810120063519473
   41   -0.376623864404697    0.662534285058651   -0.647458713651067
   42   -0.365946118197541   -0.922354172086408   -0.123879860392835
   43   -0.499054902891820   -0.121061489797830    0.858072444253727
   44   -0.688724820371777    0.595004044480049    0.414280471246531
   45   -0.246697090801375   -0.880461574057030   -0.404880182275145
   46   -0.173191343527455    0.969214044483854   -0.175011126795998
   47   -0.162498139919572   -0.879225154323119    0.447836446181156
   48   -0.291523905277201   -0.176789166838196   -0.940084785080892
   49   -0.427497662193568    0.671249664497338    0.605532523264643
   50   -0.573710620479440   -0.412022157636518   -0.707879838366403
   51   -0.121022036499300    0.840930285011445   -0.527437126520434
   52   -0.441186009232183   -0.673601170079624   -0.592972485807850
   53    0.179781031837704    0.759760447464772   -0.624854257454889
   54   -0.208184855639569   -0.489320682929183    0.846890981850704
   55   -0.493693671866082    0.162153515560154   -0.854384454300796
   56    0.125528777271302    0.992048926238466   -0.009025188412334
   57   -0.061098006931817   -0.991356736692564   -0.116098467531791
   58   -0.463610633521535    0.180673808181055    0.867422708673872
   59    0.069685388470799   -0.911484598999593   -0.405388421665228
   60    0.132157061283675    0.945237777717623    0.298429312783300
   61   -0.272710403128900   -0.947234278944395    0.168452535801526
   62   -0.212907013522670    0.122894172396373   -0.969312965962938
   63   -0.064574039428286    0.628536146708483   -0.775095159133874
   64   -0.318646568629627    0.443818141392856    0.837549892048919
   65    0.125454937342083    0.145279630833586    0.981404548370014
   66   -0.126223652051679    0.666936167256393    0.734345789439886
   67    0.011227333599135   -0.252850865177562   -0.967440120606548
   68   -0.007992704842104    0.414480806904517    0.910022954313290
   69    0.091393474479455   -0.459716382520311    0.883350485631277
   70   -0.300148201712825    0.425207566049036   -0.853879138276145
   71    0.023076041795476    0.363092626684230   -0.931467251567440
   72   -0.160400519261000    0.973397437825296    0.163612656771873
   73    0.004870540872140   -0.534623208956853   -0.845076506759175
   74    0.276229969860620    0.517001638916424   -0.810189057633175
   75    0.380554411123962   -0.836967474733495   -0.393273170216747
   76    0.219360358717298    0.596934907365272    0.771718698355970
   77    0.078018313427265    0.049804336030724   -0.995707121036354
   78   -0.137536606892559   -0.740659758985941   -0.657652494242491
   79    0.498453076864732    0.631174921411514   -0.594274977384419
   80    0.182704361531339   -0.735792305551288   -0.652095698014444
   81    0.091445532510794    0.815067224470946    0.572104128788672
   82    0.157875654227420   -0.868456127037640    0.469956629076606
   83   -0.022516368325307   -0.717652064961975    0.696037733756764
   84    0.426897356088782    0.875658763058008    0.225788347892726
   85    0.339763510537472    0.217251834979018   -0.915075077305410
   86    0.247579194127674   -0.962323524619908   -0.112418755544652
   87    0.328353934933574   -0.126571139054678   -0.936036025039656
   88    0.355384192290704    0.335420527953281    0.872464982275751
   89    0.372717995693365    0.842019402070768   -0.389980284402568
   90    0.051879208499112   -0.981261686465095    0.185564140935642
   91    0.572699712671160    0.358969574827782   -0.736991101339991
   92    0.086475215908936   -0.157766838079708    0.983682703840946
   93    0.362956583164817   -0.304425554807331    0.880674514402211
   94    0.537372564433658    0.512123424795942    0.670045016972195
   95    0.538730876544264   -0.836898011642325   -0.096802689874673
   96    0.363757398370831   -0.912185846307595    0.188673095396725
   97    0.386886902035758    0.759679605259654    0.522690560834715
   98    0.591643569064295    0.038076889920879   -0.805299967489640
   99    0.292702004619334   -0.638881267914125    0.711446598136687
  100    0.404902035582859    0.009293928037123    0.914312837316910
  101    0.646281423088248   -0.740768308460568    0.183255655714898
  102    0.295023559132500   -0.442632459274336   -0.846780730504389
  103    0.558546903568199   -0.282010708544750   -0.780061098107363
  104    0.552563425915026   -0.458319985949214    0.696143987132376
  105    0.448452743308484   -0.762771048842181    0.465908214208865
  106    0.627992366687967    0.199047250885670    0.752333555875652
  107    0.465107532143369   -0.617926773822583   -0.633909682633669
  108    0.794160770866572    0.172793828369676   -0.582624203834654
  109    0.687436977518436   -0.571172685236959    0.448544496766508
  110    0.748655718775288    0.473281477378141   -0.464240517313839
  111    0.414888275666434    0.905926670095638   -0.084643884149784
  112    0.654935959083134   -0.671543964716024   -0.346536567988629
  113    0.637844097525425   -0.140594586638418    0.757223922931618
  114    0.632382345691770    0.722873677664301   -0.278471210356588
  115    0.776792638296041    0.370895995153914    0.508949268461861
  116    0.861282759819183   -0.457276439636621    0.221563231136188
  117    0.829136158753103    0.038817520713152    0.557697436190838
  118    0.645548233166257    0.660423293970944    0.383547326201724
  119    0.937551916733663    0.179682511452998    0.297843244857053
  120    0.804453866413799   -0.283250138617754    0.522133446338111
  121    0.669966736809132    0.740290484444032    0.055808334601065
  122    0.833082450472250    0.533854920411132   -0.144819041109844
  123    0.950129815548617   -0.140682153184553    0.278319717916121
  124    0.922173488597106    0.238760000295433   -0.304285588202215
  125    0.796374720496804   -0.136622366002869   -0.589170292582217
  126    0.840504685154794    0.500265519414439    0.208053561175583
  127    0.704119799621008   -0.439007038543126   -0.558111214625961
  128    0.955787090833141    0.294033444555344    0.003920520327789
  129    0.795157876521159   -0.602644746875072   -0.067403712584999
  130    0.944109597238358   -0.073464473016276   -0.321341002063021
  131    0.868323435662219   -0.386268325725107   -0.311144968818849
  132    0.953046207596585   -0.301355328961046   -0.029797514872008
  133    0.999899841429626   -0.000656637284522   -0.014137748635661
   
 U =    7998.28388587974     


 http://math-lab.ru/  - см. Задача Томсона
