    189
    1   -0.114368416978139   -0.005648414993262    0.993422347547094
    2   -0.993609308861303   -0.107728031975158   -0.033692914253934
    3   -0.903110581861342    0.108185368187126    0.415556498012346
    4   -0.934158249852985   -0.354426980060008    0.041591826566652
    5   -0.854164285829288    0.136046859444052   -0.501891048783651
    6   -0.871646770013132   -0.378702354995633    0.311153394078284
    7   -0.964582513882679   -0.131351865496067    0.228751527519435
    8   -0.930185131228463   -0.284999034959952   -0.231368043846558
    9   -0.977106357006853    0.131199569494674    0.167480864761348
   10   -0.924971182580382    0.379920610142402    0.009414955383562
   11   -0.860087950239830   -0.170693275553250   -0.480741639067338
   12   -0.830723837108845   -0.536626326217787   -0.148088123997701
   13   -0.953717107865385   -0.010788579120163   -0.300511704806074
   14   -0.553387813944519   -0.006238773368153    0.832900357236427
   15   -0.827486550238382    0.526808871582951   -0.194263794866877
   16   -0.672355932974005    0.631143374421420   -0.386775826957423
   17   -0.911525037756008    0.293446641549139   -0.288116598111664
   18   -0.664891318564290   -0.744161775572213   -0.064364479917508
   19   -0.737978395256195   -0.019793866689516   -0.674533980594432
   20   -0.732971512051426   -0.391954980116494    0.555989258963629
   21   -0.984998666274798    0.146866920541784   -0.090596551189561
   22   -0.809608806966570   -0.574081423223069    0.122327834904172
   23   -0.800631907320862   -0.445505034185407   -0.400641752061887
   24   -0.868490684211384   -0.150499200900210    0.472307020873542
   25   -0.776233183638475    0.409687450020096   -0.479184972546625
   26   -0.519088016110696   -0.286741330257835    0.805187581282914
   27   -0.681031362628185    0.261890439847041   -0.683819918277847
   28   -0.806172108212853    0.579302315647464    0.120396673646449
   29   -0.777251259489675    0.324843720647458    0.538847879069437
   30   -0.706891788576313   -0.587951333062239    0.393213973802708
   31   -0.693590828178166    0.716016062405074   -0.079074404487543
   32   -0.887662335737057    0.362169174026319    0.284410033400592
   33   -0.483815908939164   -0.419826073741027   -0.767898583189580
   34   -0.507740413882327    0.860540126894834    0.040870063792790
   35   -0.711009722688309   -0.168318328793335    0.682740151474126
   36   -0.089423793304603    0.985656653116627   -0.143123538797590
   37   -0.657490387669106   -0.682346157890840   -0.319546727309696
   38   -0.526858657697439    0.806318387144812   -0.268831942598795
   39   -0.592062738202717    0.488161700121214    0.641217489286331
   40   -0.569496896687744   -0.174888220303820   -0.803173328156502
   41   -0.575432354090588    0.518251917112490   -0.632686775802208
   42   -0.454696257393684   -0.863681975251385   -0.217496572704131
   43   -0.760180750826583    0.083537854461319    0.644318751042318
   44   -0.731394794913963    0.552374648121485    0.399929871459268
   45   -0.430159523979482   -0.778263557636012   -0.457458871140874
   46   -0.270112349236326    0.883688836465632   -0.382273932012176
   47   -0.531359076277445   -0.512271406597316    0.674711447983793
   48   -0.360298547447928   -0.102856160046461   -0.927149161164162
   49   -0.631865315152263    0.739089730367058    0.233436488093617
   50   -0.708154765104664   -0.321258593596112   -0.628736625861899
   51   -0.442855512351194    0.726741776821550   -0.525095596060772
   52   -0.610398032389182   -0.566525184112259   -0.553591417764028
   53   -0.172542923078662    0.779362190258584   -0.602348334513190
   54   -0.304732651751095   -0.432221916766182    0.848717989454514
   55   -0.536510586318408    0.099810282346035   -0.837970344526752
   56    0.049520958133220    0.992013519894770    0.116003668267674
   57   -0.205290808125937   -0.913450520711717   -0.351374202682117
   58   -0.589331449554484    0.253246836596343    0.767173045876845
   59   -0.173725546237325   -0.788796643732983   -0.589592477411410
   60   -0.224542651076151    0.968648832173917    0.106301635809620
   61   -0.629752885491891   -0.750044948095161    0.202098686417219
   62   -0.118953204267526   -0.059539427908598   -0.991113107429624
   63   -0.324800723963441    0.592803250829084   -0.736945585182037
   64   -0.375764518858629    0.390085181276583    0.840615594499268
   65   -0.355470170438556    0.133349120273569    0.925126461653027
   66   -0.517197636598948    0.706878938633913    0.482523337064909
   67   -0.272945537669241   -0.349304714158236   -0.896374335940784
   68   -0.129056585431061    0.267885166671477    0.954768000738541
   69   -0.043697018916984   -0.765984372682062    0.641372365591656
   70   -0.450736204182917    0.360805975576549   -0.816490001302545
   71   -0.290984223956300    0.167031304222023   -0.942034354372727
   72   -0.339453537880554    0.930935197493779   -0.134651229803499
   73   -0.170634652939035   -0.576890622334630   -0.798799740284596
   74   -0.187191223116758    0.409293119547515   -0.892994170350017
   75    0.687437255906461   -0.719722678674785    0.097104505523620
   76   -0.369073849639263    0.614560150104171    0.697208946741502
   77    0.145163071112030   -0.084870081318479   -0.985761001502047
   78   -0.379919000369045   -0.636023686085424   -0.671666155092614
   79   -0.048733087902506    0.621177247639979   -0.782153382117540
   80    0.067559897255340   -0.730573016019028   -0.679484163573890
   81   -0.391888067167614    0.873709237166345    0.288194225656649
   82   -0.498687774214155   -0.704964577249757    0.504316813791096
   83   -0.297395798180680   -0.658883345777855    0.690961993079978
   84   -0.096143214403851    0.935429844366429    0.340187431561917
   85   -0.018356947800486    0.183311434691202   -0.982883482605595
   86    0.054199575134979   -0.887065553207594   -0.458450772022136
   87   -0.026608138578104   -0.304816335708036   -0.952039394377635
   88    0.127034209877275    0.415670813350325    0.900599847018383
   89   -0.006871397956826    0.920442528045033   -0.390817523220477
   90   -0.446420822673537   -0.893935509663971    0.039846626523448
   91    0.084698531543617    0.411659517456933   -0.907393299755668
   92   -0.327974392414747   -0.149998989397613    0.932702043044761
   93   -0.095157263270361   -0.293098544558952    0.951335029537081
   94   -0.128173185574396    0.504660014172099    0.853750493174398
   95    0.031708450244097   -0.977949619170119   -0.206419758134089
   96   -0.219141751351683   -0.971503164653495   -0.090324381441346
   97   -0.266147791010239    0.817872289777379    0.510147303192594
   98    0.247839763273582   -0.343541925886166   -0.905844576568695
   99   -0.236693303509621   -0.840634915262712    0.487143941063579
  100    0.121282715818774   -0.131430993070435    0.983878242926502
  101   -0.210834610396067   -0.958452332250681    0.192140297341213
  102    0.070227475178634   -0.526988993872278   -0.846965584936908
  103    0.310464497106548   -0.587616963298763   -0.747206865921291
  104    0.181778870514263   -0.833812904354934    0.521260474969806
  105   -0.419577958105229   -0.854366397222136    0.306614409918898
  106    0.138908794575728   -0.418354649948523    0.897598871242587
  107    0.283135002157450   -0.907592186413804   -0.310017731289537
  108    0.247512952709365    0.152496985088069   -0.956808239816182
  109   -0.014314125564955   -0.928903067950270    0.370046208144181
  110    0.097069841961260    0.791832824158984   -0.602974480692196
  111    0.319252575851539    0.940019226652404    0.120173401116777
  112    0.694301850972253   -0.375556661191588   -0.613923557107178
  113    0.178789685985938   -0.649465602331162    0.739072851330416
  114    0.162512434889192    0.977850025868298   -0.131905403284909
  115   -0.123100985805326    0.707259996551901    0.696153319730045
  116    0.012201121439059   -0.997639698291161    0.067573404747363
  117   -0.072803088182389   -0.560326835098886    0.825065784176736
  118    0.044750728355626    0.835428299250801    0.547774523980949
  119    0.124960474421172    0.640301401142424    0.757891150184170
  120    0.403736243175420   -0.833414711215575    0.377381723293614
  121    0.192655553421326    0.916873783028789    0.349608786689352
  122    0.558685515188209    0.818456031694352    0.134164895937870
  123    0.392052597776449   -0.492849703283405    0.776784352668228
  124    0.255980970989882    0.892152079440640   -0.372207481978559
  125    0.487445941522547   -0.381963791966259   -0.785175213388677
  126    0.445011748317008    0.816432449270928    0.367970922271466
  127    0.304268845644969   -0.777705429141706   -0.550086116034020
  128    0.408546758039007    0.903559473803505   -0.129111671802940
  129    0.489179836759587   -0.862243187404669   -0.131300316382332
  130    0.518163936100256   -0.764288185255950   -0.383887620539210
  131    0.628363444689001   -0.146976728021057   -0.763909171825288
  132    0.258171760607878   -0.965308554318709   -0.039073481848341
  133    0.343221455537861   -0.255140152564697    0.903937240635508
  134    0.111780860185000    0.159605551300270    0.980831844553611
  135    0.343249066714028    0.377486349918046   -0.860048913623812
  136    0.516415204791911    0.778811023583920   -0.356045960240943
  137    0.397781393400010   -0.131534762076530   -0.908002516202580
  138    0.472526476390685   -0.871956195612590    0.128105901669761
  139    0.300708313644183    0.755474664811295    0.582093240755752
  140    0.224006667236023    0.605702609504058   -0.763508586640507
  141    0.588342769852145   -0.324656964622484    0.740574534050977
  142    0.362036739501548    0.741008130983309   -0.565540758095923
  143    0.493888461713598    0.097623755554109   -0.864027655655585
  144    0.415613540987558   -0.688045421368711    0.594860389235438
  145    0.214669970291947   -0.948007690110994    0.234943021486643
  146    0.690487406192852   -0.704743279253160   -0.162984822104916
  147    0.628145000094330    0.769787080986704   -0.113409474041915
  148    0.651452340448212    0.592515072562435   -0.473852020055713
  149    0.489792736303911    0.548200154304354   -0.677923053365654
  150    0.719843374858739    0.095305871216341   -0.687562583757781
  151    0.624244273616464   -0.533191756289879    0.570986547898956
  152    0.575392030600492    0.315099054470948   -0.754742735634439
  153    0.621615339233955   -0.700335947518621    0.350890197415445
  154    0.335674275451020    0.043160774823374    0.940988803502506
  155    0.530397675046034   -0.598512097175607   -0.600384523318364
  156    0.771616407515642    0.632817986019734    0.064416738683225
  157    0.739654132725436    0.364324695857880   -0.565843865328809
  158    0.533650253165840   -0.088673722625251    0.841043624440382
  159    0.682643012240771    0.656425837611237    0.321097551462530
  160    0.848299570915299   -0.504468497527261   -0.160932821349493
  161    0.366164234238726    0.304788814082360    0.879219843028259
  162    0.790524911995534   -0.502872326098142    0.349556557883123
  163    0.368781428891175    0.541523423600809    0.755481726712593
  164    0.817516368795448   -0.125402636278358   -0.562086439585535
  165    0.545209715189336    0.631108332507105    0.551768646357569
  166    0.579351320699240    0.166643103470733    0.797860967380714
  167    0.591723054398654    0.407251264968586    0.695708440422146
  168    0.775418372999731   -0.298076775818721    0.556665593091549
  169    0.755714207871459    0.447337221862081    0.478315216105371
  170    0.849597968968519   -0.518101783752164    0.098761494507689
  171    0.731612238161615   -0.057142199084374    0.679321942863584
  172    0.904438114586392   -0.263950716410977    0.335144321434130
  173    0.770727316273392    0.206116708209864    0.602905719451014
  174    0.974795229669545   -0.016692025439220    0.222476148160282
  175    0.881122433548620   -0.026308943806247    0.472155796928468
  176    0.715947464764626   -0.569480411615486   -0.403870385746914
  177    0.956226788736801   -0.278287078529776    0.090480000140732
  178    0.864769166836017    0.447504394468705    0.227846669979921
  179    0.903709589265132    0.223288754033031    0.365309609225685
  180    0.766686070125600    0.597798226491400   -0.234157533039406
  181    0.861165722355783    0.382679283960273   -0.334589545962056
  182    0.852849889713365   -0.336320764876821   -0.399418838725179
  183    0.901656417065301    0.428565460844165   -0.057856299020868
  184    0.872100892252731    0.142592737947350   -0.468089035138262
  185    0.970449925681055    0.222257926124809    0.093959331736308
  186    0.944034810942391   -0.061245905370289   -0.324109880757032
  187    0.963756510236492    0.186502305457608   -0.190762362733781
  188    0.949775125725017   -0.267357528924067   -0.162625835221972
  189    0.998789454592954   -0.026535314184983   -0.041418624977332
   
 U =    16426.5812862566     


 http://math-lab.ru/  - см. Задача Томсона
