    153
    1   -0.008205216406556   -0.026580508918164    0.999613000600419
    2   -0.990481908141493   -0.107551881710172   -0.085896346749956
    3   -0.895377487662370   -0.018477024627580    0.444924436447735
    4   -0.917074549899714   -0.398624191407997    0.008545405230707
    5   -0.871152407853913    0.261359945676928   -0.415673502987721
    6   -0.808677654103059   -0.530613111548639    0.253949163430487
    7   -0.957760482752902   -0.198302836798197    0.208256674790307
    8   -0.903819837836420   -0.300370674239783   -0.304773947033021
    9   -0.984052008143418    0.095180536619969    0.150274118588802
   10   -0.912031797171749    0.396768023234744    0.103793721804666
   11   -0.787151410267340   -0.215683080878350   -0.577817848406364
   12   -0.804609918359961   -0.556814589614473   -0.206301701566522
   13   -0.926007974521334   -0.018312907380382   -0.377059502659958
   14   -0.508309481399366   -0.060096549301165    0.859075011789774
   15   -0.740364930330921    0.671711776546122    0.025749935637651
   16   -0.650871538432502    0.714823069439972   -0.255722935723266
   17   -0.862709749348940    0.475918763237648   -0.170977247540825
   18   -0.493252307083096   -0.867162502667766   -0.068784849525017
   19   -0.766920655061846    0.083197869234169   -0.636326035452269
   20   -0.619363476033449   -0.644399334420607    0.448484539704595
   21   -0.971972079181707    0.192010587259047   -0.135654751747315
   22   -0.722631079114016   -0.690714801261965    0.026784077661140
   23   -0.719490549817786   -0.500311061774225   -0.481686817537337
   24   -0.836742219735946   -0.319083624570555    0.445025952324445
   25   -0.738386865365954    0.512500264694437   -0.438324441188455
   26   -0.399459618313489   -0.616751261264170    0.678269780445729
   27   -0.653514676372300    0.353760510768750   -0.669157730872656
   28   -0.763668461781758    0.570901400376794    0.301466534672920
   29   -0.745397009475373    0.141190706859705    0.651497108636430
   30   -0.548917093710577   -0.804714433416075    0.226107728492810
   31   -0.551725300742203    0.803925966932700    0.222041059744024
   32   -0.887826690452205    0.269566529547931    0.372957978689515
   33   -0.284503922935947   -0.538416554089071   -0.793199301636674
   34   -0.299679848700997    0.849743486586006    0.433737242218381
   35   -0.646261029156714   -0.430343543260605    0.630199267666357
   36    0.093205706979008    0.972678377947221   -0.212625184915865
   37   -0.600734089672955   -0.737396279662610   -0.308812694435556
   38   -0.490585912643878    0.868830930063361   -0.066770332338615
   39   -0.501009510293371    0.495185270607240    0.709775329501689
   40   -0.598515487708626   -0.102789764629945   -0.794489443139571
   41   -0.517034821276183    0.635698520886837   -0.573203614896306
   42   -0.228292490062865   -0.966402456788166   -0.118105167095660
   43   -0.718534379339495   -0.147335099597782    0.679706344044043
   44   -0.720973983499916    0.417034118573417    0.553424844998810
   45   -0.344076600648203   -0.860355345298414   -0.376031877242905
   46   -0.222859409062069    0.959757295443476   -0.170878956093283
   47   -0.349040667060889   -0.815063425923769    0.462430778018828
   48   -0.378375023502290   -0.277125975580837   -0.883195072024301
   49   -0.543629099376992    0.683940795069072    0.486510422448323
   50   -0.573049116870673   -0.408015033418064   -0.710730921065489
   51   -0.407212938668710    0.830712638758514   -0.379597331902716
   52   -0.468453976166733   -0.666450638181493   -0.579995188843027
   53   -0.127154917667737    0.884071834986935   -0.449720599367813
   54   -0.451773543859171   -0.347310295729415    0.821751923362076
   55   -0.507718838826320    0.169439639963932   -0.844696270330198
   56   -0.020467110728881    0.998696850025196    0.046751461240929
   57    0.056431625529514   -0.986014285233318   -0.156816137421902
   58   -0.526634364233610    0.226943377130856    0.819239250759327
   59   -0.056938729492780   -0.908642106052290   -0.413675602607414
   60   -0.030301389629963    0.939995447785674    0.339838761663092
   61   -0.290981931409098   -0.939164657731650    0.182480851765940
   62   -0.292612642507896   -0.021973768948389   -0.955978553589331
   63   -0.250950421333373    0.708161644793941   -0.659947703136652
   64   -0.271168180670187    0.415863542459927    0.868058368915766
   65   -0.274827371309882    0.112612739309523    0.954876058409732
   66   -0.273935936062490    0.679260454966140    0.680855592069830
   67   -0.096478526352021   -0.317403309053429   -0.943370040522210
   68   -0.025407063515870    0.297472957165284    0.954392121132002
   69   -0.178033470248414   -0.492624444197097    0.851836393006784
   70   -0.396016077027197    0.461811945295849   -0.793663022899551
   71   -0.225252033513292    0.252809973050030   -0.940929667363385
   72   -0.292821109928092    0.944495598256778    0.148942480354166
   73    0.016962195798596   -0.577276285886469   -0.816372692871837
   74   -0.099562008669375    0.506043781550551   -0.856742141827830
   75    0.668720898601954   -0.658513720269465   -0.345213035660393
   76   -0.011406154157855    0.577863034094554    0.816054050583884
   77   -0.002900066217972   -0.042524489410571   -0.999091215763757
   78   -0.174921691283122   -0.754506637424865   -0.632552081650575
   79    0.039912163138211    0.716427013734705   -0.696519456458182
   80    0.135653410930526   -0.776039564245045   -0.615922679261995
   81   -0.017852750048410    0.796398177644775    0.604509075167438
   82   -0.069148366428723   -0.906806157678375    0.415837823937195
   83   -0.119637830986027   -0.735401353098551    0.666986985823396
   84    0.238944448086081    0.853176240132167    0.463676454009449
   85    0.062690844785839    0.240086533995005   -0.968725097318276
   86    0.251749935234287   -0.899609281534815   -0.356826443367004
   87    0.189221635854791   -0.339119755995779   -0.921516664861683
   88    0.224067861228557    0.153332294341231    0.962435868552557
   89    0.159752639365918    0.869176327391883   -0.467986758484875
   90   -0.007516044015092   -0.991421584165686    0.130486595222517
   91    0.199735594292863    0.491787163214825   -0.847496948944120
   92   -0.234578629443262   -0.201534234880778    0.950976770893769
   93    0.058670606772097   -0.323529247027921    0.944397472581614
   94    0.253828900599676    0.433376578273344    0.864728645659694
   95    0.489451238642076   -0.849223115258973   -0.198135270715697
   96    0.292702261615119   -0.956201243473283   -0.002137293976335
   97    0.263305800155470    0.669595297822645    0.694486999689908
   98    0.280825092480374   -0.062613663038618   -0.957714360670381
   99    0.165623976177766   -0.797878401989922    0.579619490832629
  100    0.292533791382375   -0.124030063461216    0.948177475084311
  101    0.501955387176129   -0.850250691450336    0.158475710987799
  102    0.316720562391040   -0.577887285074208   -0.752153156683042
  103    0.466037658283570   -0.329600801073479   -0.821079906582354
  104    0.110893590915896   -0.584588355714306    0.803715786741197
  105    0.223022056328664   -0.926518463867169    0.303025904015079
  106    0.481237853416010    0.190338522603396    0.855675975619689
  107    0.434463190223923   -0.738263698523844   -0.515953920212208
  108    0.342953226159519    0.220733731476870   -0.913049672501488
  109    0.445543694929517   -0.781332351620068    0.437047562881213
  110    0.336029182656252    0.696141201098141   -0.634406664953174
  111    0.237671968918289    0.957060252464353    0.165975023251612
  112    0.812068930274012   -0.403348836546214   -0.421727125687259
  113    0.358897341009041   -0.382409081628405    0.851443476048034
  114    0.357366974256656    0.929360543307750   -0.092616554963817
  115    0.520998359654954    0.452877417807082    0.723507258897405
  116    0.632533899445076   -0.569256374865468    0.525212381544678
  117    0.557055070261531   -0.089532763142700    0.825635230001696
  118    0.516308317953531    0.671876275018434    0.531044246630493
  119    0.736837785074713    0.442006424300571    0.511566612830835
  120    0.387085843716382   -0.615238299185160    0.686765159869172
  121    0.471752721351159    0.833279578302637    0.288261191077735
  122    0.589485109732724    0.806994320401809    0.035601576406407
  123    0.619013957731264   -0.348290034336525    0.703928811823851
  124    0.421906002732647    0.833737034404271   -0.356199217181805
  125    0.548880505400760   -0.056448151601038   -0.833992684003782
  126    0.710296429624122    0.642791417274247    0.286876586604398
  127    0.598525911482493   -0.511269077655688   -0.616741974829955
  128    0.654976068887106    0.721134590300927   -0.225768137381491
  129    0.689842645688417   -0.723553889200981   -0.024225887222956
  130    0.720507312856812   -0.233280068648172   -0.653031103157698
  131    0.785722481583655    0.058098461544931   -0.615844745613807
  132    0.712951239326587   -0.650173187388795    0.262631598904965
  133    0.777690027631322   -0.102661408550656    0.620208719800996
  134    0.708339129826950    0.183166305604151    0.681693319350664
  135    0.479671446344190    0.469485967515924   -0.741281478163126
  136    0.810081869250885    0.586289044220645    0.005702783340988
  137    0.598645066083048    0.214634219336434   -0.771722901528951
  138    0.844235833372345   -0.519840280733261   -0.130506475614302
  139    0.877861392233509    0.175442306917542    0.445622455638510
  140    0.603097129763401    0.620269976285209   -0.501536647305353
  141    0.923636336563329   -0.106795396992009    0.368090560815124
  142    0.823208024980043    0.486043334908048   -0.293411697449028
  143    0.743688246982906    0.367295680290394   -0.558589003238973
  144    0.821430029451004   -0.366777102607916    0.436723326281828
  145    0.882603626994666   -0.444324306549985    0.153579778046249
  146    0.903985764523316   -0.108174745752857   -0.413651981647012
  147    0.885469658093083    0.399719619889737    0.236997278616700
  148    0.943221744784815    0.325251267672119   -0.067411816788819
  149    0.909463992563516    0.201223251598212   -0.363846738678077
  150    0.979545478512861    0.123453130283821    0.158902423355138
  151    0.978571001351050   -0.179502656691492    0.100884050054995
  152    0.990382228654040    0.033060268309576   -0.134350511072921
  153    0.949054935947284   -0.264076956869183   -0.171924662002894
   
 U =    10660.3117335679     


 http://math-lab.ru/  - см. Задача Томсона
