     95
    1   -0.062843825594232   -0.006645137056186    0.998001250369050
    2   -0.953042890568054    0.231494052445005   -0.195242803760541
    3   -0.860155924547811    0.071604074335997    0.504979843165829
    4   -0.749598267520975   -0.501108011572472    0.432427101448830
    5   -0.558272864910491    0.470225874252168   -0.683534224079831
    6   -0.708867957864421   -0.216675137440479    0.671236249861608
    7   -0.934863679311600   -0.214461308012286    0.282906784064357
    8   -0.987093548096610   -0.140307620380341   -0.077201677243770
    9   -0.969657996112931    0.178730316701091    0.166789821230744
   10   -0.794700569977673    0.427677444661223    0.430747034122358
   11   -0.887195810109005   -0.092063792603171   -0.452114866617485
   12   -0.852135389927381   -0.519906602693380    0.059685858535659
   13   -0.809488832598850    0.256052808967846   -0.528360472516092
   14    0.254778623560526   -0.273855924874259    0.927410796458543
   15   -0.579762036192736    0.808730505758443   -0.099151149490796
   16   -0.064308016590930    0.849405451207467   -0.523808035888320
   17   -0.749477198345177    0.572427814982616   -0.332581307043694
   18   -0.590593907100584   -0.788532173233104    0.171510491434036
   19   -0.619174015475894    0.071227812001605   -0.782016711686471
   20   -0.445531884685635   -0.456367245688620    0.770214435589887
   21   -0.848649985631819    0.527732365720375    0.035940952384290
   22   -0.468913075427982   -0.718431912782998    0.513786058965826
   23   -0.854010870219306   -0.427178844684822   -0.296957350811535
   24   -0.622643399975768    0.178820697260128    0.761799418940457
   25   -0.438121802032731    0.768811858134902   -0.465808558717798
   26   -0.144990776286230   -0.718836969130621    0.679890496038162
   27   -0.319202550834806    0.236841709991176   -0.917614154178655
   28   -0.635776046828182    0.719480280869147    0.279529861946773
   29   -0.291699229159151    0.295714551747391    0.909650737147394
   30   -0.240021997653788   -0.922965163056466    0.300873309594647
   31   -0.326461402410350    0.930851881372668    0.164127169235420
   32   -0.521540295706644    0.524048942297313    0.673326388931322
   33   -0.022670192559047   -0.738283503540881   -0.674109435306121
   34    0.029222305047991    0.991023953564018    0.130451448248092
   35   -0.112628963253339   -0.382833265611376    0.916926064291886
   36    0.369803479534057    0.773143859925748   -0.515261058477758
   37   -0.627165142812757   -0.756667418257493   -0.184711401348683
   38   -0.220721833138461    0.955631247443300   -0.195066120292477
   39   -0.137416661627610    0.628282454239424    0.765753105643072
   40   -0.668578563848478   -0.283840108211609   -0.687340888448176
   41   -0.231447650997983    0.589868366952371   -0.773619605824761
   42   -0.306170929924150   -0.948664158511174   -0.079345296178589
   43   -0.410552188597696   -0.097645467318655    0.906593769639834
   44   -0.342617571372470    0.794075548311374    0.502053008516851
   45    0.006701079820014   -0.947198125591467   -0.320578861444820
   46    0.168166294463946    0.954289032493156   -0.247088121668244
   47    0.104984428968959   -0.888287028260892    0.447129092206596
   48   -0.351318697242924   -0.546673235548499   -0.760081276247790
   49    0.017102738410134    0.873970937679816    0.485677152468527
   50   -0.613378738854760   -0.599844409445029   -0.513763765926022
   51    0.135083334221669    0.637719830946407   -0.758331002948741
   52   -0.322435715245885   -0.831428602841385   -0.452506008701650
   53    0.455978286353901    0.458866823455730   -0.762577891566106
   54    0.184677812730188   -0.606485278354459    0.773349670346156
   55   -0.364225726775674   -0.186217464285130   -0.912503521061672
   56    0.573430883852893    0.789684043242947   -0.218119538994471
   57    0.427563983996188   -0.880641772372228    0.204105630354502
   58    0.085310552747902    0.374894457786681    0.923133931296363
   59    0.313264318751522   -0.797419916779847   -0.515739219877611
   60    0.625488654384461    0.569441257863828    0.533385973830187
   61    0.054353000066058   -0.995835125286138    0.073199416870362
   62   -0.039003259851840   -0.422473379656704   -0.905535747059371
   63    0.054901240136410    0.333190542371644   -0.941259749647022
   64    0.256782340184254    0.645649886713931    0.719165525839348
   65    0.605470831635014   -0.050364274426188    0.794272315960168
   66    0.375627950340759    0.829368892989245    0.413582981110918
   67    0.323330981780675   -0.541588372737500   -0.775976230780487
   68    0.298923049737546    0.083771449707909    0.950593159321820
   69    0.547138534526958   -0.416778143878314    0.725903163528745
   70   -0.042636818261034   -0.021804208735463   -0.998852680934479
   71    0.370791936219557    0.134962863695018   -0.918857097408401
   72    0.378691297078124    0.923420580124664    0.062348486104449
   73    0.644737562802601   -0.494319031331604   -0.583062749946133
   74    0.698819878090958    0.167268603541738   -0.695465306290786
   75    0.349879175104326   -0.925195336854360   -0.146963095678012
   76    0.497262130262916    0.351114197035865    0.793378342561887
   77    0.267006848410969   -0.214954847283825   -0.939415646309358
   78    0.614729394543485   -0.728337889853533   -0.302707267319276
   79    0.697590303371936    0.524145313180687   -0.488507378974126
   80    0.858822035534854   -0.453971914713674   -0.237348292454296
   81    0.868072857876877    0.406491042639791    0.284981658481888
   82    0.726647102734946   -0.562969723967188    0.393762717868536
   83    0.433329982446086   -0.727188980739660    0.532373283142654
   84    0.679416122231657    0.713202322092403    0.172441818053806
   85    0.595720476087596   -0.185360943782731   -0.781510354947356
   86    0.715290194646933   -0.696980148568656    0.050780015194630
   87    0.851008917113796   -0.160622393989597   -0.499984269294400
   88    0.791846816375437    0.191374915553779    0.579960568567269
   89    0.833545707346988    0.536860998770049   -0.130314319102063
   90    0.921445769214655   -0.360909164976334    0.143813313126766
   91    0.898692057171999    0.208548169397590   -0.385824114612961
   92    0.821387027254872   -0.219750525117750    0.526339299471241
   93    0.961443489363365    0.001423309179885    0.274998892637361
   94    0.974430375358578    0.223970181821370   -0.017966670071068
   95    0.983174285159065   -0.116697429320878   -0.140534817720946
   
 U =    4001.77167579952     


 http://math-lab.ru/  - см. Задача Томсона
