    236
    1   -0.078939132319102    0.006442922433431    0.996858616925803
    2   -0.997873276503563    0.046006970838129   -0.046176646417235
    3   -0.914533432931659   -0.043870198568955    0.402124365996086
    4   -0.981818172109787   -0.189221721764984    0.015106850343217
    5   -0.835595715395005    0.212112553990815   -0.506742602168994
    6   -0.827060402261324   -0.462565149139728    0.319381548954660
    7   -0.937378567616795   -0.240462204932139    0.251990771600589
    8   -0.967026628665499   -0.112034880863043   -0.228708733811900
    9   -0.982666734711723    0.000217243398737    0.185380800775879
   10   -0.959647890201104    0.235396125705875    0.153832996574969
   11   -0.891889831674813   -0.020288561146420   -0.451797413053330
   12   -0.924100841123323   -0.346147743038651   -0.161923980387141
   13   -0.950583417388971    0.132166507433019   -0.280932698164638
   14   -0.511992833166312   -0.171995449137878    0.841594263444204
   15   -0.866773330734590    0.481252609151629   -0.130766659787632
   16   -0.748893645286287    0.591973711039676   -0.297868147823380
   17   -0.874368606233135    0.357384870683502   -0.328261472976134
   18   -0.824531670614951   -0.557917429042685   -0.094210755879132
   19   -0.745267396830608    0.058813391380876   -0.664166765365152
   20   -0.692566658063745   -0.462696779536578    0.553410439316874
   21   -0.958293535260880    0.273687816797463   -0.082270767675050
   22   -0.906275891994685   -0.414174036629585    0.084403050722077
   23   -0.879504975869646   -0.269899714830095   -0.391950432268119
   24   -0.834531601401172   -0.285582818885325    0.471168186341467
   25   -0.735143594153016    0.455741403773336   -0.501860208486881
   26   -0.518864175404397   -0.430574059587117    0.738502502834341
   27   -0.675416157278989    0.296797168704022   -0.675073666451122
   28   -0.848097236221432    0.417829903420794    0.325805539733348
   29   -0.798107948121081    0.140278617306863    0.585957005822468
   30   -0.667024011542819   -0.634194454541833    0.390994068821653
   31   -0.882308388549723    0.459735656610260    0.100871371240431
   32   -0.905016649605210    0.192487068055802    0.379333089208735
   33   -0.635081638207282   -0.311296111366582   -0.706941329857011
   34   -0.746641986430986    0.630839900608887    0.211108417402438
   35   -0.673689729443676   -0.262475511674596    0.690831929063260
   36   -0.441927788593392    0.892535377745770   -0.089891207251710
   37   -0.802531219692409   -0.501675349081737   -0.322901665438151
   38   -0.753191579530439    0.657065850504399   -0.031095218689913
   39   -0.631665119114856    0.248812483015633    0.734228524091247
   40   -0.606139703084199   -0.097023702394608   -0.789418179115887
   41   -0.554594355196359    0.523204243060800   -0.647056737255328
   42   -0.665802562192502   -0.691980599672560   -0.279051604286201
   43   -0.797359092896516   -0.091075177419329    0.596593487253493
   44   -0.757626354241075    0.364058640241836    0.541722820106965
   45   -0.609908932937260   -0.618027471595017   -0.496037435963460
   46   -0.613805245410690    0.764680158777772   -0.196232962261504
   47   -0.511949224335996   -0.630321840690809    0.583611487935187
   48   -0.401468046214247   -0.084586477539407   -0.911958626082560
   49   -0.691376740097782    0.572499328051399    0.440729761455317
   50   -0.784983086607413   -0.169339705034300   -0.595924171383570
   51   -0.592019807701710    0.669165472698903   -0.449143760322332
   52   -0.737101630011989   -0.420073847025095   -0.529357299070492
   53   -0.398487247830869    0.710384891945390   -0.580138964914369
   54   -0.334330301753340   -0.581219489489522    0.741894301344241
   55   -0.555814985416894    0.128704332833094   -0.821282470710295
   56   -0.237286018288865    0.971315486153036    0.015542582922648
   57   -0.452799609358112   -0.783249251619161   -0.426020097651702
   58   -0.653620202196355    0.003308292526691    0.756815490381476
   59   -0.373658626007687   -0.681834007487376   -0.628873292042008
   60   -0.409689444615865    0.896092802659362    0.170798852433012
   61   -0.773358707738097   -0.616420120085624    0.148130161409772
   62   -0.107799661081622    0.153680959802873   -0.982222681302338
   63   -0.335439094925863    0.559514552900440   -0.757907698000185
   64   -0.476388823102739    0.098958561708268    0.873648036847459
   65   -0.322024202875044   -0.072162440828200    0.943977221598281
   66   -0.578818042945015    0.474626632738012    0.663098207399990
   67   -0.442192386369178   -0.311116448514695   -0.841232696048326
   68   -0.257724914793552    0.166640080436563    0.951739960223775
   69   -0.216678366257910   -0.896324923496123    0.386848959046643
   70   -0.477669579883004    0.353135261846322   -0.804442203825187
   71   -0.343040921163104    0.144638188762023   -0.928117837755104
   72   -0.599426880328553    0.797254819100902    0.071219158658099
   73   -0.299741818458237   -0.510437693095064   -0.805982756475062
   74   -0.262110202782940    0.366523803439530   -0.892725345842330
   75    0.458391719746692   -0.875777004799459    0.151299931038181
   76   -0.430403069229716    0.335094633018240    0.838131722893252
   77    0.078305298861304   -0.006591889014363   -0.996907632215475
   78   -0.517412782221372   -0.509806149910664   -0.687300299946978
   79   -0.097155671759659    0.561844408279519   -0.821517885581298
   80   -0.148323105178083   -0.678873486106998   -0.719118242246199
   81   -0.569974101093653    0.758636226329533    0.315595627636011
   82   -0.455426927508538   -0.790167204210315    0.410148879177534
   83   -0.288801390489807   -0.760109074222727    0.582089299107467
   84   -0.361606995098923    0.840251806253854    0.404001588094234
   85   -0.032290883391268    0.365916316408426   -0.930087387418999
   86   -0.224173836929693   -0.829673792927584   -0.511260685135652
   87   -0.174974922370353   -0.067423394991474   -0.982261605861347
   88   -0.013690535001573    0.237683276298117    0.971246224919080
   89   -0.439607495529875    0.828454756541059   -0.346998510426840
   90   -0.678361921225991   -0.733420639731505   -0.043809462977900
   91    0.162995698744005    0.471686717337032   -0.866570275787699
   92   -0.346291445290438   -0.338258228515729    0.875022060156234
   93   -0.158095994120080   -0.484548583505681    0.860359417258754
   94   -0.201560706218762    0.388264351699291    0.899235272277574
   95   -0.273195954597921   -0.917308433139696   -0.289670863018920
   96   -0.491906903477258   -0.845747876144900   -0.206732020518850
   97   -0.504808733863374    0.671640427573459    0.542279704824178
   98    0.004041808646100   -0.237876481661551   -0.971287003544879
   99   -0.367505934635721   -0.905566423934093    0.211869865367264
  100   -0.150849231226621   -0.226312924811506    0.962302950999112
  101   -0.500555528474480   -0.865330606970169    0.025438230171783
  102   -0.226555471510112   -0.296404109345499   -0.927802361654643
  103   -0.070522871816373   -0.475792192837671   -0.876725905734222
  104    0.008889404371654   -0.949441279699060    0.313818793085005
  105   -0.599155881480000   -0.771293481407785    0.214752404470318
  106    0.092318777773390   -0.563195327085953    0.821150574997651
  107   -0.043141256527517   -0.930856579925460   -0.362828967413990
  108    0.151320541748799    0.222739373082893   -0.963062441030430
  109   -0.149676463673229   -0.979138974877222    0.137418427070973
  110   -0.161072359247796    0.725678678599924   -0.668914157804884
  111   -0.045337500653110    0.991800935283206   -0.119479771534295
  112    0.217117852838505   -0.753036446402696   -0.621124744610933
  113   -0.050675384423092   -0.836550317638106    0.545541539640342
  114   -0.253177009485813    0.937722089780696   -0.237862742364465
  115   -0.370484390032436    0.547769466556542    0.750126608147355
  116   -0.299537956735759   -0.952773285077557   -0.050000797164508
  117   -0.100863576047505   -0.682065923830925    0.724301466639117
  118   -0.295017300812678    0.731161419422828    0.615116063006647
  119   -0.138906539296961    0.585735294018746    0.798510575184396
  120    0.238243991720232   -0.941916579253234    0.236712817855509
  121   -0.182171845899428    0.951187970435919    0.249108136076668
  122    0.212443269077028    0.976785736382713   -0.027522402205232
  123    0.144917926434149   -0.730212488171273    0.667673959891162
  124   -0.232720217116942    0.847815425072446   -0.476497959653838
  125    0.158733317878273   -0.400276965155430   -0.902542012851099
  126    0.013478349067760    0.993565995202072    0.112449754488498
  127   -0.001025770586942   -0.813723661929262   -0.581251021342014
  128   -0.042752625280387    0.926679309792813   -0.373413537292838
  129    0.142692034584123   -0.971090182528138   -0.191370950417536
  130    0.187455169043343   -0.889167330911767   -0.417423067448573
  131    0.299546185208860   -0.540598787604867   -0.786145682279669
  132   -0.082694412337956   -0.988859659738731   -0.123766746379962
  133    0.030152694226182   -0.366505148846696    0.929927304094123
  134    0.173913954480842    0.073602563387334    0.982006414999235
  135    0.357592952049505    0.319529687623513   -0.877512426904451
  136    0.033416545186729    0.819736364147743   -0.571765360792014
  137    0.249463597699104   -0.171435442829699   -0.953088559560341
  138    0.305034803566346   -0.952285205597187   -0.010327430172326
  139   -0.128687298950305    0.876256021115853    0.464343584586983
  140    0.101602149028181    0.665886790335975   -0.739102013100295
  141    0.258689469667030   -0.353229505099733    0.899059883995715
  142    0.294906208963412    0.730159679567701   -0.616357988711447
  143    0.324289349616348    0.066351283043530   -0.943628064951379
  144    0.175050467285556   -0.864012828454095    0.472058435122034
  145    0.076631572557153   -0.995145508754882    0.061749643662170
  146    0.374275919464873   -0.897225417198391   -0.234316211222989
  147    0.149108586066520    0.957171918266482   -0.248170402029144
  148    0.516385380495645    0.619029570146891   -0.591733495835856
  149    0.352841291866172    0.547923214678302   -0.758474240545324
  150    0.404002812876090   -0.327961961049895   -0.853945360835525
  151    0.325572882226482   -0.545890827716216    0.772013926411983
  152    0.527055613833986    0.158854794174784   -0.834851803791408
  153    0.390784869044489   -0.828918326923427    0.400226927400378
  154    0.106216679578110   -0.150383176368244    0.982905345007747
  155    0.077660510773294   -0.630013419666184   -0.772691358892379
  156    0.443448212531105    0.896272640620382    0.007002605110658
  157    0.479701045022887   -0.096288222057932   -0.872132722523855
  158    0.342501971430160   -0.122872505461578    0.931447661958550
  159    0.068496501256420    0.938842932288812    0.337464335607444
  160    0.541860654807360   -0.837575705428847   -0.069670427349835
  161    0.230949047255422    0.295915890275380    0.926874491748663
  162    0.371492453232605   -0.705997360482179    0.602960267499789
  163    0.049700907471924    0.455419939363791    0.888888349921602
  164    0.424846163453157   -0.652543410794458   -0.627449467628962
  165   -0.068633669487390    0.752610425666326    0.654879352698684
  166    0.408317504725093    0.103888274209956    0.906909059286956
  167    0.116489149806896    0.647519638844166    0.753092687050131
  168    0.473675283698199   -0.315759519999394    0.822148192933113
  169    0.122788729361375    0.827093103242974    0.548488766074317
  170    0.586216015049960   -0.750624527903160    0.304817325309937
  171    0.561959270619536   -0.092118641887774    0.822019424333459
  172    0.539360290831840   -0.495819967906233    0.680626943412656
  173    0.292894497904001    0.506366216874649    0.811052444362027
  174    0.748632014811733   -0.064167425363091    0.659873205942776
  175    0.316999853948996    0.707323456126239    0.631826416834519
  176    0.411157346575957   -0.796907088244929   -0.442593186867588
  177    0.579375522124214   -0.639206522188446    0.505706462639194
  178    0.266456669761751    0.944224342136024    0.193497376874389
  179    0.307548098976264    0.858374728393704    0.410617818014662
  180    0.460767367946917    0.781376077074637   -0.420885802576806
  181    0.543113286346246    0.402525042094560   -0.736886387905865
  182    0.591890230666486   -0.753345335783002   -0.286595114919235
  183    0.229564478462389    0.866432625589425   -0.443389958775011
  184    0.624491167551709   -0.248672545095815   -0.740386890055107
  185    0.377118577453842    0.898465207751364   -0.224815144061713
  186    0.609789352326799   -0.621315691902293   -0.492060724692429
  187    0.698843021396035    0.236072942848599   -0.675194784562842
  188    0.741229724301627   -0.661174883400289   -0.115871779879086
  189    0.669016076344418   -0.012513233270186   -0.743142589672968
  190    0.659677006904296    0.648262024028128   -0.380240180365968
  191    0.672145590065839   -0.285181216228008    0.683294943392500
  192    0.582971081739587    0.789722973057515   -0.191003517456029
  193    0.488523734837515    0.839450034107740    0.238050836454989
  194    0.692036442796758    0.468837061128395   -0.548887394602662
  195    0.762270557183193   -0.557873698639199   -0.328208065132845
  196    0.495762825184077    0.730837460290393    0.469143717640757
  197    0.819271814751326    0.477983433454266   -0.316742057354783
  198    0.540540130779231   -0.462955376541973   -0.702487499068881
  199    0.723436891003929   -0.415073092603850   -0.551682329362510
  200    0.452357519087568    0.327501645447875    0.829527182890275
  201    0.667581283635756    0.688163785044133    0.284193305151563
  202    0.793164832708751   -0.190342573695324   -0.578497409495616
  203    0.817621495671665    0.047967210502536   -0.573754508942836
  204    0.733565892529586   -0.445896362532560    0.512891328838287
  205    0.828310488735567    0.295695114263266   -0.475884580178304
  206    0.642286665190348    0.765023920524269    0.046970637044209
  207    0.758368697948454    0.635759727210535   -0.143827977908170
  208    0.894598351645619    0.441910759274556   -0.066397816758741
  209    0.488389260793938    0.550318172547385    0.677219195611921
  210    0.802328098677011    0.589423075641416    0.094074757372772
  211    0.915953026595503   -0.125572163378155   -0.381132109451654
  212    0.633100332479011    0.359524721677186    0.685511446671686
  213    0.615898850048533    0.133226587558351    0.776478771684360
  214    0.838203052496671   -0.227519996724913    0.495631207527894
  215    0.653545073092787    0.566425590223528    0.502036739866787
  216    0.681137860966646   -0.725786505934404    0.096359546290507
  217    0.784300976912286    0.157270115898969    0.600115062516813
  218    0.751481018004624   -0.581450508442012    0.311755650808866
  219    0.779176108131024    0.371094307384515    0.505147114754305
  220    0.814300495212122    0.492197096575816    0.307663325113069
  221    0.933032662284445    0.280819486060872   -0.224923247706653
  222    0.900585582220489    0.234223834809827    0.366175919884913
  223    0.863314888468945   -0.349087576616911   -0.364452009460211
  224    0.893676243218964    0.003167491311823    0.448701169270628
  225    0.924508054038390    0.348804341351490    0.153689262710518
  226    0.839222659290056   -0.535982352200198    0.091805480577519
  227    0.944671214722341   -0.319263785232435    0.075279024396409
  228    0.873626801506527   -0.380576963467477    0.303211785007360
  229    0.880634852797575   -0.454867380048440   -0.132581758194936
  230    0.959897624571836   -0.231023426724217   -0.158822941182774
  231    0.982371296513138    0.186816692228552   -0.006794062987571
  232    0.948561197121553   -0.156298684829124    0.275322313727044
  233    0.921227028864257    0.106528454271562   -0.374155649055905
  234    0.985523242397869    0.013352026889794   -0.169013792548199
  235    0.974097102665867    0.082986052414394    0.210352441589441
  236    0.995437225850831   -0.084450881054521    0.044415966493115
   
 U =    25846.5005631772     


 http://math-lab.ru/  - см. Задача Томсона
