    167
    1   -0.042073823855685   -0.009881421840508    0.999065638908961
    2   -0.979786229373375   -0.094569279315228    0.176282716509880
    3   -0.803060473632901    0.100347350313265    0.587387678602137
    4   -0.906383182322571   -0.365532098040755    0.211791907552514
    5   -0.952819954271733    0.143213304122498   -0.267626762981451
    6   -0.794475717605731   -0.378687063183754    0.474767777247069
    7   -0.891171226587338   -0.122352647323427    0.436856583555482
    8   -0.941009689900762   -0.331804185434326   -0.066383326529599
    9   -0.933658580758142    0.154958759427191    0.322907784752052
   10   -0.890732935372007    0.421472100421300    0.170164938838838
   11   -0.924149014424208   -0.178404553940280   -0.337817131407118
   12   -0.815745985181319   -0.577342479872782   -0.035130451105921
   13   -0.993615466683525   -0.062782996896728   -0.093736863975416
   14   -0.320419658653473    0.010460108509505    0.947217941383271
   15   -0.776709648962886    0.629856066764184   -0.001859131061209
   16   -0.754505524945870    0.583143376958188   -0.301106650102515
   17   -0.904175739857703    0.404293300021587   -0.137888212006792
   18   -0.619578936787485   -0.783477854051301    0.047795327182249
   19   -0.855170866147261    0.031390827458880   -0.517394825683820
   20   -0.582040062001517   -0.425361186126237    0.693034795347644
   21   -0.981134237615729    0.189280179460512    0.039352527766303
   22   -0.760314069515822   -0.604630118334753    0.237370882162897
   23   -0.833183495824918   -0.459495496125326   -0.307683524624750
   24   -0.717358635590835   -0.169156540569176    0.675856976531222
   25   -0.839674522041193    0.327079481685064   -0.433550123625313
   26   -0.330207818895825   -0.486557211389261    0.808841688085603
   27   -0.699943178157773    0.220368171077465   -0.679350731600673
   28   -0.726139803975616    0.624403264974512    0.287822076587992
   29   -0.649842735561537    0.304299177917768    0.696495821492469
   30   -0.632412225596676   -0.604651910786722    0.484201242974267
   31   -0.570288820517241    0.809002716638409    0.142426351721614
   32   -0.811098230079906    0.373439791944653    0.450180389348067
   33   -0.583557383242930   -0.375024966342061   -0.720289563358237
   34   -0.313494117146094    0.911882804845093    0.264936197494110
   35   -0.473727596502352   -0.218086624433454    0.853241108102116
   36   -0.077100293364459    0.976408310927869   -0.201698674051419
   37   -0.665157607521831   -0.707275560716948   -0.239429819296511
   38   -0.596011024882305    0.788027218908185   -0.154220493056457
   39   -0.445297659509608    0.496901341902262    0.744848340839259
   40   -0.689525893976252   -0.072336738426168   -0.720639603276225
   41   -0.662100324845693    0.490023716120756   -0.567009627324291
   42   -0.438806714529779   -0.888631985791429   -0.133348644957355
   43   -0.586816024770744    0.048907131792918    0.808241947396974
   44   -0.621509634591409    0.564100665963130    0.543614029224785
   45   -0.460587203376808   -0.784216101629348   -0.415769808945766
   46   -0.321464069520634    0.893156092051349   -0.314536241534733
   47   -0.401873638814372   -0.685143824351744    0.607515858540963
   48   -0.468419817039067   -0.161228359134712   -0.868670415759519
   49   -0.479279375363437    0.768090261547740    0.424651186818967
   50   -0.784411446429140   -0.286476394108543   -0.550118131249563
   51   -0.532205123848967    0.734779628794883   -0.420543224005523
   52   -0.657451548344719   -0.563726544949615   -0.499969843188868
   53   -0.235057775321132    0.793370957704166   -0.561525035713150
   54   -0.051392629967043   -0.490653903246911    0.869837654285926
   55   -0.490822764455731    0.118613321288811   -0.863147666338079
   56    0.143472019851082    0.989463415900254    0.019440373320788
   57   -0.225733478614850   -0.925933319643055   -0.302806677943587
   58   -0.393965644727095    0.265463284273346    0.879954723538418
   59   -0.216985630082856   -0.784030779677469   -0.581560807530809
   60   -0.135440055726792    0.988541234540518    0.066649973127013
   61   -0.520985774274126   -0.793560934830669    0.314380129325414
   62   -0.212331494939014   -0.209140593371350   -0.954555157369779
   63   -0.432721173060890    0.621070480046708   -0.653470615406201
   64   -0.178712642776435    0.509711244633408    0.841579609072205
   65   -0.115030767340224    0.261717639660979    0.958264994485035
   66   -0.305661496896259    0.704456610487752    0.640555956381053
   67   -0.319179340102585   -0.438279824962563   -0.840259093305430
   68    0.170678684023767    0.228820807862036    0.958389182278932
   69    0.138381815564327   -0.645847559954964    0.750820486149212
   70   -0.475410154959180    0.383566991466964   -0.791745885760495
   71   -0.233101760659959    0.065692446510770   -0.970230937276614
   72   -0.379172250119560    0.924373377976237   -0.041979314287773
   73   -0.108863959582912   -0.615761265940848   -0.780376000188918
   74   -0.224604589131040    0.333754671053127   -0.915511113035498
   75    0.745782432062060   -0.615100823170260   -0.255850623143405
   76   -0.007322593786123    0.705035580116571    0.709134127221313
   77    0.037093630203778   -0.092158588590480   -0.995053193124526
   78   -0.426699945217886   -0.619461208757790   -0.658934721801327
   79   -0.197529865534160    0.581556724460182   -0.789160141198984
   80    0.110869611695121   -0.745718857108183   -0.656971320040562
   81   -0.144437619505945    0.858158970986807    0.492646886305313
   82   -0.270899829965457   -0.863635682945845    0.425143139739254
   83   -0.140687965674907   -0.708273683641212    0.691776904338071
   84    0.017365319779812    0.954588623355250    0.297420587434147
   85    0.033772365384685    0.200539263288528   -0.979103381270853
   86    0.003003892398623   -0.891464869843032   -0.453079863231863
   87   -0.003267507519689   -0.390855180279134   -0.920446387055528
   88    0.386639539366860    0.381277045232030    0.839724765251874
   89   -0.000517111965601    0.891933740206490   -0.452165827630170
   90   -0.346351484780410   -0.928051088495925    0.136973815497467
   91    0.049423479120180    0.475535676744692   -0.878306973588748
   92   -0.199081859506947   -0.254719032018266    0.946300495584217
   93    0.102578029896009   -0.277417975173723    0.955257564656342
   94    0.103907194931923    0.484812151591290    0.868424131695339
   95    0.095302879053517   -0.973615667432756   -0.207340042860950
   96   -0.136631137383326   -0.989753109576406   -0.041481494442376
   97    0.165452195444990    0.833945370937000    0.526460529684024
   98    0.265344788049967   -0.270850401451368   -0.925328159891587
   99   -0.003939441404296   -0.862790089098479    0.505546974033928
  100    0.237426965767537   -0.038273181392364    0.970651121419292
  101    0.166835231740893   -0.984385988323317    0.056126922619080
  102    0.209272783579386   -0.540211546317976   -0.815092870339127
  103    0.468321668067139   -0.438589159806221   -0.767016534449738
  104    0.258409249985340   -0.787830755321592    0.559059353281406
  105   -0.066214698133990   -0.969081095502874    0.237691910022141
  106    0.440827549436545   -0.196446052143172    0.875831045496295
  107    0.283545501922090   -0.863670190771754   -0.416744226009230
  108    0.282286453679822    0.028371841517327   -0.958910525897899
  109    0.224193958808271   -0.921776818754627    0.316329836152830
  110    0.028709431860423    0.723145249266271   -0.690099063168379
  111    0.405150955805710    0.914017666343377   -0.020601180110057
  112    0.972160500180270   -0.140440809095104   -0.187564231744649
  113    0.447491563531500   -0.600459945656428    0.662721022927757
  114    0.215551193112019    0.941664768327556   -0.258466917106611
  115    0.291586848935027    0.636787224719392    0.713778074727934
  116    0.450561707760143   -0.881101888164567    0.143713639481777
  117    0.302916110434025   -0.437802839706676    0.846504875109584
  118    0.440360027779804    0.747923156903057    0.496682994778295
  119    0.556445175075174    0.505560137642433    0.659376762073492
  120    0.491213604007529   -0.768189307730743    0.410602463127167
  121    0.292115602135422    0.916754867833468    0.272449972091574
  122    0.635500346994295    0.769183598694041   -0.067051476271703
  123    0.595613442410143   -0.364348998107679    0.715887166247776
  124    0.265264979986143    0.808029735106123   -0.526044140331664
  125    0.689892052255883   -0.302508448604361   -0.657675904041762
  126    0.537043866755346    0.811377017305292    0.230762260712695
  127    0.391745620203104   -0.683673205709859   -0.615732341887357
  128    0.469636223027480    0.827134770132313   -0.308690605718168
  129    0.534251494148152   -0.771770079504077   -0.344885901977361
  130    0.630048529040851   -0.564643434801805   -0.533119726317344
  131    0.726332878494489   -0.032146082718031   -0.686590983762382
  132    0.381622716860995   -0.914071271360800   -0.137250912013307
  133    0.664299848314360   -0.068137360986547    0.744354090179739
  134    0.461445832669339    0.108334951358872    0.880528978413642
  135    0.289124285501344    0.325716429149307   -0.900175513616962
  136    0.699560362407884    0.644385253035253   -0.308841294224790
  137    0.509315013979460   -0.152474559529787   -0.846965008268523
  138    0.629868602386788   -0.775091034245903   -0.049994323267060
  139    0.677347656351079    0.596261749723665    0.430896830171880
  140    0.277866284183297    0.604245596705542   -0.746778137719719
  141    0.795142135205554   -0.257345186715110    0.549110589676905
  142    0.507829945683745    0.662416335398259   -0.550738908072043
  143    0.509191053726504    0.138152073005330   -0.849493069735841
  144    0.677747358360925   -0.542869319176500    0.495934895456683
  145    0.683343540000186   -0.691211967259354    0.235090669014039
  146    0.823776146256258   -0.376418421160070   -0.423912765873533
  147    0.842471169731619    0.534809343866287   -0.064971485163490
  148    0.717407446083503    0.464764779996156   -0.518960745701512
  149    0.501819527713948    0.440285106828914   -0.744530849803822
  150    0.864371137176444    0.167416454334945   -0.474166920012579
  151    0.848323356562749   -0.429330267878645    0.309875787684939
  152    0.693856661552709    0.243777724242005   -0.677595273288058
  153    0.824988904032987   -0.563343335238344    0.045139726018102
  154    0.831085496363381    0.048540433570274    0.554022313669082
  155    0.883704253906953   -0.109308095837721   -0.455102770603616
  156    0.957989569805641    0.286206749644038    0.018484604453386
  157    0.874915694301656    0.387646083136545   -0.290263745744358
  158    0.931706753461703   -0.133135946159197    0.337930977263330
  159    0.744653590833785    0.646677161102022    0.165226144926825
  160    0.902889556945024   -0.398699011100824   -0.160715731983034
  161    0.649776979724566    0.234137158810948    0.723166417558198
  162    0.955428204611224   -0.280017873500775    0.093525057356184
  163    0.790134989235678    0.338734087692025    0.510828656812621
  164    0.968680067995223    0.127741260572107   -0.212934488085467
  165    0.872382783045659    0.419528351922763    0.250886910337070
  166    0.938687304913894    0.153950093046160    0.308489079943794
  167    0.997502857741576    0.003781585067277    0.070524807066515
   
 U =    12753.5724702884     


 http://math-lab.ru/  - см. Задача Томсона
