    246
    1   -0.128783659815732    0.073213313549827    0.988966419896814
    2   -0.983567560537438   -0.094147784294135   -0.154048851248358
    3   -0.952270375755365   -0.016835618233029    0.304791229233138
    4   -0.964215388548516   -0.265010273013996   -0.007631492860667
    5   -0.839485386742681    0.138357678277844   -0.525472585685549
    6   -0.837112537563789   -0.429675723604201    0.338557782363248
    7   -0.943609759316396   -0.243675296258671    0.224104823946522
    8   -0.919256678912772   -0.248164857854541   -0.305583640923881
    9   -0.996120577517241   -0.039181341380209    0.078794781136613
   10   -0.975161114667226    0.187384719072032    0.118100666802815
   11   -0.865665543894851   -0.111957408207707   -0.487943341855021
   12   -0.893724222267819   -0.421973574320842   -0.152300088991025
   13   -0.941546072753958    0.037650904186704   -0.334773658305909
   14   -0.555949843621513   -0.074081861348764    0.827907995610816
   15   -0.928822177128836    0.357806749426868   -0.096248082257399
   16   -0.828341079357003    0.483324594168509   -0.283281472958472
   17   -0.908146705548459    0.267889601342419   -0.321721498650744
   18   -0.786396647025970   -0.616563174175378   -0.037817532932407
   19   -0.737507957135742   -0.007109906036941   -0.675301016138440
   20   -0.744045678393742   -0.366512741907399    0.558627280468038
   21   -0.984006904728499    0.137980718718408   -0.112657590550263
   22   -0.883768673003892   -0.456192018262701    0.104123844965233
   23   -0.808937785727655   -0.393521730065150   -0.436761155310966
   24   -0.870305461730881   -0.209865629289263    0.445561242619260
   25   -0.781129690940381    0.365270263076635   -0.506373420356273
   26   -0.581367798801609   -0.296785579995117    0.757581548101281
   27   -0.684976845796066    0.235019594633432   -0.689617655561115
   28   -0.836127802094255    0.418339456519037    0.354799094819009
   29   -0.804701442634788    0.222847077202477    0.550267906027423
   30   -0.686663906861873   -0.581925337327270    0.435724202666930
   31   -0.905527949401676    0.402537643768748    0.134099135722421
   32   -0.916887289972980    0.205375539096607    0.342255146676835
   33   -0.589627895107125   -0.369479821336499   -0.718208609623060
   34   -0.777232768463913    0.595109112765949    0.204338854672444
   35   -0.736406038021486   -0.150504871348575    0.659586560555813
   36   -0.555200341748892    0.822878883581402   -0.120925280556792
   37   -0.778983092556453   -0.560990009612681   -0.280134879345557
   38   -0.826965698666696    0.560890915130667   -0.039103894340423
   39   -0.623516195865258    0.302430246352401    0.720946252909982
   40   -0.593724759165557   -0.148188408271376   -0.790905244645524
   41   -0.600994062193593    0.456519077947535   -0.656046087312451
   42   -0.641246125761128   -0.748575255296517   -0.168637164806866
   43   -0.853497758608441    0.007188110471835    0.521046933700039
   44   -0.716376489066609    0.428716688042241    0.550460468432284
   45   -0.626214689270409   -0.672696019171493   -0.394125904671072
   46   -0.710289770021977    0.670778198755871   -0.213412864363786
   47   -0.582493697302724   -0.501774487809437    0.639471231554774
   48   -0.401998512556720   -0.090454891874117   -0.911161406359063
   49   -0.671244127424125    0.609678216574921    0.421572999174104
   50   -0.748856286387661   -0.252073823405377   -0.612921732272136
   51   -0.684480634059538    0.568020415389183   -0.456989134770788
   52   -0.652586097054974   -0.514636366836941   -0.556130196859898
   53   -0.480253657142435    0.651331660176844   -0.587472121255632
   54   -0.391349484957877   -0.427085751667944    0.815133940739454
   55   -0.558721262411831    0.086130842588144   -0.824870916497840
   56   -0.329363576188022    0.941589501391297   -0.070205737303481
   57   -0.464448081752536   -0.824945432544328   -0.322107144721506
   58   -0.697511237633301    0.076570232593068    0.712471103172545
   59   -0.464762884806581   -0.690585794670746   -0.554154058999155
   60   -0.476867678192671    0.872902157461191    0.103145726982405
   61   -0.752352093499804   -0.625292321679465    0.207306150065950
   62   -0.118767417585626    0.197935255468701   -0.972993286288545
   63   -0.382189038933532    0.527027726818399   -0.759060810267329
   64   -0.499176531495838    0.159583759947053    0.851678233821287
   65   -0.344491115342415    0.006306915115259    0.938768392241594
   66   -0.541099003665830    0.538654849978177    0.645804011157282
   67   -0.407559635682307   -0.321609449845437   -0.854670992331330
   68   -0.287912382487402    0.249162549033845    0.924675339873074
   69   -0.252364358076564   -0.765941620657418    0.591308434336338
   70   -0.486417066234543    0.316487069669116   -0.814392026242913
   71   -0.349592043876118    0.147244376929438   -0.925259150898374
   72   -0.681255010421493    0.730803532881849    0.042635749119965
   73   -0.233606236994485   -0.496456168626383   -0.836037917005018
   74   -0.259633991455769    0.371422755285471   -0.891423203274906
   75    0.235978842778459   -0.960341176225546    0.148522089288676
   76   -0.427568204293865    0.403355634304496    0.809005354093369
   77    0.034384224822056    0.017731878084461   -0.999251372569978
   78   -0.436522679408423   -0.537428945565249   -0.721538688381098
   79   -0.140519098098590    0.564284706918029   -0.813533743988529
   80   -0.251384952086176   -0.686676220245016   -0.682115367379046
   81   -0.593393584486389    0.758660377434461    0.268920965343716
   82   -0.495050603747687   -0.707436315067925    0.504439054646016
   83   -0.390620872710840   -0.613842103083871    0.686012540908832
   84   -0.387687230281392    0.859275237265093    0.333683499891381
   85   -0.007012551200924    0.395229396228104   -0.918555686108808
   86   -0.290495622211682   -0.825859327463098   -0.483289421276782
   87   -0.190924507397906   -0.038057332209409   -0.980866694276021
   88   -0.064778572246910    0.316635255248850    0.946332844041222
   89   -0.556863350717119    0.738954521061626   -0.379274866595041
   90   -0.625978074850894   -0.777027659149258    0.066177539414773
   91    0.238086654503629    0.391535866939143   -0.888827547867123
   92   -0.375768520968258   -0.218961231091897    0.900474318305663
   93   -0.173658053619358   -0.386154165075104    0.905940307751171
   94   -0.211478733326436    0.481984152905365    0.850275262311414
   95   -0.282928504123593   -0.930884383640696   -0.231096788918125
   96   -0.462242409417008   -0.883353390397660   -0.077580555613624
   97   -0.478705184299726    0.719527249460164    0.503112198032265
   98    0.017600745345320   -0.207342269488987   -0.978110114990355
   99   -0.348980248209052   -0.852892031213349    0.388314266352288
  100   -0.153597477014792   -0.163759479731872    0.974469418633872
  101   -0.425752149762212   -0.889612638424282    0.165301120772495
  102   -0.202883016106902   -0.271600588149642   -0.940782441530524
  103   -0.018140129868749   -0.436967729798932   -0.899294244840204
  104   -0.102750683801393   -0.878362540787492    0.466820676405500
  105   -0.575344898265912   -0.762125079093687    0.296889898541241
  106    0.027546966080577   -0.541310148127513    0.840371636952322
  107   -0.106701289938645   -0.915374345929188   -0.388206957099098
  108    0.144470084702057    0.205668972954213   -0.967899100211453
  109   -0.188655001700384   -0.949740040405533    0.249806216864042
  110   -0.240692005780620    0.706131533738347   -0.665917123532375
  111   -0.186775124264504    0.937501082495804   -0.293609899824879
  112    0.169257247064344   -0.727493839448456   -0.664909541126268
  113   -0.032753673377144   -0.734697186516886    0.677604044412720
  114   -0.401569577550254    0.872141078063292   -0.279484908967748
  115   -0.339989504482667    0.624500524033664    0.703140265041982
  116   -0.257684887495466   -0.965974822466485    0.022161703844508
  117   -0.186943629757112   -0.590584022423816    0.785023943425257
  118   -0.261991070519287    0.794642314872700    0.547635161747229
  119   -0.117738355240468    0.683328411657423    0.720555314689312
  120    0.056256194060256   -0.947007060143123    0.316248112514421
  121   -0.251144614726543    0.956357980184804    0.149351251185581
  122    0.130180795964929    0.988509031676091   -0.076830037464097
  123    0.192136171713198   -0.669398458726282    0.717627615810787
  124   -0.328532294911353    0.809635236891015   -0.486371580568509
  125    0.197175514988560   -0.339755894825991   -0.919612825171543
  126   -0.103209278449966    0.991926620157055   -0.073684632493071
  127   -0.062911115892857   -0.800215053221159   -0.596404275718554
  128   -0.097613629745793    0.861028335778507   -0.499100976030247
  129    0.086344720301217   -0.956954427326040   -0.277097118890101
  130    0.134242132898984   -0.865564240013402   -0.482470305992766
  131    0.191216199572368   -0.550472192584678   -0.812660279706175
  132   -0.082292395102555   -0.988508556449058   -0.126802190577627
  133    0.050891142475082   -0.327354467435465    0.943530150163536
  134    0.089370345823899    0.136227646121780    0.986638216226919
  135    0.447765843313064    0.308248780224660   -0.839338095794627
  136   -0.003339522000612    0.742000546579772   -0.670390957925393
  137    0.241212131474898   -0.077207732427182   -0.967396337435071
  138    0.170368924455066   -0.983168139660883   -0.065991201957408
  139   -0.163137405617996    0.916632291117610    0.364926608743060
  140    0.095664865275120    0.583432162721015   -0.806507994414545
  141    0.277880329181781   -0.251763497249730    0.927037034916303
  142    0.233872991281028    0.734342876922556   -0.637215790029067
  143    0.355271739889105    0.120611950593975   -0.926949161610325
  144    0.124186566343358   -0.834663660582742    0.536576434855709
  145   -0.011270908074543   -0.995225012678571    0.096954323112037
  146    0.306876258367883   -0.907179208994339   -0.287841700972138
  147    0.037694177164665    0.955553232918378   -0.292398987801113
  148    0.465187835207679    0.667500389058373   -0.581415091463676
  149    0.323451481441829    0.561545302542272   -0.761607518572260
  150    0.391453375784089   -0.232404622624537   -0.890366411074670
  151    0.247618712731961   -0.466400080829068    0.849209007081063
  152    0.600818473029017    0.140549067618423   -0.786932730326215
  153    0.280605166189866   -0.887545954120636    0.365407881731699
  154    0.071323895182009   -0.099901864675080    0.992437665251832
  155   -0.033288120531635   -0.636241717283300   -0.770771287879789
  156    0.373118875182424    0.926842942782194   -0.041766785816537
  157    0.506071945967991   -0.046016281977339   -0.861262844488924
  158    0.295817257305631   -0.029264904966404    0.954796164433792
  159   -0.021263544905555    0.989140075262861    0.145429615852590
  160    0.395587166378459   -0.915655999304262   -0.071308377732038
  161    0.166330122476584    0.374784566650327    0.912069525287218
  162    0.349492059561263   -0.750132171960409    0.561388479480640
  163    0.019065708754001    0.534165850114286    0.845164684142322
  164    0.391860819740414   -0.634716640000247   -0.666017931334561
  165   -0.025723883318505    0.829868056164101    0.557366388639853
  166    0.303988957980260    0.195368001520015    0.932428044091420
  167    0.125818257634689    0.694440232077673    0.708464910999605
  168    0.467952325328905   -0.349313452350124    0.811788601315951
  169    0.063388921479411    0.931984915353400    0.356911700827238
  170    0.486733756615727   -0.794661408134095    0.362771962247745
  171    0.494798829839442   -0.121814194618394    0.860427463519727
  172    0.413803671967683   -0.563440328514972    0.715053506577657
  173    0.281694874404388    0.542340582854641    0.791526809352143
  174    0.677003010561666    0.030585494143824    0.735344443943394
  175    0.213010028522555    0.816915504840830    0.535981143044671
  176    0.356951693446909   -0.790774456010428   -0.497253706136812
  177    0.556316879337411   -0.629387393878151    0.542570767911020
  178    0.213358978052554    0.967835312747449    0.133314492398299
  179    0.287621163705226    0.897152185151575    0.335249195176671
  180    0.375588522230620    0.817834637002566   -0.435981385482798
  181    0.523843178580924    0.475533238645863   -0.706722338119584
  182    0.565289818129735   -0.663578785278141   -0.490010833806396
  183    0.140044475925045    0.866399257904515   -0.479311872026330
  184    0.584449414305857   -0.277559089201789   -0.762482677914072
  185    0.272339413719722    0.925805624786078   -0.262135821377502
  186    0.591581813674132   -0.485888075752348   -0.643384593825268
  187    0.677853604824235    0.317935672113573   -0.662896220252070
  188    0.508289962093229   -0.805963102564405   -0.303421804984452
  189    0.698649820919506   -0.081359103749158   -0.710822849918513
  190    0.597745003512510    0.704503204438148   -0.382591356034360
  191    0.662868026924424   -0.205384643687736    0.720016060250452
  192    0.499095282619858    0.838344392695671   -0.219277399889571
  193    0.453655459813049    0.873179912557983    0.178195297600820
  194    0.668322421946057    0.527627579784766   -0.524360827460087
  195    0.693651095953818   -0.664537731595763   -0.277916822750305
  196    0.457677115284226    0.780120385269851    0.426548757625114
  197    0.780002209836428    0.537348879706874   -0.320706616907191
  198    0.405016649072800   -0.447042293929378   -0.797567991717446
  199    0.747391188903946   -0.300744954743494   -0.592417828010840
  200    0.424572810367891    0.359794836703219    0.830834282018992
  201    0.626117737868443    0.734409995760295    0.261951400938929
  202    0.849652182995644   -0.097607653370237   -0.518231525415322
  203    0.781252546045309    0.115279379830223   -0.613477891927396
  204    0.622958175582362   -0.430554991631097    0.653104517406396
  205    0.813786369554332    0.337013501705507   -0.473469792484983
  206    0.591032700434696    0.806594764370167    0.009232177831134
  207    0.697284645903972    0.698112691531573   -0.162581648746455
  208    0.844799225309961    0.527537321197118   -0.089546879676842
  209    0.379867652236700    0.679696796418546    0.627465402809225
  210    0.754537910262311    0.650212496706781    0.088860852479135
  211    0.870237136610464   -0.305219957987847   -0.386688638713264
  212    0.523632461305327    0.505705038942048    0.685617574932227
  213    0.503138441368504    0.112624310800690    0.856835733051524
  214    0.793536581041787   -0.284793999180433    0.537765815740761
  215    0.604677243239535    0.623542361469421    0.495540467531536
  216    0.453453825084570   -0.878825357480400    0.148477673626778
  217    0.625548432255578    0.277368235636433    0.729216031613760
  218    0.748777831054353   -0.486898685475380    0.449734843884577
  219    0.712936627171036    0.423667106352658    0.558773253326207
  220    0.761881757853673    0.553820341364814    0.335885719464758
  221    0.943521644943288    0.330170715711395   -0.027462774989743
  222    0.852723136701904    0.340140718827402    0.396443619609201
  223    0.740218651336836   -0.499008889728882   -0.450628978411980
  224    0.790063777450283    0.190409482244310    0.582703575270002
  225    0.874771583101352    0.457419613139765    0.159818568737873
  226    0.668015926875478   -0.663622974175897    0.336688683484660
  227    0.593912000692230   -0.799655677361633   -0.088426993034147
  228    0.880143008070171   -0.374746194159933    0.291399339923475
  229    0.770037869954782   -0.636176211748183   -0.048182013669342
  230    0.898360477212214   -0.438954785889601    0.016344691115405
  231    0.946760849492176    0.236712665915111    0.218199467607543
  232    0.817936378090364   -0.053798833403190    0.572787715406740
  233    0.903305531871792    0.341554198751100   -0.259576280513673
  234    0.901136543660649    0.123898734025550   -0.415454008749710
  235    0.910030987757266    0.090955652761627    0.404438710501654
  236    0.645358597979361   -0.753072037970132    0.128042124481067
  237    0.912516025225792   -0.161815072732811    0.375673243580905
  238    0.805384259461797   -0.563743359762072    0.183165550623868
  239    0.949011716647530   -0.092085930238389   -0.301491199071945
  240    0.962663338953457   -0.243030535767590    0.119228580967400
  241    0.972278322831569    0.124119031082789   -0.198164903741559
  242    0.842020206733847   -0.489563868457129   -0.226559462731488
  243    0.992868013474922    0.115457647524493    0.029709248500624
  244    0.978177110885623   -0.025838905321192    0.206159866878250
  245    0.944033782382298   -0.290703653194856   -0.155857639338394
  246    0.993867704073029   -0.093472801116114   -0.059074717537320
   
 U =    28128.1110561718     


 http://math-lab.ru/  - см. Задача Томсона
