    297
    1    0.005142643123859   -0.000474272010077    0.999986664054957
    2   -0.178167334736919   -0.087863742577410    0.980069570782112
    3   -0.968173059355076   -0.168329860772013   -0.185218749351967
    4   -0.977601951399142   -0.061969394498517    0.201132341422451
    5   -0.920603843080707   -0.371947202649490   -0.118927888008877
    6   -0.816793096810832   -0.083997481693957   -0.570783198834062
    7   -0.837311445333355   -0.487245347062728    0.247994990432248
    8   -0.919482704945723   -0.383486677776773    0.086542031830953
    9   -0.883705416134557   -0.344054593512435   -0.317318726484025
   10   -0.980705514609890   -0.193180261180493    0.029967987986988
   11   -0.999526266980183    0.003459076150206   -0.030582289136798
   12   -0.809982031832359   -0.299689448982455   -0.504098544212653
   13   -0.815882454747763   -0.545260384592907   -0.192423836954673
   14   -0.912861178238800   -0.131670107990581   -0.386454980465018
   15   -0.697628071340359   -0.064444717663060    0.713555850962809
   16   -0.922199999937350    0.255895725786219   -0.289938851553039
   17   -0.830201278993214    0.461160416943727   -0.313204256360478
   18   -0.893702674952406    0.084752245595500   -0.440582098648407
   19   -0.705483593014091   -0.707241962937644   -0.045844365499337
   20   -0.700939075764906   -0.231691220570865   -0.674539539520273
   21   -0.830308117859120   -0.361142310785074    0.424458078940740
   22   -0.968460612726693    0.041350891749882   -0.245711508376241
   23   -0.830148910714224   -0.557176265521691    0.020184032780631
   24   -0.764671207702078   -0.511275505630614   -0.392269424571436
   25   -0.929510295547941   -0.265547909550232    0.255919749538565
   26   -0.829615098506500    0.291324134014270   -0.476307712798026
   27   -0.632751996664602   -0.285606030871634    0.719759755645390
   28   -0.774286912768955    0.117444708599628   -0.621841231454355
   29   -0.937483290752732    0.340515772009628    0.071931137709031
   30   -0.929577334822840    0.072094036822136    0.361508545456888
   31   -0.720275408703505   -0.567593484375742    0.398799413378710
   32   -0.974740858212422    0.204668193045695   -0.089393456621395
   33   -0.980572855820852    0.139838287795206    0.137557724951541
   34   -0.564454721055191   -0.375022300440314   -0.735356472774233
   35   -0.832032531379188    0.554386978264843    0.019415072936200
   36   -0.783224590954859   -0.221073657243700    0.581107286304766
   37   -0.672557399858934    0.739665634023577   -0.023691638598665
   38   -0.674037810768536   -0.692397772295719   -0.257406982372828
   39   -0.901314624054643    0.414370531978515   -0.126210184585396
   40   -0.835071735061001    0.202929984346271    0.511345889545845
   41   -0.536011840565624   -0.176454169482176   -0.825563584980471
   42   -0.726522905435150    0.485410928630518   -0.486354498533865
   43   -0.548149221597895   -0.826699257995725   -0.126888800494525
   44   -0.899884992391778   -0.136718211025005    0.414143853319316
   45   -0.915735466268293    0.272338864126114    0.295398203963548
   46   -0.490615145271786   -0.804879668577560   -0.333864490984623
   47   -0.769464677203358    0.615451543432738   -0.170714698320307
   48   -0.694474059204200   -0.434551316213797    0.573472697405288
   49   -0.479980965991655    0.026076969983346   -0.876891249769437
   50   -0.858223980698965    0.466685162710725    0.213673952223677
   51   -0.680007330760954   -0.454828621001025   -0.575083433624782
   52   -0.674775964253702    0.648515904400222   -0.352284714124030
   53   -0.609079379717616   -0.653435068162632   -0.449494072150122
   54   -0.550322927497699    0.650111145467182   -0.523927641959948
   55   -0.452372561447313   -0.336616291244507    0.825862299731856
   56   -0.668486422212256   -0.027645722994637   -0.743210345271082
   57   -0.560301671378370    0.812093237077704    0.162992672667399
   58   -0.355477643529077   -0.913855808398017   -0.196222339218098
   59   -0.828913609507418    0.000015617701808    0.559376642102144
   60   -0.406591867024339   -0.750107972377683   -0.521556404854837
   61   -0.598911077935948    0.715739287126451    0.359197429820038
   62   -0.726809619106546   -0.662215571105625    0.182258922852759
   63   -0.503117782885422    0.363229930281686   -0.784178879014233
   64   -0.414159761047841    0.572281546450459   -0.707789180421025
   65   -0.709398080762023    0.149897331484720    0.688683637837374
   66   -0.555157819650127    0.095564068946656    0.826236832880062
   67   -0.808546114778106    0.392836093981161    0.438101567610588
   68   -0.337861477085527   -0.128718536833285   -0.932352487301388
   69   -0.375012592293937    0.241420675472998    0.895031626857477
   70   -0.380730834801489   -0.654513055994034    0.653189628641417
   71   -0.697721638572578    0.308384776100640   -0.646593647461027
   72   -0.600994898415342    0.171314279810624   -0.780676981607438
   73   -0.725010302531181    0.668990217527573    0.163744160433452
   74   -0.376992814358235   -0.321977069009548   -0.868451026226740
   75   -0.591644191227297    0.486131490405320   -0.643143316083825
   76    0.099246041969127   -0.943073786196173    0.317430397005512
   77   -0.695817635046916    0.350173490704957    0.627069649373355
   78   -0.186999801849828    0.287363324261286   -0.939389905192529
   79   -0.517628330538337   -0.589243708846026   -0.620365024005604
   80   -0.221212875935066    0.634299816297346   -0.740762179491968
   81   -0.402353756445937   -0.500918775015900   -0.766284435122112
   82   -0.743468740966992    0.571364686696058    0.347558090111095
   83   -0.570135001787604   -0.623064432942723    0.535478096786798
   84   -0.523673341352981   -0.489725355175242    0.697090602471937
   85   -0.497247219705315    0.675433246268190    0.544550394666047
   86   -0.308188643602436    0.439062490399303   -0.843945430391594
   87   -0.280309895353214   -0.873756597576846   -0.397461659481773
   88   -0.393108816217408    0.225874524068414   -0.891317091718214
   89   -0.184810846950280    0.131906535856990    0.973881726211006
   90   -0.587920041660764    0.781467497472080   -0.208946344807297
   91   -0.584296300546819   -0.804762629826002    0.104665862643166
   92   -0.018011455048887    0.670883002763157   -0.741344443622876
   93   -0.539262684686088   -0.119112387463729    0.833671395729663
   94   -0.356990343410879   -0.169766477260459    0.918551706715500
   95   -0.548494295623314    0.302460702624360    0.779532892851009
   96   -0.207384392433064   -0.977198500148617   -0.045550028347535
   97   -0.415599394549798   -0.909363732930267    0.018296023638270
   98   -0.654302982966353    0.537161345879422    0.532301883309030
   99   -0.061403426730780    0.114310490254622   -0.991545627292797
  100   -0.430597264151628   -0.769813554027466    0.471140200089883
  101   -0.374432998415004    0.036827149284662    0.926522363882014
  102   -0.440955510145861   -0.861557061740179    0.251550526609732
  103   -0.267159676437157    0.072640436424105   -0.960910544370343
  104   -0.132463297372637   -0.105796900654221   -0.985525489604977
  105   -0.224219729894524   -0.783476617829098    0.579560093554676
  106   -0.593092412698185   -0.733716649858827    0.331513601108288
  107   -0.106448853269604   -0.485688253782911    0.867626395273273
  108   -0.142879732010027   -0.957583389556216   -0.250238754446172
  109   -0.103769887537499    0.492040273906643   -0.864365767076838
  110   -0.274662468800232   -0.878953596822871    0.389873188183926
  111   -0.357833561406652    0.735749114255838   -0.575002941907936
  112   -0.281190285101112    0.958400713919299   -0.048990765698589
  113   -0.209583348940902   -0.501012090696296   -0.839679525070632
  114   -0.320939486746138   -0.507525102173789    0.799634989548738
  115   -0.488235758580375    0.872066755832851   -0.033547241535068
  116   -0.522613920712268    0.496850143878123    0.692830877203116
  117   -0.266960355888797   -0.950174475580567    0.160936740177376
  118   -0.235519984688793   -0.333760593598976    0.912761854468432
  119   -0.346019818304582    0.624433472155385    0.700252186138990
  120   -0.360662259629864    0.439528368863874    0.822640594331779
  121   -0.053743947804875   -0.873534658055727    0.483785891949952
  122   -0.431483186002386    0.829758661708810    0.354009637603887
  123   -0.163881836220235    0.978009020444020    0.129000386383969
  124    0.053326359299139   -0.605464366611337    0.794083874768800
  125   -0.475339213276087    0.789473131552098   -0.388310194148178
  126    0.069201605132492   -0.068804221060236   -0.995227168545645
  127   -0.371902626536423    0.915809621303616    0.151595428371164
  128   -0.298340875504538   -0.662874537636797   -0.686724158127547
  129   -0.385521476243919    0.894765031197509   -0.225319174285789
  130    0.014516150846319   -0.995897618905859   -0.089315250781974
  131   -0.181804856211349   -0.795364432410134   -0.578223498238246
  132    0.031683672160884   -0.281773048426466   -0.958957816642035
  133   -0.041296860994573   -0.993555915470878    0.105551940317645
  134    0.084470204703166   -0.408181608628562    0.908984355693103
  135    0.006296158225897    0.226188508185991    0.974063199775143
  136    0.107197312078708    0.521437959421635   -0.846528907218945
  137   -0.271788045589040    0.867865814559299   -0.415860777417412
  138    0.143237931673577    0.155165584737289   -0.977448994189984
  139    0.169354610404254   -0.978094185813300    0.121040404878044
  140   -0.322031855983207    0.780456207463207    0.535895131498840
  141   -0.157029521853393    0.789784958723621   -0.592943039625581
  142    0.137512578950520   -0.165060664245445    0.976650023165530
  143   -0.058981810720366    0.905811404898679   -0.419555532390682
  144    0.022117068675172    0.330011587459969   -0.943717747748430
  145   -0.167491518848022   -0.651726295677991    0.739729292806380
  146   -0.104687701619323   -0.949737513516200    0.295023966059927
  147    0.076700121274933   -0.956137060733308   -0.282699509176585
  148   -0.054289584870856    0.996983120433238   -0.055473403949587
  149    0.159363686022630    0.901628463079500   -0.402081248185213
  150    0.049700971436206    0.809295752541612   -0.585294966966575
  151    0.236327312428501   -0.242301374281995   -0.940977919731052
  152    0.251325620571733   -0.527084082960400    0.811799114272754
  153    0.332894694601446    0.529522897154174   -0.780247796341431
  154   -0.000170494425866   -0.758221813792654    0.651996665651466
  155   -0.048235368068582   -0.253891084518228    0.966029330025464
  156   -0.174458894338185   -0.310332183591474   -0.934482760682960
  157    0.071701637544702    0.990095374010236    0.120706360797345
  158    0.266009518012248   -0.030908767006755   -0.963474745101818
  159    0.185267077143844    0.096459987778263    0.977942524325635
  160   -0.244121440240465    0.909954461329632    0.335242599800831
  161    0.224646723270801   -0.971223503143722   -0.079112304131088
  162    0.012681359909548    0.437093615232735    0.899326611767728
  163    0.212805511854834   -0.704124123220626    0.677438582620584
  164   -0.181333825738596    0.343791351524937    0.921371559285211
  165   -0.090281334305205   -0.659227003186640   -0.746504547170098
  166   -0.154088674494190    0.712682450653454    0.684354005557950
  167    0.193855201312390    0.326035896343811    0.925267936988752
  168   -0.170770825283444    0.542757252922457    0.822345359099253
  169    0.437159928166610   -0.429407466054742    0.790253393097309
  170   -0.133555700115233    0.849265143847422    0.510795057153599
  171    0.359281646754166   -0.771208815377476    0.525503245841246
  172    0.268169071151221   -0.320820293630321    0.908383007587023
  173    0.410094995660767   -0.614396676737425    0.674046599389095
  174    0.032139876545106    0.617502526948763    0.785911990968173
  175    0.438849540945263   -0.221186450647915    0.870911955631515
  176    0.049716447117349    0.766659893850319    0.640125676759998
  177   -0.055861860135017   -0.894724808652169   -0.443110561107040
  178    0.550187634040029   -0.667928995719777    0.501163071291377
  179   -0.041414242196086    0.953304740595464    0.299157035854983
  180    0.062626290822027    0.882740848706525    0.465667844845185
  181    0.055849454691098    0.970742504557391   -0.233537637772482
  182    0.195436708524115    0.670860825241384   -0.715367210681136
  183    0.034783066371482   -0.783104263558416   -0.620916943471853
  184   -0.169903179149590    0.956133053666989   -0.238626263014575
  185    0.193436710100520   -0.442035565028800   -0.875892001581905
  186    0.183940897929118    0.981248872279148   -0.057588164755702
  187    0.119477468603058   -0.629004057024873   -0.768166017695690
  188    0.412134573952907    0.673354371937315   -0.613790666877201
  189    0.163088748395165   -0.869277287862231   -0.466646608209877
  190    0.233939314502605    0.365567276874921   -0.900906745012105
  191    0.290996885176389    0.928128045603470   -0.232161891321386
  192    0.591622944433237   -0.503235713042708    0.629869914139852
  193    0.404739021229081    0.913610605976710   -0.038755455633938
  194    0.187572744390272    0.933362749299836    0.306023600039856
  195    0.256499168911751    0.790451087993235   -0.556233093080493
  196    0.249204724932681   -0.738974435580533   -0.625950308434831
  197    0.250303220180010    0.818902846937192    0.516474999632779
  198    0.383722445077256    0.829806873314752   -0.405188398332834
  199   -0.009513809858994   -0.480676243453695   -0.876846529559883
  200    0.397158012219743   -0.387445879615082   -0.831956251072710
  201    0.219490359472343    0.519193283482217    0.825991716959472
  202    0.381385029863222    0.856672005621378    0.347359372668818
  203    0.435396808266187   -0.191059513502472   -0.879730573330162
  204    0.344119302451874    0.186819904376138   -0.920152285770636
  205    0.719106844351823   -0.530822822612866    0.448455658231305
  206    0.558670359998055    0.732821128642347   -0.388407804086118
  207    0.297205394388246    0.945347778356569    0.134113875131642
  208    0.665895499713672    0.724005458107646    0.179998000242828
  209    0.493345392006584    0.853743887025019    0.166528374619108
  210    0.240710238563943    0.683873255622588    0.688749556293615
  211    0.587932753758527    0.593715202063996    0.549397247805287
  212    0.537116040493526   -0.477272311132570   -0.695498023053072
  213    0.418334497793259    0.572169182765647    0.705420919911902
  214    0.314355717602749   -0.065924629980944    0.947013424388660
  215    0.807851844026145   -0.535538558109424    0.246117555004996
  216    0.427212599014365    0.722905166953852    0.543044671122750
  217    0.158079414679295   -0.844063947925570    0.512412871098055
  218    0.358171106837296    0.195043434568594    0.913056141131876
  219    0.658529783785332   -0.687105393143057    0.306960425106184
  220    0.393535554579769    0.395725633570094    0.829777675173984
  221    0.576641438902474    0.426764601959004    0.696675408964073
  222    0.498382380381247    0.840868359968415   -0.211081510629308
  223    0.546527675144248    0.241199031752530    0.801954192820927
  224    0.327561494845976   -0.572553376789952   -0.751589048497045
  225    0.481605375686385    0.036492281189135    0.875628103434094
  226    0.727196253176355    0.432693471920966    0.532880820374736
  227    0.294411638118443   -0.893337369162437    0.339514553735699
  228    0.280584849802052   -0.918998070153232   -0.276974166875171
  229    0.480663777441244   -0.806264470871063    0.344818700285988
  230    0.468372221400057   -0.845368405194450   -0.256865181991973
  231    0.369945698375864   -0.809755892140877   -0.455450958277977
  232    0.716174008287843    0.256336566596285    0.649142784353761
  233    0.607179749344981   -0.316937298581341    0.728617527069812
  234    0.677167558332565    0.707967531783186   -0.200564383385326
  235    0.447632689352079    0.345742671519771   -0.824673863120323
  236    0.595395139611127   -0.116519525895151    0.794938883067507
  237    0.366824829976548   -0.919258354851746    0.142841244561707
  238    0.552438208996914   -0.819859297334772    0.150475106957981
  239    0.420321898594631   -0.905518020195050   -0.058022553062089
  240    0.592391668469406   -0.278395048798223   -0.756021367378375
  241    0.601941709551517   -0.797214218337808   -0.045996395317835
  242    0.528736008195378    0.487357313704752   -0.694925235126849
  243    0.454405162820063   -0.655549843254942   -0.603133775385605
  244    0.558332192451379    0.743655010636736    0.367753161818240
  245    0.765413507418836   -0.634916344471938   -0.104992372023811
  246    0.652634797404534   -0.540341706564055   -0.531129608818965
  247    0.455189740713305    0.013387831171223   -0.890293808765334
  248    0.809456254332315    0.050407161337966    0.585012555769658
  249    0.667329754299789    0.072415661038475    0.741233411998234
  250    0.747192407703621   -0.349360024024227    0.565376935755128
  251    0.712219931635952    0.596632769891827    0.369827131064888
  252    0.559227441318438   -0.708352577842293   -0.430698611955752
  253    0.637964708564730   -0.732252396768577   -0.238343151889442
  254    0.724770438934653   -0.681393397602905    0.102033565798907
  255    0.807146644454446    0.562773748827183    0.178325550544295
  256    0.598634146054890    0.800859175247099   -0.016178399168921
  257    0.743895678277577   -0.143941918777785    0.652610100947352
  258    0.565426272644609    0.166307907263511   -0.807858162170103
  259    0.761379279797068    0.648178539202314   -0.012890834466852
  260    0.718827788206366   -0.347607696796804   -0.602042772591753
  261    0.858881307657943   -0.167869563765401    0.483882949603512
  262    0.824956314312791    0.529773686872478   -0.196943951856860
  263    0.739990733166664   -0.581284848433479   -0.338410460549212
  264    0.852173469317754   -0.363301237499370    0.376580122978325
  265    0.616996520908280   -0.066053588383548   -0.784188890924077
  266    0.726757518878106    0.091197173759728   -0.680813178671195
  267    0.752405402454471   -0.136869040545060   -0.644323657875140
  268    0.836850456195426    0.415683190059134    0.356214541348005
  269    0.847088536725503    0.236121486989926    0.476117269514468
  270    0.588407337232950    0.603352671877167   -0.538277213737599
  271    0.652328682428366    0.311433711625995   -0.690996623250887
  272    0.726221375634006    0.578822226170732   -0.370900719954827
  273    0.861554234284475   -0.466381227944103   -0.200531422993611
  274    0.860189005607463   -0.508927488344211    0.032675468469420
  275    0.913816412159325    0.027659464194945    0.405184549197902
  276    0.721825683997724    0.436562681946580   -0.537010899938565
  277    0.813119665100722   -0.403537885672346   -0.419515893684117
  278    0.887901975560562    0.459717347245760   -0.017030632312748
  279    0.942663573240190   -0.328423985571066   -0.059355483214725
  280    0.805215745965546    0.239035195778400   -0.542669123525866
  281    0.848008946744685    0.384850232084705   -0.364377723118907
  282    0.857465517974495   -0.199420720667063   -0.474325059061147
  283    0.918635047233715   -0.356719322809756    0.169885181013707
  284    0.931102255918317    0.319833021333632   -0.175372254043854
  285    0.853379117359775    0.020834528679648   -0.520874269348131
  286    0.940252004225900   -0.046775646708554   -0.337250956150127
  287    0.920639497865908   -0.272099289585513   -0.279973019371987
  288    0.941304071151684   -0.171604086283415    0.290686572108345
  289    0.911572524129825    0.178573051913462   -0.370333901205238
  290    0.982340800662820   -0.169668990606201    0.078860541335971
  291    0.976130647544477    0.112205622542354   -0.185953911478844
  292    0.937209501155075    0.209898974215765    0.278533250381037
  293    0.912089740791492    0.375093331316218    0.165521290307353
  294    0.979384694776772    0.027184558309594    0.200166479277930
  295    0.982062797308681   -0.123630445899956   -0.142366340786107
  296    0.999441697847640    0.033399195796606    0.000886748874204
  297    0.971878178074236    0.233842126430215    0.027760887768560
   
 U =    41278.8704453500     


 http://math-lab.ru/  - см. Задача Томсона
