    264
    1   -0.001134298670388    0.000003272557313    0.999999356677701
    2   -0.995962514233187   -0.013645080427960   -0.088727008415829
    3   -0.935532058790635   -0.087146592938209    0.342323295021269
    4   -0.970085323806273   -0.238420422888536   -0.045718338610781
    5   -0.868185249830473    0.088355569220314   -0.488311033424962
    6   -0.832203301880074   -0.490145675310510    0.259219754868928
    7   -0.946731751297233   -0.277427446240252    0.163502303220126
    8   -0.946741281988174   -0.188730906121356   -0.260886163017513
    9   -0.990294218914914   -0.050642530246864    0.129432198906981
   10   -0.982534120051301    0.173370454947068    0.067597250583596
   11   -0.873084841683281   -0.138564022899869   -0.467464298937025
   12   -0.894288818724525   -0.411060407522759   -0.176852622461521
   13   -0.952209955826409    0.041590890425581   -0.302599401616519
   14   -0.570989842256421   -0.166714609148275    0.803851254360237
   15   -0.890148999511125    0.401323664067911   -0.215810276234590
   16   -0.773699067278832    0.532218291494100   -0.343705460374092
   17   -0.867689112240255    0.292086357217438   -0.402245154634790
   18   -0.779455371320162   -0.621233021616631   -0.080739438772006
   19   -0.759979143020309   -0.033073714101259   -0.649105408704676
   20   -0.757409744346118   -0.431405915154442    0.490121837443821
   21   -0.964445556572051    0.207748645170066   -0.163356263542075
   22   -0.884620701342862   -0.464455475023780    0.041561117358630
   23   -0.845332873125286   -0.354852834791895   -0.399364243835005
   24   -0.880262979342210   -0.300660413198358    0.367070024838543
   25   -0.724339546514424    0.435554461217871   -0.534438520943700
   26   -0.500075394864428   -0.412156087281393    0.761611422687501
   27   -0.756945520448418    0.219316659054642   -0.615575894698764
   28   -0.908036958380662    0.347914989123533    0.233289610908776
   29   -0.861852217340847    0.050041773129925    0.504684630642422
   30   -0.684791015450323   -0.624437864865905    0.375684199934233
   31   -0.922986711275587    0.384693633401620    0.010312091394904
   32   -0.947208661014565    0.133289697912673    0.291598369215850
   33   -0.579475924832179   -0.367977914331936   -0.727186294634194
   34   -0.823084431188554    0.549189074969652    0.144649158549204
   35   -0.677456998470368   -0.309068165122119    0.667479501207015
   36   -0.545207284130256    0.833334787993051   -0.091116126190077
   37   -0.775805934525304   -0.554953915168622   -0.300252067427249
   38   -0.814742348488968    0.572398127563018   -0.092494806021918
   39   -0.744357208454205    0.181651409469356    0.642600273622770
   40   -0.611172524202180   -0.147359360932210   -0.777658899779322
   41   -0.547105839451919    0.555129095285060   -0.626503701509897
   42   -0.636455323267604   -0.743407993785281   -0.205594689280811
   43   -0.819979081519880   -0.182810116081050    0.542415677620261
   44   -0.848930579043453    0.277390007263600    0.449857372769688
   45   -0.625175970099156   -0.658314742609745   -0.419257326797331
   46   -0.677242817060069    0.702395058280664   -0.219051018813984
   47   -0.600522625715575   -0.539390416665465    0.590280064387345
   48   -0.455570906693080   -0.029315231145611   -0.889716677486560
   49   -0.787646221157437    0.491994773504989    0.370883503461916
   50   -0.746326435594382   -0.264378613801701   -0.610819777100640
   51   -0.613257071656262    0.655023239583829   -0.441429858152676
   52   -0.703974685986072   -0.472859663910448   -0.529927711803515
   53   -0.415495199852371    0.751075477450228   -0.513078323526292
   54   -0.287696963895000   -0.482330299116651    0.827398295574532
   55   -0.625885308345471    0.096023640466709   -0.773981292583235
   56   -0.382446072481062    0.923710400180229    0.022228320734846
   57   -0.457336787382274   -0.828498980180478   -0.323160181251911
   58   -0.727464694477359   -0.049845819281075    0.684332165391311
   59   -0.443972870116658   -0.731308884755492   -0.517759988486997
   60   -0.546161294879002    0.822410836828168    0.159211354631773
   61   -0.741962191486942   -0.655189174822604    0.142194414795975
   62   -0.258504743915120    0.311068373015408   -0.914555501149561
   63   -0.339925398407229    0.645259563039182   -0.684171630385366
   64   -0.589320489115242    0.075443842616674    0.804369061886521
   65   -0.408284384116920   -0.031975254686315    0.912294604157019
   66   -0.707736522316682    0.408798953540820    0.576187843123247
   67   -0.423807219496007   -0.265888776196374   -0.865846752835545
   68   -0.415851915371528    0.195629687028744    0.888141998801356
   69   -0.298371337130272   -0.783847106109934    0.544571629285052
   70   -0.608963104305112    0.335489491649065   -0.718756383337312
   71   -0.458343992252005    0.209928521956366   -0.863626539909300
   72   -0.698461482454341    0.714875740650162    0.033230000866172
   73   -0.374304359919609   -0.483084492549589   -0.791533713244911
   74   -0.432484605586137    0.435421793055299   -0.789534627526565
   75    0.166579055410549   -0.982654147546496    0.081499966921450
   76   -0.590399303885577    0.302691913231591    0.748202023276886
   77   -0.057644630142949    0.229258308543582   -0.971657205283539
   78   -0.525563161204972   -0.563310669101130   -0.637545648295927
   79   -0.083910919333397    0.655559336391510   -0.750467130583710
   80   -0.302381356479182   -0.674011976804821   -0.673998049238621
   81   -0.681531758688109    0.678894464521646    0.273160699847838
   82   -0.504575382342124   -0.724237269918537    0.469983042667759
   83   -0.413874010469803   -0.618106713716364    0.668320577205579
   84   -0.498516885374323    0.769376498090356    0.399425486396279
   85   -0.232178342483589    0.515230194352845   -0.825003675209210
   86   -0.252985651886283   -0.837152400225023   -0.484947542252928
   87   -0.274221625277298    0.090525117637534   -0.957396314650828
   88   -0.216504961899602    0.114139071233149    0.969586444774722
   89   -0.488730005594297    0.814407488885348   -0.312863266746450
   90   -0.614315745384952   -0.788875640517983    0.017070113340950
   91    0.127634809005194    0.581642217828522   -0.803368960048698
   92   -0.384428281424052   -0.260291191085939    0.885699380311634
   93   -0.174705192824838   -0.326799359302259    0.928805832431983
   94   -0.406766612234495    0.412641804292989    0.815026174132523
   95   -0.257015634687018   -0.926255368941790   -0.275670011123696
   96   -0.451826344111259   -0.884995015399727   -0.112413422173204
   97   -0.623512933246765    0.610375278552549    0.488542363982812
   98   -0.073236165989849    0.002201116233395   -0.997312197397803
   99   -0.370310391692098   -0.866245744091289    0.335393089744817
  100   -0.200954747013316   -0.110141514604324    0.973388944057554
  101   -0.422085519013879   -0.899553729335868    0.112458448667566
  102   -0.255436217308439   -0.144267635229830   -0.956001667525925
  103   -0.212074717013368   -0.374461973493341   -0.902664137324161
  104   -0.152501416220691   -0.903582624102923    0.400352044418359
  105   -0.571070787806797   -0.782320267545109    0.248702943894667
  106    0.007910838728861   -0.650182073370882    0.759737250697731
  107   -0.049840868067525   -0.899818896931179   -0.433407245666051
  108   -0.038789390522424    0.445356838720583   -0.894512531710824
  109   -0.211651277699431   -0.960778763639417    0.179186785192748
  110   -0.177476917441510    0.785296498985331   -0.593136874976460
  111   -0.149523904839974    0.986231815315142   -0.070635744079084
  112    0.071591641840973   -0.657449327306726   -0.750090007160772
  113   -0.203253866191547   -0.653289767812055    0.729314983494965
  114   -0.327814652436081    0.923638086975920   -0.198570486063953
  115   -0.524276752498364    0.526588195677310    0.669207560449734
  116   -0.250483159010616   -0.966724392849580   -0.051982067308573
  117   -0.026001396148638   -0.475565044805712    0.879296204675798
  118   -0.399904964346184    0.693999338472661    0.598699371714040
  119   -0.278234784733274    0.575924590776005    0.768697775659537
  120    0.007522335438772   -0.968607656122994    0.248480628962232
  121   -0.362717755830808    0.892779229554930    0.267172372973645
  122    0.020536472457282    0.991370214353008    0.129473361710748
  123    0.166322554735323   -0.750281727892246    0.639854777724868
  124   -0.256188412352849    0.877712583789035   -0.404954463655486
  125   -0.044042456723813   -0.238080937501413   -0.970246220917237
  126   -0.199377701098525    0.969817559759150    0.140365355723821
  127   -0.092571169677746   -0.766316636359518   -0.635758909794529
  128   -0.082849364180910    0.957462172088716   -0.276409427975925
  129    0.159668846940720   -0.916984980975853   -0.365574074547601
  130    0.123348324065622   -0.810637014835973   -0.572409661979971
  131    0.007907738550687   -0.465440839357394   -0.885043667131345
  132   -0.049094366106861   -0.974945219061103   -0.216959818967623
  133    0.182607822359426   -0.370506907054543    0.910702484370184
  134   -0.020314772964646    0.231241286607014    0.972684315370474
  135    0.160831993681896    0.366907020711954   -0.916249042542793
  136   -0.009846986720249    0.882024099884217   -0.471101394686926
  137    0.128340632977370   -0.082298280410056   -0.988309503631588
  138    0.161129951267965   -0.975860094182603   -0.147425287472347
  139   -0.274442821897360    0.842232175726908    0.464032433865708
  140    0.075966041985626    0.761608216608150   -0.643569797970656
  141    0.205758342030671   -0.114328827345679    0.971901447638880
  142    0.225667063529083    0.840230226991296   -0.493039087789514
  143    0.145682402015886    0.145284289107418   -0.978605698471777
  144   -0.076206510281106   -0.797963269731578    0.597868871869128
  145   -0.041614810945625   -0.999064472585427    0.011763805828145
  146    0.367778464640024   -0.887226801405146   -0.278509611711014
  147    0.078523411755724    0.992910971735464   -0.089229345024929
  148    0.433137798140144    0.744382748833305   -0.508218428494757
  149    0.290441408467505    0.680937532598062   -0.672285553129528
  150    0.167724826886739   -0.324619509396566   -0.930854745148214
  151    0.206640654932818   -0.564426161441935    0.799201318823273
  152    0.355187710535805    0.265698829056884   -0.896239824222364
  153    0.077712429011561   -0.881434481132701    0.465869116649139
  154    0.018577549550933   -0.232704510396773    0.972370035271388
  155   -0.149882854137845   -0.584554575797418   -0.797390166699963
  156    0.238393520287967    0.964230784755011    0.115877190229340
  157    0.323079691040905   -0.170081680576895   -0.930962800099474
  158    0.188344297347733    0.130033295657935    0.973456608009276
  159   -0.108827019008302    0.935416490637199    0.336381731040425
  160    0.367832660419752   -0.927626235860136   -0.064874497859189
  161   -0.049053281078901    0.452688775032408    0.890318284982990
  162    0.322516975214461   -0.806517419566169    0.495492131758763
  163   -0.226522623832351    0.342661852940298    0.911740289463852
  164    0.293598975928522   -0.682110036193744   -0.669720493831189
  165   -0.173817243427932    0.753555112755207    0.633989162310841
  166    0.162472676209926    0.364955996885051    0.916738648592293
  167   -0.065658285719015    0.629271994605363    0.774406706015533
  168    0.398467370849886   -0.453308019434238    0.797330291588491
  169   -0.009763793301934    0.858657809123651    0.512456276350801
  170    0.535654380984350   -0.686587680451623    0.491601201365836
  171    0.369915884595075   -0.248326853800529    0.895263096528487
  172    0.378216032512152   -0.647159919583242    0.661918931014803
  173    0.155553993567972    0.566553873190241    0.809209283101839
  174    0.534462531155050   -0.115672418631187    0.837239329200050
  175    0.095304161367232    0.740983948068077    0.664725436200191
  176    0.340824745388135   -0.805471569551731   -0.484823724228697
  177    0.571420821902809   -0.517757025507636    0.636714933728904
  178    0.127077001083848    0.935907704505628    0.328524282881100
  179    0.233442813282233    0.831283523124524    0.504452333832005
  180    0.373097220450533    0.872883984827453   -0.314439204177586
  181    0.335977080565354    0.487520728502038   -0.805880227214704
  182    0.509807465416737   -0.661697501493541   -0.549775194713773
  183    0.150692649422620    0.941874120090893   -0.300274653131092
  184    0.404638342566092   -0.353846482111065   -0.843244020923356
  185    0.297281615406373    0.949071775043214   -0.104337945914707
  186    0.456859510891069   -0.524123164270706   -0.718731031738046
  187    0.523639042720170    0.349931928240239   -0.776755945286016
  188    0.546789770298634   -0.760826652125047   -0.349519316366005
  189    0.346558731144017    0.047860763284446   -0.936806486530532
  190    0.573779138230928    0.753534668782510   -0.320878487084764
  191    0.573740198265832   -0.322127382293446    0.753031297138874
  192    0.500578081536876    0.857942577241352   -0.115568674135025
  193    0.352656096336762    0.882012513818469    0.312550161068813
  194    0.495129617029661    0.565583741741969   -0.659516257128826
  195    0.691761060510820   -0.592779328407358   -0.412406720330631
  196    0.449479630730429    0.747456266080206    0.489159679303062
  197    0.626560267363086    0.616870798857636   -0.476332498239035
  198    0.237363567734047   -0.517229656334627   -0.822272472675894
  199    0.600207642435433   -0.298826944048029   -0.741925362467826
  200    0.360021748261323    0.482459309943263    0.798509458320896
  201    0.558216178226602    0.777416614865201    0.289858767846719
  202    0.517839443925255   -0.116018269880006   -0.847574227645717
  203    0.539368484486183    0.118792311310616   -0.833648621852493
  204    0.735778682589091   -0.374292675498409    0.564388805094241
  205    0.666442496278063    0.410582642162230   -0.622315268260185
  206    0.446799370446451    0.888880060559444    0.101304296594442
  207    0.679854560689740    0.720523662076038   -0.136540941471398
  208    0.637537403974531    0.766366156968247    0.078923836622006
  209    0.316512266296070    0.674668421134740    0.666815196893174
  210    0.809907400418808    0.455295333808501    0.369805572915085
  211    0.761953576173168   -0.222230358483720   -0.608309473479674
  212    0.518476167256169    0.574003684333469    0.633799837771324
  213    0.379652460646456    0.018517852158499    0.924943835201104
  214    0.853511310087304   -0.374914006908284    0.361881100607685
  215    0.645831581499825    0.623266584841361    0.440953889378041
  216    0.228051285785696   -0.920766912731606    0.316513670273808
  217    0.358945635809747    0.270679763182139    0.893247164191859
  218    0.713041532478733   -0.553031036410038    0.430962232368009
  219    0.546564227737593    0.374408208708175    0.749056765679040
  220    0.696434115521755    0.438901161075313    0.567754606801365
  221    0.781720884845006    0.571036398248042   -0.250658911816524
  222    0.706772162210662    0.235203160074220    0.667197560108823
  223    0.644576972329056   -0.467707460594153   -0.604789432817469
  224    0.532534140516665    0.158641889714431    0.831408527747949
  225    0.881081331721646    0.448236333036259    0.150930038884972
  226    0.468198599244250   -0.821529508249617    0.325391055102725
  227    0.558499766216822   -0.819312686213442   -0.129633071958779
  228    0.655285967230009   -0.705062868225859    0.271084217542367
  229    0.714720032847711   -0.672821163145842   -0.191015593785543
  230    0.832505976101756   -0.494805769304123   -0.249200823470182
  231    0.837624754170973    0.253991653194503    0.483604188678655
  232    0.724491397063857   -0.178013972893363    0.665900323648504
  233    0.769644946888016    0.463719191898904   -0.438874887404566
  234    0.695501910711912    0.193280359594193   -0.692040312981274
  235    0.672263020216309    0.022609388077221    0.739967058199498
  236    0.369539451862540   -0.916884204559403    0.150877264511934
  237    0.808346359429708   -0.550157219808094    0.209530896742618
  238    0.560118218148784   -0.823132945754676    0.093379522975120
  239    0.684160879120173   -0.046339417173127   -0.727857506588732
  240    0.723481949949834   -0.689432920902692    0.035441722198124
  241    0.825689271129333    0.246651925009528   -0.507346090387030
  242    0.796501606340851   -0.387392180109260   -0.464233227900200
  243    0.742355955689876    0.628392535802164    0.232444522413190
  244    0.853154743300587   -0.521060718592994   -0.024954188487351
  245    0.887691659943927   -0.129831807365402   -0.441754704176683
  246    0.819772831712783    0.030973702597546   -0.571850622219652
  247    0.924936587830260    0.258597784363941    0.278602753782113
  248    0.817948632845937    0.035546178569516    0.574192043844712
  249    0.858899517296861   -0.176940792350982    0.480607506380650
  250    0.800126794394960    0.599800044615189    0.006084354596984
  251    0.909005744907125   -0.289781424189107   -0.299558478298937
  252    0.942739792297527   -0.321119176580472   -0.090134113692299
  253    0.920567112321612   -0.363937982691409    0.141793287804312
  254    0.964642663669160    0.258513590843489    0.051334732671674
  255    0.898904271172649    0.427496050626022   -0.096011655369139
  256    0.921794484018968    0.042076442641371    0.385388767618948
  257    0.927721454327383    0.087285472198773   -0.362924440515823
  258    0.888273125251069    0.342212397945893   -0.306368290867089
  259    0.972636063593388   -0.091105738585247   -0.213726068120845
  260    0.982824121702496    0.051443999094426    0.177229401502376
  261    0.964839507722943    0.197216918456342   -0.173753306188783
  262    0.985995519384519   -0.159739531168898    0.047917824821185
  263    0.947146416546469   -0.168212919244425    0.273163100404229
  264    0.998415450106753    0.036916356882616   -0.042470832139778
   
 U =    32480.4610789985     


 http://math-lab.ru/  - см. Задача Томсона
