    255
    1   -0.171929841165597    0.072793731538157    0.982416002702278
    2   -0.992804942212957    0.000966257885831   -0.119738937122497
    3   -0.941846511428685   -0.058526053948948    0.330907615383480
    4   -0.975261207241193   -0.214391003257485   -0.053870913976842
    5   -0.822048382177161    0.146828452014818   -0.550161669910622
    6   -0.861353384144354   -0.443782305217856    0.247239991098923
    7   -0.954608785924012   -0.240262435611246    0.176056888166400
    8   -0.942831041171135   -0.161491363430128   -0.291530731384585
    9   -0.993780743679140   -0.018426105656153    0.109819452388379
   10   -0.976805051002619    0.202384786146533    0.069944911696223
   11   -0.859001193301017   -0.086850038847949   -0.504553288225871
   12   -0.901748943923970   -0.377398749822765   -0.210758216362304
   13   -0.935573716088577    0.068002666029900   -0.346521946169412
   14   -0.566937224312226   -0.124504353976351    0.814297764659882
   15   -0.886152292524414    0.420591949004665   -0.194516135284924
   16   -0.773631521136548    0.526065215518820   -0.353199176846561
   17   -0.876102823145306    0.292078034530978   -0.383580845482859
   18   -0.800362028165713   -0.587940584939308   -0.117245436805406
   19   -0.723866349635211   -0.007237255733099   -0.689902261190125
   20   -0.741231146042822   -0.423443680417618    0.520837630793346
   21   -0.963399033515450    0.216402744874184   -0.158215530945652
   22   -0.904215566826634   -0.426660531559837    0.018841430876278
   23   -0.839919932525119   -0.317372402267634   -0.440237737166943
   24   -0.870516261251106   -0.285017418227641    0.401206318749153
   25   -0.741986621078287    0.390346413035615   -0.545055531089315
   26   -0.551438287582696   -0.356103293227609    0.754391317248757
   27   -0.670342140962299    0.238289529856108   -0.702751388480333
   28   -0.887863293277383    0.386626529511667    0.249436763786746
   29   -0.857447785893743    0.110985218657919    0.502459526435087
   30   -0.729498974006744   -0.581435704662058    0.360227384116260
   31   -0.909463594708617    0.414816058718587    0.028347968690155
   32   -0.941261465505142    0.168193267995242    0.292810310877527
   33   -0.570426599068571   -0.386212705400811   -0.724881536019541
   34   -0.795831965955781    0.587074652125635    0.148306556815674
   35   -0.713003995335913   -0.245098054208707    0.656926363040890
   36   -0.524594607137281    0.840947988667779   -0.132691290287263
   37   -0.781525649219777   -0.523074393153380   -0.340015939095257
   38   -0.794783746213777    0.599792405648546   -0.092562772650375
   39   -0.720834329800219    0.232133905677737    0.653078646731211
   40   -0.576246016710436   -0.161927567700336   -0.801074273113304
   41   -0.568213681223209    0.475274837071359   -0.671749240206167
   42   -0.650828494062412   -0.719502196364405   -0.242361013249348
   43   -0.838776915313214   -0.111569381784098    0.532921719754378
   44   -0.823000379740244    0.332404863567571    0.460627161187916
   45   -0.619954107387228   -0.640253539847637   -0.453577236472770
   46   -0.665882258114523    0.703262198781542   -0.249044369728077
   47   -0.576490419605121   -0.533744774633894    0.618688380086878
   48   -0.385891005899841   -0.084180133894744   -0.918695725810821
   49   -0.750314554125427    0.543402093397791    0.376486699311490
   50   -0.734305202958646   -0.236783910375594   -0.636183345188401
   51   -0.622070870663384    0.609190218103095   -0.491848665790204
   52   -0.686694535033321   -0.462387364539725   -0.560935415773847
   53   -0.427322866888444    0.682541033837467   -0.592902103691935
   54   -0.363738878391600   -0.462338507592388    0.808663794628933
   55   -0.556827505881130    0.074121626225569   -0.827314398049422
   56   -0.347494268294538    0.937573227184507   -0.014289057676170
   57   -0.462837891980700   -0.792988778858786   -0.396169007307377
   58   -0.721439674532573    0.003517906591481    0.692468353315549
   59   -0.465383939439954   -0.645123883443371   -0.605997494980213
   60   -0.499577856423707    0.856708061723115    0.128348207426971
   61   -0.779837241638523   -0.615434274258274    0.114431335838625
   62   -0.147973392061845    0.195967745645848   -0.969381513083572
   63   -0.364304457517222    0.542036064426277   -0.757284072917393
   64   -0.563638016182356    0.115727604394324    0.817874873250896
   65   -0.383312702759056   -0.015687728643978    0.923485390828431
   66   -0.668309126679757    0.461443492146719    0.583466207035147
   67   -0.390315008200930   -0.305732590816538   -0.868436397950774
   68   -0.374181201439834    0.214107531905705    0.902300611365353
   69   -0.370002130687413   -0.780538390909506    0.503843471331300
   70   -0.485471349623038    0.316914334513490   -0.814790079268923
   71   -0.362326593411265    0.145721129804179   -0.920589372106577
   72   -0.666570105989267    0.745195457252881    0.019183959214081
   73   -0.197522472023638   -0.468017857812523   -0.861361804246188
   74   -0.273482907138724    0.376735220048553   -0.885029758526752
   75    0.160938408355118   -0.975822803491060    0.147880644111965
   76   -0.554028998448194    0.342523816756474    0.758768280724141
   77    0.050686871621043    0.098028601386119   -0.993891963120516
   78   -0.397725217102774   -0.513280131939737   -0.760498624480332
   79   -0.134490595985062    0.562934984639081   -0.815485427620249
   80   -0.227721268479704   -0.661252875027958   -0.714764058378186
   81   -0.640079614975452    0.722142428496086    0.262313551801374
   82   -0.564534523267120   -0.689490171782899    0.453766542458073
   83   -0.382125559140526   -0.635365049020651    0.671037488918858
   84   -0.440540662015214    0.826665356524017    0.350069012387868
   85   -0.032399334919497    0.377511737240677   -0.925437826837816
   86   -0.282363834432288   -0.793511932578531   -0.539082069689004
   87   -0.171624963695899   -0.026633240240975   -0.984802285918675
   88   -0.161116018802171    0.292784215097079    0.942506780811324
   89   -0.498120715288504    0.776400604423256   -0.386106014524084
   90   -0.649291004364778   -0.760346207067635   -0.017170819690350
   91    0.101698963106899    0.534801751582182   -0.838835149125030
   92   -0.378049324318956   -0.245170228619099    0.892731912379545
   93   -0.170937470466019   -0.378609572744879    0.909634636882644
   94   -0.361950112425406    0.431420675827647    0.826358467363681
   95   -0.284972032080726   -0.906696292797182   -0.310954616559441
   96   -0.478767971588017   -0.861426742238914   -0.169485094144433
   97   -0.573085772502565    0.664410874206681    0.479719592669564
   98    0.034925598377737   -0.140655776457488   -0.989442345529591
   99   -0.437020624475639   -0.849367396154948    0.295952699146142
  100   -0.177066190748443   -0.151955311074078    0.972397628303472
  101   -0.470680731567220   -0.879807025481611    0.066326818441308
  102   -0.181309803363755   -0.248862710347581   -0.951416894217594
  103    0.007980995165215   -0.386187776228512   -0.922385659693303
  104   -0.210342978339175   -0.894967520719198    0.393432291914551
  105   -0.624317470276965   -0.749229458479851    0.221094809647263
  106    0.026236879572677   -0.496080393693493    0.867880100672436
  107   -0.094004264496011   -0.889883951474724   -0.446396405859519
  108    0.169496776008270    0.284227686034816   -0.943655374283481
  109   -0.265551670604013   -0.948748724160096    0.171342255862374
  110   -0.201737213447058    0.717894488828094   -0.666280421159789
  111   -0.173456449767110    0.973332301070105   -0.150123588179085
  112    0.186416813197067   -0.687839313358435   -0.701516821434844
  113   -0.174542106231705   -0.764568107610252    0.620460040596877
  114   -0.347462318291925    0.897732143661800   -0.270826393845931
  115   -0.480750269022617    0.565591148029039    0.670064050748788
  116   -0.288282848545627   -0.954986027490727   -0.069962036361864
  117   -0.169804410386690   -0.593255325089451    0.786901888081506
  118   -0.362661557728403    0.752050702961106    0.550360186352279
  119   -0.264638503844031    0.640609767417191    0.720822854918520
  120   -0.029294492104259   -0.961392004208388    0.273618798653406
  121   -0.278716355556844    0.937252884505686    0.209461747416761
  122    0.130991872667691    0.989829275344914    0.055489953731945
  123    0.024928372744085   -0.701662500657688    0.712073248622030
  124   -0.275423302217741    0.831448989276679   -0.482529359548477
  125    0.205201397837836   -0.278893018796740   -0.938142350814544
  126   -0.102364623202719    0.993038101031792    0.058282191240007
  127   -0.041817295730782   -0.769297134322090   -0.637521162708803
  128   -0.101908789386073    0.928901071021949   -0.356030053366485
  129    0.093970032959443   -0.939154930347250   -0.330390147719411
  130    0.148508440896734   -0.835786280715654   -0.528589193939788
  131    0.203506681395806   -0.501244572658570   -0.841034427956189
  132   -0.095542836260631   -0.974663132079172   -0.202245754973726
  133    0.030375214734968   -0.265372127403451    0.963667463561560
  134    0.047712659213454    0.192021805743044    0.980230140461903
  135    0.301718198052523    0.447944563121252   -0.841612617142857
  136   -0.028194836239339    0.839269223822423   -0.542984549645700
  137    0.241995348971849   -0.005797372207584   -0.970260089641679
  138    0.101813826183946   -0.991941591759057   -0.075404398653481
  139   -0.210445264312323    0.882651474417839    0.420284624316107
  140    0.039786529076606    0.706827067082960   -0.706266613498711
  141    0.250662086882537   -0.144402242284098    0.957244227260220
  142    0.211092616672281    0.807095749531282   -0.551394920429076
  143    0.362095320407986    0.184427310207141   -0.913714149057788
  144   -0.007083836719652   -0.865609319962870    0.500669875717270
  145   -0.082490148707051   -0.995449244405719    0.047709298657312
  146    0.278507720681479   -0.940065987790809   -0.196747015529331
  147    0.051353340001123    0.985900793593692   -0.159255956441373
  148    0.434440518601912    0.725095428209594   -0.534320180964978
  149    0.273579284976291    0.650820463348308   -0.708228140727940
  150    0.405889380509042   -0.379708748421915   -0.831309254827498
  151    0.222848634156419   -0.369601126299932    0.902071778569998
  152    0.485509151156362    0.343836749342432   -0.803776806050696
  153    0.187241149288368   -0.909394979521738    0.371404796998946
  154    0.042858238813804   -0.036885836016534    0.998400023270803
  155   -0.009412558550231   -0.598812454072897   -0.800833970676028
  156    0.355798408074747    0.932834240379465    0.056813491242326
  157    0.387918919677925   -0.159871142234851   -0.907722495940492
  158    0.259429424931896    0.083450594419400    0.962149869703548
  159   -0.036563918214744    0.963507045802188    0.265174004333617
  160    0.348074475372091   -0.937331106763620    0.015954807668233
  161    0.054886638413895    0.421534773450142    0.905149651547168
  162    0.190077192265615   -0.790626007739986    0.582049118945774
  163   -0.150531077509387    0.497351272053564    0.854389903317311
  164    0.380259594593160   -0.732021223387751   -0.565285387419263
  165   -0.119206708552090    0.783181090518660    0.610259895528273
  166    0.248419289201320    0.312756728084691    0.916772101337333
  167   -0.008447704615061    0.642513288983435    0.766227975061225
  168    0.397905896441462   -0.457445238648097    0.795245088771570
  169    0.030182144918394    0.886134954045044    0.462443381775232
  170    0.391494637499332   -0.807447482056202    0.441316793845833
  171    0.442170270153680   -0.240345544369983    0.864129314103924
  172    0.212855721554349   -0.594058064098488    0.775749610558158
  173    0.205101804821669    0.561109265204249    0.801928701419797
  174    0.639665671073711   -0.116533826748474    0.759768186010164
  175    0.129291450648478    0.759473947209394    0.637560227978028
  176    0.337086380305824   -0.856645616163203   -0.390552250692123
  177    0.372921379553251   -0.676198777018040    0.635361990231873
  178    0.196449610319018    0.943969095967748    0.265197844002055
  179    0.257265755978547    0.847517775261867    0.464249880361818
  180    0.362550947993266    0.859651575583243   -0.359938854121684
  181    0.477895601837662    0.549991068133649   -0.684927455076395
  182    0.583569897434226   -0.605947815650202   -0.540623177007198
  183    0.135755773868120    0.920213030884647   -0.367121706865120
  184    0.577462027388244   -0.217559182086295   -0.786896187063199
  185    0.273406351098292    0.948626770398797   -0.159236357851669
  186    0.595383127526642   -0.426224818852825   -0.681066322211333
  187    0.654559660858864    0.398572737960971   -0.642410634197959
  188    0.547395628144812   -0.750757250204275   -0.369758809974370
  189    0.503768752663274    0.020437726109263   -0.863596748020494
  190    0.572371594188559    0.748376629343252   -0.335146503515821
  191    0.607633868927152   -0.332885670331269    0.721088213619334
  192    0.485847696962363    0.861265984727782   -0.148905738328821
  193    0.417077385954262    0.868563675126503    0.267663214462321
  194    0.630343518851835    0.591746370328963   -0.502497046204237
  195    0.722968636018455   -0.608627366366836   -0.326938954918167
  196    0.455561195319254    0.754047524002402    0.473155713127443
  197    0.748688350808632    0.592335822029621   -0.297664286241974
  198    0.403817141940764   -0.571158955763516   -0.714639183872479
  199    0.743852901654276   -0.245991732748658   -0.621426526726875
  200    0.397122109237485    0.442334671026201    0.804135603715514
  201    0.612499547560434    0.741514921494334    0.273861142624350
  202    0.692306816371382   -0.030450223115813   -0.720960509263801
  203    0.622593686736497    0.182854977594171   -0.760881829461640
  204    0.543047759677003   -0.536350139023683    0.646086417655613
  205    0.787332458967565    0.411794742771403   -0.458838412605050
  206    0.563981570211833    0.823171518532707    0.065676780812960
  207    0.679560044070430    0.724186842697343   -0.117267060025604
  208    0.745584320966464    0.658254783045552    0.103945470928897
  209    0.338299586559595    0.674893886342732    0.655798468975653
  210    0.773023873096799    0.548590221254868    0.318563746785409
  211    0.869258917018883   -0.244448287749724   -0.429690551210270
  212    0.522994864702290    0.547460479336854    0.653271302797923
  213    0.461492239484948   -0.016127049610464    0.886997650034107
  214    0.713735146747469   -0.466509658608912    0.522447010444088
  215    0.628721146085190    0.619840801928437    0.469581836030778
  216    0.384082032299405   -0.893644791720403    0.232120612388811
  217    0.451894545435008    0.211376499018222    0.866666773026915
  218    0.576023610398976   -0.671116812488492    0.466689430197658
  219    0.599990340566678    0.332257402746253    0.727747627647797
  220    0.717184563723835    0.427572043073432    0.550298509482138
  221    0.835287379632001    0.545003495719787   -0.072568471671366
  222    0.775699203540336    0.210805846174238    0.594854302199835
  223    0.749514925367472   -0.443732504777751   -0.491252318930970
  224    0.640630575876999    0.107055241888455    0.760349682998362
  225    0.878383872194982    0.452333827994638    0.154388733784128
  226    0.581444420347554   -0.769406616560024    0.264453860702304
  227    0.489554585944928   -0.853944783336049   -0.176393351330027
  228    0.741252936994872   -0.590894432263564    0.318414593441314
  229    0.674245437136312   -0.725780778096627   -0.136511364531739
  230    0.823919571791040   -0.560192317593622   -0.085680257520363
  231    0.854618829533212    0.339258136988801    0.393103768354071
  232    0.773907329026257   -0.246893584568002    0.583190366843116
  233    0.880526784653139    0.402914368773256   -0.249664961387163
  234    0.776734845876915    0.195842656479355   -0.598605573899604
  235    0.794914052816651   -0.018264891299334    0.606447064780126
  236    0.554916637350480   -0.830538528795577    0.047678902857716
  237    0.847906326299494   -0.373641057930188    0.376094697716023
  238    0.729926808243964   -0.676744732305248    0.096038647969850
  239    0.834052992117415   -0.027270950213149   -0.551009892483301
  240    0.860913561126418   -0.485171750531791    0.153088904740178
  241    0.889265556749157    0.201817664992830   -0.410458767328040
  242    0.858916207879447   -0.432860968705767   -0.273668283900593
  243    0.942433770433295    0.333850976984862   -0.019029280415621
  244    0.940883711897986   -0.263907623452973    0.212345489635340
  245    0.948989757383063   -0.233933167928562   -0.211408877119534
  246    0.933361223735684   -0.023279914932371   -0.358182734909665
  247    0.946906331504746    0.232670078009310    0.221885182369993
  248    0.899107638453487    0.104104499353704    0.425167858250019
  249    0.896974093295277   -0.138181686762527    0.419932491479974
  250    0.960902874382121    0.193415846151809   -0.198131210215752
  251    0.930723864572176   -0.364766206320779   -0.026432983981785
  252    0.988731082278813   -0.145132111000840    0.036708545220533
  253    0.971102704427173   -0.016104953794335    0.238117970589187
  254    0.993005709444897    0.110397087194986    0.041858620960306
  255    0.989243677390184   -0.021265430336167   -0.144722936040435
   
 U =    30264.8175842152     


 http://math-lab.ru/  - см. Задача Томсона
