    103
    1   -0.072126929714602    0.008572686022835    0.997358619085582
    2   -0.945884634420099    0.192628096791170   -0.261144930440104
    3   -0.895771649705281    0.083210562791785    0.436656791798953
    4   -0.789974125427910   -0.546607356863713    0.277779190323672
    5   -0.517782126729167    0.535151173295778   -0.667469018726692
    6   -0.832497916546922   -0.268585929236469    0.484570755990513
    7   -0.963414250198951   -0.218202272213500    0.155630173534759
    8   -0.967078691332893   -0.153526031917577   -0.202949654578424
    9   -0.986044206525198    0.138295673319712    0.092688346188398
   10   -0.851656735071611    0.422231702013229    0.310485419017021
   11   -0.837156507435346   -0.030229071646917   -0.546127444179488
   12   -0.868922678631403   -0.485136465939353   -0.098061144067889
   13   -0.779626566059697    0.339027450033516   -0.526538512948234
   14   -0.010629365846235   -0.343989580133127    0.938913300226140
   15   -0.516576648357415    0.846208448879255   -0.130689813746843
   16   -0.020185781926833    0.906152482935709   -0.422469184530011
   17   -0.700632269274453    0.628441946599887   -0.337898125187274
   18   -0.659169293198892   -0.751476125118735    0.027919102424777
   19   -0.594720807019385    0.166633173462112   -0.786473487919432
   20   -0.591524488887523   -0.366474671008333    0.718188759697399
   21   -0.877519235822553    0.474491566091928   -0.069409973844047
   22   -0.550498112222069   -0.651596517222420    0.521894440652083
   23   -0.804479138051820   -0.384599232949871   -0.452655218078585
   24   -0.685573708292424   -0.013951137602453    0.727869532442299
   25   -0.371594010618543    0.810763531567270   -0.452305634668632
   26   -0.197943807462208   -0.819905204816677    0.537190566002315
   27   -0.282931211619320    0.350974553298175   -0.892617943147442
   28   -0.700150199051140    0.702735346553937    0.126304122942871
   29   -0.437168514608814    0.178718101049050    0.881444002868103
   30   -0.431292871355656   -0.861065939540189    0.269354611769625
   31   -0.386169391290112    0.896972057431510    0.215207642563429
   32   -0.690147236828726    0.344973579272694    0.636152514025890
   33   -0.204336849664876   -0.665242138015111   -0.718122099421900
   34   -0.026735099491431    0.976863824712035    0.212184595162228
   35   -0.285727773056994   -0.546977280847711    0.786877051349406
   36    0.378429257791885    0.833091725052649   -0.403422203771539
   37   -0.632616534040827   -0.703936128874390   -0.322909038776418
   38   -0.187162474698354    0.975786983889579   -0.113181138607397
   39   -0.394357406638729    0.542518958313725    0.741724622551637
   40   -0.616829874456426   -0.209194989414416   -0.758787428982566
   41   -0.183098240143461    0.665263425699360   -0.723809096988370
   42   -0.365302021510880   -0.925399544768941   -0.100946102557258
   43   -0.359742471289876   -0.183113133438213    0.914907063429227
   44   -0.586924326038950    0.664639857475476    0.462356675477606
   45   -0.016425211790483   -0.976555110260037   -0.214639998701651
   46    0.185430517076673    0.975408822443844   -0.119135017670675
   47    0.134295972184811   -0.899654684515436    0.415434760804110
   48   -0.311362976932234   -0.370880951364108   -0.874928806538652
   49   -0.243862592140219    0.813910917798488    0.527332963167557
   50   -0.539943777195976   -0.555636812351747   -0.632240816641042
   51    0.160541554320855    0.728253113833897   -0.666238554518933
   52   -0.308351829998080   -0.845117426558837   -0.436687169794813
   53    0.464220710991055    0.560245073401040   -0.686020837305124
   54    0.054517307433896   -0.662192503234040    0.747347945638974
   55   -0.326140442241090   -0.019107134933955   -0.945128207879440
   56    0.548076797772317    0.831169833058925   -0.093640441885121
   57    0.239589368527468   -0.969335716453829    0.054637013969947
   58   -0.139594469382420    0.357849596796268    0.923286006712215
   59    0.067739896482405   -0.834455957351197   -0.546895384571538
   60    0.452330118421214    0.738606122273433    0.499858440070039
   61   -0.108351189153649   -0.980762255005803    0.162374317442517
   62    0.003639255396955   -0.249431232981205   -0.968385675148921
   63    0.093682514145696    0.454318306227992   -0.885899804249594
   64   -0.013332025430419    0.642034841991614    0.766559533739373
   65    0.290894829662991   -0.082151853169919    0.953221522572842
   66    0.120813211772842    0.850628146611972    0.511699056138090
   67    0.109127472036844   -0.556369655219562   -0.823737823338053
   68    0.199105525839965    0.270517522093958    0.941900875793274
   69    0.337464618821519   -0.416431986939393    0.844216815336769
   70    0.003117129072141    0.130352644669958   -0.991462793822287
   71    0.399279603412230    0.264497329724551   -0.877847914429119
   72    0.345250749896474    0.917152586741965    0.199080517199561
   73    0.413619856057575   -0.372791975561278   -0.830629133628258
   74    0.702056732042326    0.286204438955082   -0.652076195023601
   75    0.337569403744595   -0.887511159822665   -0.313641258200745
   76    0.328951262020706    0.546721494803825    0.769991346921805
   77    0.303496366198766   -0.062868775397512   -0.950756263605011
   78    0.400774025285922   -0.673607123967111   -0.620994060516585
   79    0.681267430063766    0.608905538767614   -0.406335739989030
   80    0.652716598473745   -0.658708251156155   -0.374251896368828
   81    0.656851811202222    0.459633504505618    0.597731327317085
   82    0.628831233852608   -0.473805122729857    0.616506273290347
   83    0.372398651877959   -0.705263742117490    0.603259726928554
   84    0.676737228368539    0.697371278580998    0.236008524317178
   85    0.625841179564562   -0.049130729763538   -0.778401560477713
   86    0.563380752725899   -0.824984946616700   -0.044743327031413
   87    0.694807946483563   -0.379670101869530   -0.610813008415567
   88    0.530884226151053    0.202137459492907    0.822983830882327
   89    0.811305989711871    0.579823249279469   -0.074750188311737
   90    0.495156681834635   -0.816282029786645    0.297495392034749
   91    0.887347803584726    0.298272399386462   -0.351635395313961
   92    0.616433137603359   -0.147200914610883    0.773525744627933
   93    0.805723527215403    0.116378003627596    0.580745863492135
   94    0.860689407584209    0.398749646432502    0.316563521496553
   95    0.811511194735767   -0.582581357743360   -0.045260826643259
   96    0.758809583364586   -0.576435933642740    0.303198995050257
   97    0.961544811142068    0.274630223557731   -0.003133125339953
   98    0.861852033678993   -0.039324907912918   -0.505632894164358
   99    0.850742557671931   -0.237509384085423    0.468856473813879
  100    0.965829697224227    0.034374886721946    0.256887841523518
  101    0.949758099745231   -0.293978469408354    0.107406757201998
  102    0.885615354929856   -0.351488493755309   -0.303547824683508
  103    0.987122701624237   -0.041920833332676   -0.154374271401555
   
 U =    4727.83661692087     


 http://math-lab.ru/  - см. Задача Томсона
