    275
    1   -0.008584282954571    0.000462450478342    0.999963047430109
    2   -0.992199605945098   -0.061161946590241   -0.108623930382240
    3   -0.945623710264082   -0.062291121129377    0.319242250986358
    4   -0.961415112140909   -0.272200660809452   -0.039846987363929
    5   -0.863213247707477    0.008154552265131   -0.504773604955395
    6   -0.839862332179933   -0.455459753815066    0.295275592692663
    7   -0.946927279318009   -0.271349920673952    0.172330926515335
    8   -0.933385562150512   -0.252847639618460   -0.254675211805833
    9   -0.992481968117801   -0.060768482089917    0.106239044355189
   10   -0.988901458009737    0.147179621028436    0.020299396546256
   11   -0.861380947449542   -0.218511809417470   -0.458558014340643
   12   -0.877199088007417   -0.454092751021753   -0.155953626018929
   13   -0.946345894910705   -0.033372490012804   -0.321427634306701
   14   -0.582644554226031   -0.060489097790940    0.810472943705826
   15   -0.904721379541642    0.337976978273295   -0.259327568063099
   16   -0.796472728972701    0.463681209993090   -0.388112003810913
   17   -0.875681992391587    0.213978691862116   -0.432890479948542
   18   -0.775260701298245   -0.630526694826284   -0.037509094017248
   19   -0.757735010931231   -0.132465422437612   -0.638976185055024
   20   -0.770172667323673   -0.360953012500313    0.525877348128333
   21   -0.967791345127578    0.145953317266932   -0.205128109909225
   22   -0.881585141158684   -0.466663806353990    0.070940332163223
   23   -0.822609791299120   -0.423393003056945   -0.379541165384258
   24   -0.887641686851788   -0.262031593908645    0.378723750980326
   25   -0.743183979097726    0.353772079464093   -0.567910986866888
   26   -0.527300388385363   -0.285426013629824    0.800303874257793
   27   -0.760696154955321    0.136822101792182   -0.634524288185535
   28   -0.921780419698205    0.347336626078740    0.172273404927282
   29   -0.880901959944470    0.092260956266605    0.464219401700062
   30   -0.705469340339743   -0.556495903155542    0.438891011085560
   31   -0.935958687571637    0.349400556095721   -0.043595717211446
   32   -0.959453334463487    0.143503346404150    0.242602738149649
   33   -0.555762213991224   -0.450705822547158   -0.698564687786079
   34   -0.840986273113306    0.536662867590078    0.068811735808548
   35   -0.698715304269101   -0.211460283117830    0.683433590222097
   36   -0.571414147125623    0.802506831584819   -0.171664375233747
   37   -0.751427707343087   -0.603154016691564   -0.267510061092932
   38   -0.835047597164284    0.527438099617665   -0.156539329057786
   39   -0.773803953496783    0.233943187176468    0.588640829985879
   40   -0.604245670023993   -0.241712622243985   -0.759251064210774
   41   -0.567787273345815    0.474857064556470   -0.672404922994573
   42   -0.631434393335775   -0.761426164121814   -0.146699705192009
   43   -0.837240463213609   -0.118645249151719    0.533808684466249
   44   -0.869903587418112    0.305919255765678    0.386886491814942
   45   -0.594053748247271   -0.712972367438053   -0.372519190731358
   46   -0.703240511312551    0.651695231963712   -0.284158596358838
   47   -0.618861552396515   -0.439792253097678    0.650840343771530
   48   -0.465300373219668   -0.109894055298439   -0.878304536759148
   49   -0.808533875522182    0.513274251186426    0.287789011607628
   50   -0.726967932446701   -0.354091951804545   -0.588333676463804
   51   -0.648183431845030    0.573761649736020   -0.500655378452884
   52   -0.673517769865926   -0.547407632285372   -0.496707859602153
   53   -0.450969524135872    0.660276536793813   -0.600550899808029
   54   -0.330303843328999   -0.344472261343334    0.878770864473272
   55   -0.643552674440407   -0.003075714145855   -0.765395646187704
   56   -0.373616673305435    0.923452833407114   -0.087438240493236
   57   -0.453234036388786   -0.856458722490389   -0.247097885318472
   58   -0.745122718223734    0.023540883201886    0.666511786546156
   59   -0.412225045066823   -0.785794883552137   -0.461082328009803
   60   -0.552847069458545    0.831982910787089    0.046524767053071
   61   -0.755269000215688   -0.625522697230715    0.195678543950034
   62   -0.321332315058926    0.225955122198400   -0.919613954902369
   63   -0.340828026079131    0.556228169140393   -0.757922476572458
   64   -0.615014373696077    0.163587864944472    0.771360052498268
   65   -0.428685511424606    0.088883767311519    0.899070858277108
   66   -0.741518258381854    0.452990653769865    0.494924378146290
   67   -0.411373951611417   -0.324944837308578   -0.851576376282309
   68   -0.451443721090320    0.298010687903175    0.841063729204631
   69   -0.342024662883400   -0.678202875919505    0.650430618186144
   70   -0.620441647133831    0.258089262618543   -0.740568764547139
   71   -0.496498931934414    0.118061115757237   -0.859971152733708
   72   -0.719518535301947    0.692636302081786   -0.050478018933087
   73   -0.353991108198315   -0.518594391073892   -0.778299526444176
   74   -0.443819472360368    0.369554121906590   -0.816366355832731
   75    0.091177795054470   -0.955452647237898    0.280707763653051
   76   -0.634789543942643    0.368176515216260    0.679329293159292
   77   -0.119006032993745    0.195608809097388   -0.973434516500516
   78   -0.494499920697876   -0.632500164135834   -0.596165556534372
   79   -0.105497920651957    0.583179671949435   -0.805463629820157
   80   -0.288921667289783   -0.686212488827079   -0.667560252223152
   81   -0.700358032365033    0.693453429478168    0.169177326042076
   82   -0.538885995847814   -0.629584124577970    0.559665715904147
   83   -0.436723156788620   -0.499860414287602    0.747938801341934
   84   -0.527439092965000    0.803821695503482    0.275097591865442
   85   -0.214522409589667    0.413594038786506   -0.884827727223842
   86   -0.247389855588594   -0.910931642488585   -0.330154209521708
   87   -0.295731659761508    0.012691797036041   -0.955186737608254
   88   -0.251922962849272    0.266762138097664    0.930254149395103
   89   -0.535921389760490    0.740849640631786   -0.404882790413396
   90   -0.633152215246257   -0.768974707935632    0.088295927901952
   91    0.111048496898588    0.556833055846062   -0.823167771024656
   92   -0.389208014719413   -0.128289872091873    0.912172587834574
   93   -0.179865755795800   -0.170841288935072    0.968742258749462
   94   -0.466394404861572    0.487621259325834    0.738039136203025
   95   -0.277078853343416   -0.953161223454904   -0.121288874724143
   96   -0.475857804677597   -0.879243083610274   -0.022157383665840
   97   -0.656413279449261    0.650057281737875    0.382814755491780
   98   -0.083717096445270   -0.029791065739556   -0.996044145690779
   99   -0.428457509180278   -0.785688415608905    0.446226261447038
  100   -0.223978695173219    0.049145606725114    0.973354125407666
  101   -0.470419273937591   -0.855099417943557    0.217969475249675
  102   -0.247344931262825   -0.200760340887888   -0.947900717641445
  103   -0.187264766788602   -0.406675672657022   -0.894173811061680
  104   -0.220510960132939   -0.817262820742918    0.532406234272833
  105   -0.607407508018558   -0.721647304138958    0.332086265346309
  106    0.000207256708483   -0.578824085950947    0.815452410976697
  107   -0.050783296940297   -0.969213557424218   -0.240927658970416
  108   -0.000768217461793    0.385953241385133   -0.922518024380142
  109   -0.277171457980389   -0.904097634306254    0.325243678682400
  110   -0.220328206083536    0.717733079242227   -0.660541223971283
  111   -0.094025337531325    0.984949984510453   -0.145026769649530
  112   -0.050005361021549   -0.754087362526223   -0.654867706905257
  113   -0.226002132446883   -0.550289638845202    0.803806164139762
  114   -0.400240371427862    0.870100589386465   -0.287632768349876
  115   -0.575375077408430    0.582766489026139    0.573869967471195
  116   -0.300309881627018   -0.948802445503376    0.097917794113125
  117   -0.121971151164755   -0.383522465381774    0.915441727709105
  118   -0.456987247555884    0.748524598436782    0.480493060414353
  119   -0.356835544308256    0.655291261077492    0.665779060555152
  120   -0.063047212008528   -0.905473950322106    0.419692714192219
  121   -0.375677465548878    0.913807319158649    0.154345797904751
  122    0.012882268709557    0.997613634792241    0.067831282086568
  123    0.162415556523904   -0.683119268539968    0.712017732889041
  124   -0.323708852481979    0.810363739781248   -0.488388357838873
  125   -0.026960824848906   -0.253230378777131   -0.967030242126821
  126   -0.208293830285662    0.977652334511667    0.028453349342649
  127   -0.210364652768397   -0.824276407081540   -0.525656843952763
  128   -0.202503099722213    0.927952716888795   -0.312883764074774
  129    0.148514413027809   -0.978346910948037   -0.144155440276946
  130   -0.023288677269242   -0.893893854457358   -0.447673334558153
  131    0.038915478696100   -0.461820299715733   -0.886119402952178
  132   -0.081321673303065   -0.996325787673063   -0.026864665805489
  133    0.092067272308992   -0.408326866977612    0.908181032104189
  134   -0.043285926661873    0.221011754974863    0.974310080372750
  135    0.208354206071887    0.343258114876583   -0.915839719265073
  136   -0.104341389742438    0.853979577137690   -0.509736948060810
  137    0.125562264087775   -0.074148020905631   -0.989310966700021
  138    0.119035062659174   -0.990485276185532    0.069062084513840
  139   -0.313040678273038    0.876423109911819    0.365907182436819
  140    0.005552665772352    0.732433516816139   -0.680815915903237
  141    0.224594547554869   -0.079593707715540    0.971196237070921
  142    0.117896214494243    0.846593729809121   -0.519017860247418
  143    0.085003133805322    0.156892368179826   -0.983950838228313
  144   -0.108538272672504   -0.715745901242596    0.689874806192902
  145   -0.105758419221606   -0.975771163784549    0.191535356240812
  146    0.355910358399524   -0.906640448733797   -0.226563266006875
  147    0.132986647673387    0.983064723683855   -0.126088463346096
  148    0.325064817254978    0.804756540967403   -0.496688810376445
  149    0.221367176074005    0.698147057008814   -0.680872425750193
  150    0.189012915725164   -0.300092328241598   -0.934996637544547
  151    0.255596683512016   -0.514223195753167    0.818684823559750
  152    0.410710216388767    0.288265213815218   -0.864997274364468
  153    0.051537192839800   -0.812898435099039    0.580120721891337
  154    0.042449999283996   -0.208912741671340    0.977012519842071
  155   -0.122373717925666   -0.593731820259650   -0.795303211845779
  156    0.227389291062975    0.968841697200306    0.098182870582953
  157    0.328092160233125   -0.117010869117999   -0.937370786242996
  158    0.168926109568777    0.136876143313707    0.976078322112280
  159   -0.147343733071328    0.959696528410268    0.239316521957604
  160    0.332314148830273   -0.943166949398249   -0.001847173519906
  161   -0.075728824462237    0.437217692038063    0.896161723638360
  162    0.318108961964330   -0.752799882242593    0.576280335959431
  163   -0.276019604468959    0.473855591090852    0.836226079921416
  164    0.147929474815758   -0.810058833984760   -0.567381314429710
  165   -0.234577784724480    0.793792857835877    0.561129362769858
  166    0.127835408423352    0.367898342676845    0.921036871036586
  167   -0.153432465754974    0.639026547708023    0.753726442269816
  168    0.447978648044199   -0.389337571599902    0.804817610541160
  169   -0.080113436440053    0.894534211221532    0.439761733505812
  170    0.529465099600229   -0.671385280274893    0.518563895518694
  171    0.274000131456959   -0.290617053583884    0.916769140038969
  172    0.410833677184142   -0.592596178380449    0.692853129501659
  173    0.054089161425686    0.592037379195940    0.804093342996364
  174    0.444694979461164   -0.164408282962851    0.880463679963712
  175   -0.026008352891189    0.772271362228995    0.634760197760430
  176    0.170886712517545   -0.918956623914040   -0.355410262723877
  177    0.594947338783374   -0.474978726877727    0.648407952671924
  178    0.079053798032277    0.956065731346057    0.282292072794121
  179    0.134937147764762    0.862121573276236    0.488403889260537
  180    0.243000234907873    0.917182384255278   -0.315796389856695
  181    0.320029623446409    0.507379049060851   -0.800092207617882
  182    0.346819197397459   -0.822084131025776   -0.451546371740687
  183    0.025722075043530    0.941797457708106   -0.335195351265502
  184    0.256918915441273   -0.506048827930816   -0.823351234066196
  185    0.346172044139629    0.933602878071188   -0.092469356618209
  186    0.304944235161686   -0.692166096173403   -0.654152206103233
  187    0.518656358701323    0.438366331324438   -0.734050775586974
  188    0.525993765894920   -0.792463162057753   -0.308759931048554
  189    0.286303434442661    0.110366850523695   -0.951761262991837
  190    0.446085672891421    0.851830119930323   -0.274577892810948
  191    0.614318150700396   -0.256134656428467    0.746329851671710
  192    0.545677004337081    0.836753036831025   -0.045617565605431
  193    0.291472218629519    0.902994396461475    0.315666066795852
  194    0.425550888774804    0.638913173348308   -0.640855988491151
  195    0.500841690860630   -0.687914811478796   -0.525291169584981
  196    0.342419766551173    0.790089454275364    0.508436188442461
  197    0.516643851821634    0.729794383028539   -0.447749136096206
  198    0.107331789370039   -0.645665228635140   -0.756039879584509
  199    0.393356936176535   -0.340235726344454   -0.854113558773464
  200    0.255366797492722    0.513241942441342    0.819372020060088
  201    0.496962512178450    0.804010244817592    0.326490103552373
  202    0.515708254967115   -0.153758260555552   -0.842854313075340
  203    0.482457754403762    0.067948176625577   -0.873279772185832
  204    0.746528385775137   -0.333107896073320    0.575963973530962
  205    0.616175477046762    0.542624355738316   -0.570864773870111
  206    0.431628824260319    0.892444858446532    0.131296354481016
  207    0.733313965001081    0.679431094938668   -0.024980311543995
  208    0.631749853639667    0.759867506449234    0.153275878953219
  209    0.178397978850937    0.719826022055284    0.670838772816514
  210    0.705938613971827    0.493124923577116    0.508407792082890
  211    0.574153713540288   -0.374695902275990   -0.727976987304873
  212    0.371643879030368    0.635185245751535    0.677067596890312
  213    0.393018674934561    0.051492739546809    0.918087587829531
  214    0.836287099721299   -0.394888761202345    0.380377119600818
  215    0.537525336901917    0.678537659825441    0.500652730330212
  216    0.208383422638302   -0.873540593263052    0.439889964753893
  217    0.325864737570418    0.270079139283119    0.906018449774756
  218    0.699693736124206   -0.546784425779182    0.459842872461757
  219    0.445960756556949    0.406022254924514    0.797662166657769
  220    0.550014907809313    0.521718428129858    0.652145292812287
  221    0.631960292881978    0.743724190121650   -0.217946133823061
  222    0.648553012622981    0.328514842289567    0.686627255658495
  223    0.448289048916952   -0.544967970529162   -0.708552637224971
  224    0.535056953295049    0.191490136173987    0.822827797585065
  225    0.828745831310338    0.441263471555782    0.344190202876661
  226    0.426548895221585   -0.820973018941859    0.379551501320618
  227    0.520906454473556   -0.850325444472354   -0.074853885474855
  228    0.617468532404003   -0.721874593819968    0.312457488769438
  229    0.678157018680759   -0.719982033979707   -0.147407356534430
  230    0.671332226882400   -0.640764894368157   -0.372469315910026
  231    0.798841592459650    0.283724474551666    0.530426745834814
  232    0.752153239988789   -0.108661459958462    0.649967838199755
  233    0.688053718093315    0.616898717888129   -0.382123086041588
  234    0.607243720911181    0.235683657827273   -0.758754424598038
  235    0.595247115364902   -0.028335978915791    0.803042927836767
  236    0.299819649496582   -0.927844780924028    0.221838320151835
  237    0.774496234187715   -0.582672354432476    0.246269183230797
  238    0.492837673932436   -0.855888177616322    0.156736896005625
  239    0.679528426127168   -0.186697112399288   -0.709496516063963
  240    0.661503268281173   -0.744724061072148    0.088314771774231
  241    0.716881134026753    0.348465912217631   -0.603865007844345
  242    0.639939008835378   -0.521407101971480   -0.564457880611562
  243    0.685545862481495    0.644431888492432    0.338724683967053
  244    0.799659357996387   -0.599998076889925    0.023392710343156
  245    0.755766342693418   -0.327317900620963   -0.567168605605865
  246    0.662745870880351    0.026209505678192   -0.748385577388521
  247    0.908764176476982    0.222204113578796    0.353232223134830
  248    0.716667371260497    0.117677726749831    0.687415326856741
  249    0.866539755696571   -0.174322640719397    0.467675602025531
  250    0.799334184325783    0.578305361346207    0.163180178963219
  251    0.799567945447895   -0.450414765458403   -0.397262683459301
  252    0.807340989021482   -0.552908208876212   -0.206138400117773
  253    0.896766801539645   -0.413122974292693    0.158551921363044
  254    0.878138743118073    0.477916596677387   -0.021635028433411
  255    0.800660664143940    0.563115080799893   -0.204557832087444
  256    0.850301932128323    0.058494592403494    0.523034422269117
  257    0.785969725766892    0.140410393126548   -0.602110049475978
  258    0.903088695036454    0.362621900342377   -0.230078608934943
  259    0.882273632075880   -0.215920922154392   -0.418295820585899
  260    0.941820282145138   -0.003605602358962    0.336097539074122
  261    0.964389639547900    0.261487138292304   -0.039712713837934
  262    0.914049347341110   -0.327865303744519   -0.238784700568956
  263    0.937315698437478   -0.232724527526366    0.259381139927893
  264    0.811983419304294   -0.077046610550692   -0.578573026140657
  265    0.913050564853502    0.012217706398078   -0.407663333733942
  266    0.968926288313779   -0.110619125140718   -0.221235749750319
  267    0.917062990871591    0.363962329367142    0.162870787974073
  268    0.977310458187835    0.146392914418579    0.153079662021836
  269    0.797445211377381    0.435431849319967   -0.417708318625663
  270    0.873181409027814    0.233292894247038   -0.427935336729795
  271    0.961065373066672    0.141180234581656   -0.237532082160887
  272    0.904514645126244   -0.423427266639957   -0.050622194914484
  273    0.974226106158908   -0.224966755081145   -0.016536420008938
  274    0.988520009853881   -0.075626955980523    0.130800434432014
  275    0.998024346927888    0.029019003471782   -0.055725222087200
   
 U =    35295.2844363094     


 http://math-lab.ru/  - см. Задача Томсона
