     78
    1   -0.367067759737794   -0.070739107205264    0.927500532869324
    2   -0.929017722590144    0.139875322694631   -0.342579866913533
    3   -0.883827342497270    0.074588403548790    0.461828754746016
    4   -0.689843578329376   -0.564445496502368    0.453339959540208
    5   -0.319425574445133    0.263656549711541   -0.910193675095912
    6   -0.696794365271847   -0.209016209029091    0.686141265985738
    7   -0.923481034478407   -0.274910591610108    0.267594741314681
    8   -0.965525624736905   -0.220499719743329   -0.138347900488310
    9   -0.986158431539627    0.150013042793122    0.070623189500706
   10   -0.809370731082461    0.460086860925831    0.365019314653975
   11   -0.791021511374137   -0.181202355689000   -0.584337808836749
   12   -0.786881175119418   -0.615018530380801    0.050697372031731
   13   -0.752809393925542    0.491859578849507   -0.437438191189845
   14    0.336043197132373   -0.181892885326466    0.924115765436705
   15   -0.203100325758340    0.862453087757602   -0.463599966667638
   16   -0.035385918967504    0.634915210794909   -0.771771022933669
   17   -0.556930643770691    0.792732588173889   -0.247796896018274
   18   -0.470700102113967   -0.872030628032877    0.134178976156800
   19   -0.673220749757948    0.194865438016881   -0.713303079456296
   20   -0.394914667071634   -0.475043710043211    0.786368793429700
   21   -0.849484346793093    0.525784031943408   -0.043903260776907
   22   -0.353683979956719   -0.782074579291596    0.513095502560535
   23   -0.785284974010884   -0.512345399627790   -0.347605668930996
   24   -0.629779996630670    0.232596956234234    0.741131440295473
   25   -0.440077555400040    0.591101771028245   -0.675966302059797
   26   -0.004855340080879   -0.707822268778962    0.706373882227607
   27   -0.058067416774621   -0.087107059468576   -0.994505171077486
   28   -0.591118240980111    0.783521697068698    0.191501893993679
   29   -0.272407652617856    0.344659641599616    0.898333903539020
   30   -0.061756320978135   -0.955003960442632    0.290092385901686
   31   -0.263197818805017    0.964576878613887   -0.017842461146746
   32   -0.513980606749065    0.618269466029509    0.594614836058981
   33    0.194160266696380   -0.901497079274968   -0.386787806032058
   34    0.141802982328379    0.972136669491995    0.186660681536816
   35   -0.030822815135391   -0.355558246765720    0.934145752666048
   36    0.274168694740872    0.796967476041935   -0.538214054959024
   37   -0.520288832519365   -0.808815013635070   -0.274076274920210
   38    0.099193873798678    0.971344608134052   -0.215986637664734
   39   -0.129897291083706    0.679541325811491    0.722045899014374
   40   -0.469604881251932   -0.148740692559031   -0.870257124004979
   41    0.083336655977673    0.291892388739698   -0.952813641362408
   42   -0.151735357430212   -0.978355897709585   -0.140698680599347
   43    0.034077942270731    0.080772269909891    0.996149855325089
   44   -0.223656529980075    0.893759262956296    0.388808611629284
   45    0.246456137406768   -0.968967980620361    0.018984858888995
   46    0.485253324029358    0.861193403441675   -0.151245275585732
   47    0.305218192568342   -0.835673708461894    0.456608484273847
   48   -0.181208501261912   -0.463661701040788   -0.867283867057594
   49    0.216332721677738    0.800975414122499    0.558245948935408
   50   -0.524404306056602   -0.535310215768892   -0.662150358062846
   51    0.401474285893496    0.486983083637771   -0.775671240937135
   52   -0.217278596417926   -0.810068028100155   -0.544591407743992
   53    0.659302921025999    0.600792668729866   -0.452070600157796
   54    0.378063039643561   -0.545041738146741    0.748330035300903
   55    0.262179715463990   -0.336731487332067   -0.904363700199403
   56    0.795493443503159    0.604109768113153   -0.047345215320652
   57    0.694675508096865   -0.542852769789624    0.471950006655467
   58    0.495012616958913    0.182928771708948    0.849411309986242
   59    0.573657664562215   -0.784484603313105   -0.235586058699800
   60    0.526799527641120    0.546849701275155    0.650720878635661
   61    0.587797380351458   -0.791156595605785    0.169013256525718
   62    0.127936486505686   -0.680059958015180   -0.721907687259924
   63    0.408359434587937    0.054025351016349   -0.911221067376397
   64    0.177008434754484    0.451909143612874    0.874326106178265
   65    0.683363683738787   -0.202448158472604    0.701447659400191
   66    0.520483723062998    0.813191860210971    0.260414462949163
   67    0.506986666097877   -0.611264482707634   -0.607717247228617
   68    0.808945313208242    0.167857057984812    0.563410585916792
   69    0.920258022312433   -0.186508983972164    0.344005190756302
   70    0.638970680911950   -0.241077068900278   -0.730478141894314
   71    0.708417213927125    0.230129211350577   -0.667222299608528
   72    0.786515037875537    0.511427125108083    0.346173931571002
   73    0.813422301347330   -0.463330533052332   -0.351666001786148
   74    0.917481169519235    0.289233695276179   -0.273079060153837
   75    0.858933521430702   -0.508642542693334    0.059295611347834
   76    0.968035878060935    0.205293562054089    0.144087099234939
   77    0.884638636582461   -0.073111214337891   -0.460509753429353
   78    0.987839098373643   -0.136380044350461   -0.074661899435488
   
 U =    2662.04721336843     


 http://math-lab.ru/  - см. Задача Томсона
