     38
    1   -0.346981539010504    0.001492835597077    0.937870770963560
    2   -0.840097210600951    0.116714119631087   -0.529730583428257
    3   -0.807058616361954    0.287525460674714    0.515737820234004
    4   -0.983063501231386   -0.180014063574705    0.034366982148733
    5   -0.508393355469671   -0.227253087331470   -0.830597514090070
    6   -0.769255946593649   -0.263114752095823    0.582250732811787
    7   -0.913590940388310    0.403671043477200   -0.049002880511581
    8   -0.767873767848053   -0.515123008409599   -0.380812503547190
    9   -0.574567956397387    0.787777354742927    0.221987618653761
   10   -0.348997597558574    0.553736108258457    0.756027115458912
   11   -0.177527096282143   -0.693006633919130   -0.698731661963094
   12   -0.664519421626409   -0.711107368337384    0.229652452583427
   13   -0.564724774093107    0.693862802213429   -0.446811303829723
   14    0.208597259083717   -0.159900742594645    0.964841404594787
   15    0.051486803872354    0.789881690029460   -0.611094121051098
   16    0.049488665196167   -0.184112062441413   -0.981658606889723
   17   -0.147924279183767    0.981818552139793   -0.118956875808349
   18   -0.354381323431752   -0.909298277537877   -0.218152515615592
   19   -0.345404700068292    0.352413335982184   -0.869770333934563
   20   -0.315288825693959   -0.579616007907073    0.751424141061752
   21    0.000148203723182    0.897021774682120    0.441986327595997
   22   -0.074138430686205   -0.955341358173358    0.286053111255358
   23    0.257042792580124   -0.939306585440976   -0.227227069975884
   24    0.199720912767322    0.414085433795462    0.888056760867126
   25    0.257265464931848    0.350794016366529   -0.900421034091740
   26    0.230976350292174   -0.695091360134189    0.680806820377491
   27    0.398110260000232   -0.610007602802100   -0.685126955684990
   28    0.438728001230097    0.893549681242733   -0.095324226131947
   29    0.725603293789034    0.206261281209419    0.656472500502765
   30    0.601497922620852   -0.771572277470208    0.207066341355217
   31    0.653909388507369    0.558402902020461   -0.510478903224263
   32    0.524447795612376    0.713693034595670    0.464323983923880
   33    0.803758439075479   -0.526487703962342   -0.277097580630743
   34    0.884325492479483    0.458422086791732    0.088417270329017
   35    0.681918849248315   -0.354536556901363    0.639758167482354
   36    0.629722614894561   -0.083525236692823   -0.772316621034252
   37    0.966838973610013   -0.169357984329357    0.191155099991168
   38    0.939402197581030    0.067594775391477   -0.336086979098725
   
 U =    593.048943609215     


 http://math-lab.ru/  - см. Задача Томсона
