    265
    1   -0.002274107534462   -0.000049311436041    0.999997412998306
    2   -0.995701267465527   -0.010964677148264   -0.091971527238470
    3   -0.936941446502382   -0.083744695271213    0.339304511965219
    4   -0.970970049669427   -0.234806178564635   -0.045642317566294
    5   -0.866290715912314    0.086569229995785   -0.491981873590956
    6   -0.834074533717003   -0.485800584642512    0.261376097158399
    7   -0.947757099025575   -0.273694444295867    0.163853081778168
    8   -0.946990406098631   -0.186403083301789   -0.261654469277205
    9   -0.990864613949197   -0.047223745358440    0.126321948598135
   10   -0.982329420621169    0.176081458245138    0.063436814582265
   11   -0.872265068945362   -0.138728488641289   -0.468943553039219
   12   -0.896296377979687   -0.407590330477935   -0.174708114640910
   13   -0.951072255399363    0.042926877194782   -0.305971972938492
   14   -0.573037463148879   -0.159286078483404    0.803900498214348
   15   -0.888670782618616    0.401851281352587   -0.220861467429926
   16   -0.772395852240056    0.530372776547088   -0.349441504890432
   17   -0.866631238971294    0.290035834573919   -0.405992007682527
   18   -0.782382237682970   -0.618041550426082   -0.076828875464328
   19   -0.757332368574558   -0.034427146646800   -0.652121503312848
   20   -0.758941700771647   -0.426145025137419    0.492349380400207
   21   -0.963488363899044    0.209216307289547   -0.167088926608765
   22   -0.886513476738598   -0.460639775174704    0.043644622668115
   23   -0.846691406883181   -0.353265385784023   -0.397890975918085
   24   -0.881317367893078   -0.296681809288590    0.367776564081054
   25   -0.723884507820839    0.430360159617791   -0.539241460155589
   26   -0.505013146314735   -0.403393342616008    0.763043598480700
   27   -0.754569199241096    0.215422415477789   -0.619853616966431
   28   -0.908564041767252    0.350196142500687    0.227758740304723
   29   -0.863719460694722    0.054100902246995    0.501060660592388
   30   -0.687491183452696   -0.618925052487727    0.379852145022081
   31   -0.922173862775896    0.386744650691741    0.004893053678963
   32   -0.948082465571338    0.136167006709310    0.287398999232773
   33   -0.580717738827493   -0.366884283919617   -0.726748120069033
   34   -0.822971682593714    0.550862963468143    0.138807799233209
   35   -0.680933082223642   -0.301324233790353    0.667483216016753
   36   -0.545415010186071    0.832699631942929   -0.095570861803366
   37   -0.779272306735256   -0.552260194134979   -0.296215040012336
   38   -0.813489625489591    0.573226761519936   -0.098212570978318
   39   -0.746606799318536    0.184967404748948    0.639034698894958
   40   -0.608208771912296   -0.147430306531069   -0.779965636733498
   41   -0.548102815156359    0.547005232909749   -0.632746852372278
   42   -0.640754915502442   -0.741042889465837   -0.200720139078224
   43   -0.822265973095857   -0.176464465358573    0.541053566622045
   44   -0.850603212044114    0.280139464531580    0.444967477544366
   45   -0.630557684877117   -0.656151788521333   -0.414562222667075
   46   -0.676503315463448    0.701220353185554   -0.225018400237159
   47   -0.602225227210067   -0.533231656775581    0.594128585345085
   48   -0.448312099425510   -0.033089787465408   -0.893264421923422
   49   -0.789247775203913    0.493487037598721    0.365456554268372
   50   -0.746046401225151   -0.263933558435969   -0.611354106840159
   51   -0.613260213893746    0.650517490171183   -0.448038954820205
   52   -0.706939170215954   -0.471201942820189   -0.527452119814546
   53   -0.418314454743451    0.745024623457953   -0.519568404922801
   54   -0.294487752489091   -0.472835632539687    0.830483851880768
   55   -0.620806022145528    0.092696820295163   -0.778464631422014
   56   -0.385218704412569    0.922515148498277    0.023923849228414
   57   -0.463388055377007   -0.827210921798992   -0.317794903971694
   58   -0.729002472326314   -0.043863330870684    0.683104240615626
   59   -0.451533558900248   -0.729924145455080   -0.513155129632890
   60   -0.547601830029271    0.821934760043822    0.156701901648633
   61   -0.744824193506239   -0.651052042378660    0.146178517171151
   62   -0.251720480661150    0.300643419991419   -0.919918655986269
   63   -0.343474600064984    0.635680758930597   -0.691328555634454
   64   -0.590022408467604    0.081250484940638    0.803288190005927
   65   -0.409116325970664   -0.024604754193376    0.912150446963300
   66   -0.710243210051664    0.410551190656781    0.571841151392419
   67   -0.422390017014558   -0.266670684585856   -0.866298689545905
   68   -0.415224729731925    0.201046030795577    0.887225403897112
   69   -0.302033932614682   -0.775483701597893    0.554437130886216
   70   -0.606188198398775    0.328321284389402   -0.724390089895590
   71   -0.450324367381108    0.201586250667453   -0.869810868916136
   72   -0.697982298021718    0.715572567516110    0.027867763934769
   73   -0.378727490072107   -0.483119145168822   -0.789405713074734
   74   -0.430572098927865    0.425397493761873   -0.796017989699963
   75    0.157125301180807   -0.983021369603784    0.094766168177999
   76   -0.593241095590594    0.305373723683518    0.744856960352882
   77   -0.052383397531015    0.212877875198519   -0.975673608290227
   78   -0.530687604110609   -0.561908594897867   -0.634530848598590
   79   -0.091252101816608    0.649769787284570   -0.754633869797941
   80   -0.310577432379653   -0.674142546560724   -0.670129454219918
   81   -0.682838445718596    0.679388274584108    0.268632145146929
   82   -0.507922429382600   -0.717669363075380    0.476408953560967
   83   -0.414996826319935   -0.610945877436442    0.674183038193485
   84   -0.500947351167563    0.768760276346339    0.397566835727155
   85   -0.231902670855179    0.505081007640141   -0.831332861717528
   86   -0.263087630039753   -0.837866093591634   -0.478294164850002
   87   -0.261664626235789    0.079339468065727   -0.961892339185593
   88   -0.217069177824365    0.122397616608952    0.968452268047890
   89   -0.490284261908977    0.811345936056185   -0.318338050772261
   90   -0.618535452258845   -0.785434107897987    0.022520134312204
   91    0.118170450374312    0.577364874095193   -0.807889563504427
   92   -0.387002360275767   -0.251658730857546    0.887072182138610
   93   -0.177845072315804   -0.320222152083440    0.930499276500545
   94   -0.410550778685699    0.413767362577591    0.812554384509831
   95   -0.265443556710457   -0.926956584558556   -0.265124892351583
   96   -0.457927300232438   -0.882667862355251   -0.105830205834827
   97   -0.626277633182741    0.610743135399149    0.484529822341041
   98   -0.057046724954394   -0.015993357403360   -0.998243399021975
   99   -0.375952519286870   -0.860110074465871    0.344775815631216
  100   -0.202884972539318   -0.102792380599482    0.973792285042560
  101   -0.428195614249112   -0.895601040849547    0.120612153479796
  102   -0.247697878974037   -0.151206712674812   -0.956965146070556
  103   -0.213120824831952   -0.377695180975127   -0.901069289395169
  104   -0.159023838771749   -0.897100191627530    0.412216769290316
  105   -0.575282620443012   -0.777242372567412    0.254841521149915
  106    0.011859880172192   -0.644848005215655    0.764218812521448
  107   -0.065846544437559   -0.906365710503175   -0.417331320906673
  108   -0.037685036199840    0.436699708845657   -0.898817669130250
  109   -0.219295698716154   -0.956609175276330    0.191854846959190
  110   -0.187978011501761    0.780797840157785   -0.595834708620421
  111   -0.156251958777030    0.985524155425737   -0.065783466393378
  112    0.058571975605970   -0.661952868737826   -0.747253453149181
  113   -0.202169864118422   -0.642424427214372    0.739201056114387
  114   -0.331898137379962    0.922321924661497   -0.197903748555767
  115   -0.527375215511060    0.528187917512000    0.665501995383184
  116   -0.258548076217208   -0.965153362560117   -0.040396522415663
  117   -0.029916865782130   -0.471239284259626    0.881497883214843
  118   -0.402040848669840    0.695178969700561    0.595893745634993
  119   -0.283806384593036    0.577380180397117    0.765562579642463
  120    0.000239118023477   -0.964866595717199    0.262740166879132
  121   -0.365220142796005    0.891088633417373    0.269398022803480
  122    0.017201433584819    0.990638276979005    0.135424941819057
  123    0.168298793059773   -0.745668439040872    0.644712412842325
  124   -0.263655447689865    0.875799372642826   -0.404303430336534
  125   -0.035572440735174   -0.249710352783320   -0.967666957776782
  126   -0.202459741043748    0.968484110791786    0.145081288939488
  127   -0.105162541398565   -0.769358618616177   -0.630101702781069
  128   -0.088194773161773    0.958682371654430   -0.270462182691003
  129    0.146044808160812   -0.925763826528141   -0.348758156178813
  130    0.099688072907858   -0.824343573634496   -0.557243179166355
  131    0.005622782516369   -0.470090231086249   -0.882600452613781
  132   -0.057324945090647   -0.978199519124498   -0.199598475582744
  133    0.180577177656298   -0.370417764544663    0.911143546659592
  134   -0.019432021511095    0.229142056837763    0.973199010648979
  135    0.151969387758336    0.340985639564564   -0.927703669710917
  136   -0.026971868290203    0.884394226380752   -0.465960696481288
  137    0.149547232956315   -0.109239602978319   -0.982701548923298
  138    0.155350868960332   -0.979097528567222   -0.131278852321411
  139   -0.274983824468973    0.840965463424522    0.466005349333671
  140    0.056912251853428    0.764105056184795   -0.642576422460242
  141    0.204443244890139   -0.117466650689752    0.971804787801811
  142    0.200712283593443    0.850031028276664   -0.486992638734533
  143    0.152930014437384    0.116731044852307   -0.981318640326306
  144   -0.080904978277761   -0.789690522385881    0.608147402644942
  145   -0.050841653296378   -0.998327954190151    0.027503130232744
  146    0.359442158527218   -0.894274115529283   -0.266599214116646
  147    0.070762096244993    0.994062662751588   -0.082656810114098
  148    0.400764487263217    0.763550689463964   -0.506338000122207
  149    0.264721773453786    0.688495534975377   -0.675200918970384
  150    0.180492203919226   -0.338619548057957   -0.923449709511788
  151    0.210690337883152   -0.560496617791141    0.800907686919894
  152    0.351460830722572    0.238268297984435   -0.905374785734284
  153    0.071461426085250   -0.875332030685459    0.478212401175392
  154    0.016227944289059   -0.231642817284905    0.972665543249304
  155   -0.157496757879673   -0.586188247706162   -0.794718887096922
  156    0.234745033275353    0.964525382967153    0.120770670962034
  157    0.347632898524700   -0.208166913393728   -0.914230771759212
  158    0.189376963441535    0.125336336391455    0.973872254711896
  159   -0.110165700681346    0.933902559270373    0.340131633609160
  160    0.364116766758323   -0.929809343907830   -0.053605635404827
  161   -0.039792063490879    0.446176233189377    0.894060043073214
  162    0.323553058114896   -0.802512162971695    0.501285993088766
  163   -0.226079032540540    0.352288405080514    0.908174625659273
  164    0.262731088114869   -0.705126133791844   -0.658611805832346
  165   -0.173455975105809    0.751588562438388    0.636417832490488
  166    0.169792117679839    0.358410322944617    0.917993832866284
  167   -0.072438770980863    0.621176623902934    0.780315465933705
  168    0.403168406488198   -0.451709701978559    0.795872842323577
  169   -0.010498572891212    0.856917069475654    0.515347374116242
  170    0.539017250070229   -0.684559607600519    0.490753041527560
  171    0.369493504432288   -0.251544245275118    0.894539011363573
  172    0.382778906119897   -0.643467576816224    0.662895004217042
  173    0.153756875382464    0.564078333168060    0.811279518614247
  174    0.535827062749109   -0.122765699900168    0.835354979486975
  175    0.088335934016360    0.737044045217340    0.670046892516574
  176    0.322299419639017   -0.820540358090543   -0.472055722182240
  177    0.577285032337996   -0.516681919458117    0.632282994823991
  178    0.126189491414524    0.934418234885632    0.333074728206395
  179    0.229830358482284    0.828914479084620    0.509979208089681
  180    0.373054987740227    0.873836990964947   -0.311831507938929
  181    0.309504523574927    0.466845018066506   -0.828409728934385
  182    0.490148266452298   -0.682728046836251   -0.541882912589948
  183    0.146458672530744    0.944941505260341   -0.292635283034794
  184    0.446521341299199   -0.371142303824268   -0.814169565923696
  185    0.288857473398503    0.952074302371331   -0.100577745182399
  186    0.421323927024584   -0.558868762578162   -0.714249154518881
  187    0.508688310979338    0.345200812072724   -0.788715792676500
  188    0.538107097086828   -0.769653170667524   -0.343620064819000
  189    0.356531357386173    0.014652269065533   -0.934168454943542
  190    0.580165302008132    0.745997835112161   -0.326948699880855
  191    0.578867900489208   -0.324357601112958    0.748133744983785
  192    0.489364850706875    0.864019020476186   -0.118292751882818
  193    0.350184865549558    0.881423567183340    0.316959074887962
  194    0.446668159207596    0.566874179035038   -0.692200274987990
  195    0.677639033911217   -0.599422767552019   -0.426025451657703
  196    0.443992087991826    0.745074458523677    0.497729923810401
  197    0.570326164570870    0.636175693782819   -0.519623471992778
  198    0.232780831737112   -0.521794388739450   -0.820697081910129
  199    0.639126437276390   -0.287283725722079   -0.713432167840524
  200    0.358248529066247    0.477059301247210    0.802541222938357
  201    0.552271589752265    0.777089127695794    0.301875104587140
  202    0.534784786873972   -0.128069853440697   -0.835226522787584
  203    0.540461815565537    0.109366576674926   -0.834230170769441
  204    0.741923336649028   -0.379961481890729    0.552430117584998
  205    0.634849875683244    0.443805613440340   -0.632457281422084
  206    0.441561507555057    0.891285489420000    0.103119403581750
  207    0.662657690929306    0.738658692763861   -0.123564235345930
  208    0.628299316881641    0.772265900093066    0.094049710044795
  209    0.311012439040610    0.672118391150023    0.671958429547480
  210    0.806888433577614    0.449607561003139    0.383124127206149
  211    0.790275695797550   -0.188351320396234   -0.583084989291178
  212    0.513007635396904    0.568890328926268    0.642796203845853
  213    0.380222127456016    0.011160482323229    0.924827863673632
  214    0.856710972434347   -0.383580738533677    0.344836376759404
  215    0.639816856781147    0.619365012093588    0.454996012700114
  216    0.220685759699810   -0.917544997824649    0.330770271385870
  217    0.364413770414125    0.261047928076725    0.893899649389913
  218    0.716528992470362   -0.556383194463244    0.420742134648151
  219    0.545183142506329    0.366129053221113    0.754138486960012
  220    0.692685596456856    0.432412400946481    0.577240140642444
  221    0.779804147829837    0.588260444279780   -0.214138134677449
  222    0.706277226865722    0.226118495738327    0.670852371759914
  223    0.608734749856962   -0.487840674815894   -0.625662433195214
  224    0.536699093707646    0.146384809621803    0.830978682232811
  225    0.877873786284371    0.447952478180633    0.169340463701306
  226    0.465916258387628   -0.820876910396228    0.330277365480010
  227    0.555898026340207   -0.821529599350718   -0.126753704883567
  228    0.653573270577509   -0.708247285543581    0.266885298408825
  229    0.711276480975852   -0.672523628376875   -0.204444948300051
  230    0.824115118971587   -0.491685831072549   -0.281210444693904
  231    0.836269154875437    0.246299861151819    0.489888027002617
  232    0.729627479296548   -0.186779814571363    0.657842718530845
  233    0.729574304504034    0.540083883663361   -0.419560165905387
  234    0.683735754627088    0.214545086482855   -0.697478188698823
  235    0.676210404030533    0.010537188789885    0.736633190355464
  236    0.357098173637034   -0.919659865564920    0.163421620522524
  237    0.806892191526552   -0.557618811059363    0.194900622898494
  238    0.547822226714888   -0.830767788115625    0.098568200483795
  239    0.693683614535256   -0.033553034033525   -0.719497906065366
  240    0.711013365932411   -0.702560604570812    0.029471857263485
  241    0.785487759838430    0.330236052978350   -0.523405319477445
  242    0.767089666362438   -0.397626155708269   -0.503454947395123
  243    0.736253602179612    0.628000216912326    0.252084035265258
  244    0.838792620065793   -0.542739867902406   -0.043132079852953
  245    0.899238674926490   -0.076897034636730   -0.430646782851711
  246    0.815258040349538    0.076308390846892   -0.574048218472795
  247    0.924184590436586    0.249946759832078    0.288806959834775
  248    0.820355342000484    0.027046616879407    0.571214139676748
  249    0.862216481447304   -0.185987760282770    0.471159518789158
  250    0.788740125960786    0.613949437757055    0.030904717716861
  251    0.889275686868037   -0.287922450281406   -0.355372220874582
  252    0.926308511670182   -0.358638415395685   -0.115460071928977
  253    0.918645215424276   -0.376563081038055    0.119545866416256
  254    0.964761640207425    0.253766756518850    0.069551497972234
  255    0.894559613934179    0.442079240493569   -0.065795457613441
  256    0.923007187958648    0.031730547189012    0.383472167636394
  257    0.896693191575944    0.189130638032142   -0.400213595394886
  258    0.866544070476736    0.395973236687631   -0.303819962722548
  259    0.969412087506718   -0.159202612366538   -0.186801319084039
  260    0.983313896535049    0.037588762091221    0.177991195977521
  261    0.956083433419460    0.246400049829400   -0.158718252841086
  262    0.983948659852587   -0.173360321971582    0.042322967053443
  263    0.947358809232565   -0.181694309737652    0.263625614040850
  264    0.965008789677152    0.043677343305598   -0.258554298992692
  265    0.998387405663055    0.042599263998532   -0.037521872556934
   
 U =    32731.5322816954     


 http://math-lab.ru/  - см. Задача Томсона
