     80
    1   -0.423670139449734   -0.043185504504557    0.904786508044483
    2   -0.962425942608491    0.123333324735981   -0.241919813169004
    3   -0.809742888906163    0.066893632729016    0.582959428919557
    4   -0.597961560379724   -0.623101662365065    0.504168910848475
    5   -0.406755366248950    0.251351899669735   -0.878278028052676
    6   -0.660461612261270   -0.282680153649105    0.695616553470489
    7   -0.889215891734063   -0.292923426057010    0.351412811881722
    8   -0.969753311391604   -0.239277960967158   -0.048213820014775
    9   -0.976211720287223    0.101448354855266    0.191621784959383
   10   -0.806639022140539    0.432432234578527    0.402909233522362
   11   -0.849812691679603   -0.181481670279894   -0.494856335124334
   12   -0.772491562228180   -0.621180815065310    0.131875628078360
   13   -0.793469567250552    0.473537124314587   -0.382320072377967
   14    0.387930131136530   -0.261682228737199    0.883760501787406
   15   -0.204608332443757    0.855244287974477   -0.476122503334608
   16   -0.110226331648616    0.600413046930238   -0.792057023759803
   17   -0.568219265388048    0.778538308989851   -0.266467573781671
   18   -0.431154602282176   -0.875627391785022    0.217674940419559
   19   -0.739963601090372    0.184420292483451   -0.646871722045172
   20   -0.311849242480437   -0.457537036892324    0.832712381219451
   21   -0.881135800371638    0.472843511929919    0.004326029266324
   22   -0.225924699720408   -0.777026882995251    0.587526385074685
   23   -0.807659542350278   -0.524906743565480   -0.268624224912838
   24   -0.552252851047533    0.317185519054261    0.770979983535338
   25   -0.494417914799524    0.580544175472921   -0.646930742699523
   26    0.090611621802682   -0.541613887075984    0.835729580259507
   27   -0.168703041112802   -0.098284461858632   -0.980754530184006
   28   -0.630878832032472    0.764267381347255    0.133743295540203
   29   -0.220428987877851    0.583849062073627    0.781365045301421
   30   -0.016079450887271   -0.966384117580706    0.256599276201091
   31   -0.264424664357212    0.962123891645317   -0.066311492253200
   32   -0.518237351502402    0.668738449897027    0.533121874562560
   33    0.077928341153223   -0.910957609210461   -0.405072102059212
   34    0.120698586983018    0.974611931166302    0.188582699971644
   35   -0.024267578097415   -0.169944959054957    0.985154706401535
   36    0.205368187934372    0.776380185215406   -0.595867196101148
   37   -0.549109030708651   -0.814383725967675   -0.187772253736307
   38    0.114247822327021    0.969535721778239   -0.216674685391449
   39    0.020993123855662    0.819670342035656    0.572450713282753
   40   -0.558621057937535   -0.150694179567917   -0.815618647330419
   41   -0.002743750115460    0.261436164177834   -0.965216868841031
   42   -0.182324174976596   -0.976453786018189   -0.115307844441948
   43   -0.137725184031078    0.241728312604636    0.960520273897913
   44   -0.276830623488912    0.904570353866892    0.324217952624259
   45    0.271351056417269   -0.962038093233767   -0.029177240245968
   46    0.477869424647682    0.829340096085998   -0.289544155546199
   47    0.185322789177065   -0.808065057708041    0.559183624870162
   48   -0.271906829457403   -0.467035144441563   -0.841394586357002
   49    0.404489061365762    0.771387768976072    0.491273354772639
   50   -0.600804980330449   -0.520392588102362   -0.606815400149217
   51    0.332422186308869    0.458204078366326   -0.824344899067191
   52   -0.315667702360822   -0.794639856724429   -0.518557036198737
   53    0.617590854923227    0.564345527891739   -0.547809876749035
   54    0.513254161012969   -0.570170909522429    0.641463405142678
   55    0.160186546111689   -0.329804186219561   -0.930359860052475
   56    0.782721585919930    0.611733391369095   -0.114582620056691
   57    0.787545124092016   -0.534568375442976    0.306609408686603
   58    0.258770032360169    0.147866672364437    0.954554093572588
   59    0.459208250973494   -0.804262131156154   -0.377213741300638
   60    0.571672100888788    0.453508499249615    0.683755109797185
   61    0.478158566382526   -0.828073663140516    0.292674552716929
   62    0.038019323056645   -0.684163434774235   -0.728337096125300
   63    0.325498090522790    0.040023160107347   -0.944695262886948
   64    0.199308685040410    0.527580620634550    0.825793398374149
   65    0.759604920967008   -0.243191480895429    0.603206654192901
   66    0.500284476534728    0.859455334926820    0.105128349193740
   67    0.419303128244454   -0.577488464546056   -0.700494082744925
   68    0.610867999224678    0.073103890469255    0.788350244955564
   69    0.956329438007225   -0.137352109425605    0.258008534814492
   70    0.584453915327795   -0.227395681613699   -0.778912591271609
   71    0.660052087544713    0.190360858666994   -0.726700753553642
   72    0.747302418084194    0.583792999359264    0.317371753350281
   73    0.747215432189900   -0.497180094210972   -0.441000058750144
   74    0.878999142620550    0.302342902365246   -0.368713000396918
   75    0.674059336123735   -0.736789076853492   -0.052781318795653
   76    0.855922016115830    0.195481529098497    0.478732152784337
   77    0.858552193917715   -0.111973549824066   -0.500349932006467
   78    0.910264746633549   -0.405969394174421   -0.081283098057433
   79    0.950132304968716    0.298011737916606    0.091856448433191
   80    0.990268976712155   -0.021751754997766   -0.137456229091225
   
 U =    2805.35587603786     


 http://math-lab.ru/  - см. Задача Томсона
