     93
    1   -0.037222439097132   -0.004435392980598    0.999297161667523
    2   -0.956084772484862    0.237180963917968   -0.172183327234414
    3   -0.843033419384674    0.088247790429566    0.530572314849619
    4   -0.727459259613054   -0.514062331104778    0.454469960880087
    5   -0.550458087284258    0.479420477315691   -0.683485113278812
    6   -0.692708304468705   -0.215762626578395    0.688187252055778
    7   -0.922298507544650   -0.216794649664580    0.319946156185260
    8   -0.988267621609709   -0.146563126589694   -0.042969268112702
    9   -0.965028917078397    0.179150594175301    0.191374642544756
   10   -0.780163006677451    0.445544881394439    0.439130324249209
   11   -0.904012539417570   -0.079507893658472   -0.420047406160054
   12   -0.846108540499848   -0.526072759615038    0.085719246871609
   13   -0.814385151676597    0.279747867191551   -0.508446610304823
   14    0.278336624537967   -0.272899544815004    0.920898779389230
   15   -0.562724223143455    0.821460707598744   -0.092432432397754
   16   -0.027118057182661    0.819530700840790   -0.572393257607077
   17   -0.737767211973618    0.592693595418561   -0.323131309047101
   18   -0.570830190257844   -0.799317113278948    0.187736640828588
   19   -0.651035095980999    0.064300475379850   -0.756319213472022
   20   -0.421379623818319   -0.461533121195238    0.780657665478610
   21   -0.843731739583053    0.534796611194350    0.045927511092972
   22   -0.434622893891384   -0.729581308193185    0.528028460256262
   23   -0.858653177459935   -0.431772518533107   -0.276201399485112
   24   -0.595357925399899    0.181539962848797    0.782682683181624
   25   -0.416472223151103    0.769286685791828   -0.484508908490858
   26   -0.100985616693141   -0.722282747700233    0.684185309397759
   27   -0.354217491668337    0.228301749201577   -0.906867289027282
   28   -0.616325463544339    0.738101467141035    0.274497991233282
   29   -0.259872817507446    0.302828509506214    0.916930211385243
   30   -0.204705331278830   -0.928617976267904    0.309458206383554
   31   -0.273696304439446    0.949244473829216    0.155000844645714
   32   -0.504652080062989    0.529582818250572    0.681812523133654
   33   -0.003966484900496   -0.731878536952076   -0.681423564419681
   34    0.099534211867872    0.990639725846143    0.093412388061333
   35   -0.077806834587602   -0.394117682121904    0.915760530450136
   36    0.401585127164356    0.779202250195730   -0.481220572014849
   37   -0.626649989989248   -0.760836935699522   -0.168632580843194
   38   -0.222287045183469    0.950049571134862   -0.219075972963871
   39   -0.119972510911227    0.644332525204472    0.755276236611006
   40   -0.695865583295147   -0.294279498543878   -0.655111186534063
   41   -0.196754008716105    0.579375424747098   -0.790956368741831
   42   -0.294201598210454   -0.952820192201159   -0.074693379520282
   43   -0.383282024793310   -0.103460123859229    0.917818550826564
   44   -0.331770077880866    0.803404644774818    0.494438663715909
   45    0.016522669251530   -0.940013090476542   -0.340738009522779
   46    0.142314393335586    0.951436378921483   -0.272975145964426
   47    0.154270457500298   -0.885092187173004    0.439104140435908
   48   -0.340543352848080   -0.557553609891366   -0.757076083975775
   49    0.035033437948594    0.890206564088344    0.454208026656869
   50   -0.610786106984681   -0.610237399778463   -0.504530125390067
   51    0.224738827866831    0.597434903664392   -0.769781784100249
   52   -0.318076485738668   -0.834970528195606   -0.449056306341298
   53    0.590241989103281    0.492246129049057   -0.639771945880422
   54    0.242627186678284   -0.614179842767945    0.750942853366435
   55   -0.403212464859081   -0.207536673076800   -0.891262159810725
   56    0.717029143842657    0.631919785585206   -0.294188020602834
   57    0.450649263399700   -0.878014398964333    0.161263624567380
   58    0.112495306697879    0.403099514548271    0.908215606198164
   59    0.348373468277615   -0.764509117634394   -0.542366790699897
   60    0.610542805626554    0.620068264837936    0.492699532614481
   61    0.072824486670061   -0.995459955029012    0.061286801800053
   62   -0.027812424607103   -0.404369327732016   -0.914172804138819
   63    0.031032662303475    0.314747962668804   -0.948667852236069
   64    0.269890616120418    0.691788742066946    0.669766669579469
   65    0.616844597548521   -0.038387297892932    0.786148305242517
   66    0.399771247021733    0.864828736127289    0.303733776888848
   67    0.316058725385620   -0.497541679822423   -0.807811338709169
   68    0.315450328591878    0.098933414284525    0.943770771813412
   69    0.579902632332758   -0.399607685308750    0.709948332525488
   70   -0.091818800167383   -0.035280098208746   -0.995150552733707
   71    0.384806817172483    0.243960625336147   -0.890172414054255
   72    0.461328194295441    0.882428802087124   -0.092172156290229
   73    0.654091760694202   -0.496415715101052   -0.570732342164583
   74    0.685193679005051    0.128561104054066   -0.716925145866654
   75    0.352918177597610   -0.916409879499181   -0.188790075685874
   76    0.495714731105655    0.389387844385612    0.776301495560568
   77    0.262925853688382   -0.108824867640554   -0.958659034091502
   78    0.645805698848891   -0.714504634094223   -0.269106163422871
   79    0.862504544229983    0.272881924213737   -0.426170583945018
   80    0.880620397305649   -0.410681663274892   -0.236322422336537
   81    0.861136359245768    0.420205785278952    0.286131558558371
   82    0.779108222346789   -0.486438746159734    0.395433590007440
   83    0.499345006621307   -0.717324092657898    0.485901955598955
   84    0.710461279491936    0.697221339005474    0.095536248503357
   85    0.571707877665287   -0.209517138129504   -0.793254480885848
   86    0.748464262363676   -0.658788329334058    0.076152380774599
   87    0.851148796934525   -0.145882673241910   -0.504245943091964
   88    0.780649958396322    0.229883223844847    0.581153461531909
   89    0.923436859764176    0.375513875509770   -0.079080309360239
   90    0.949136663014235   -0.294909225407160    0.110309309180827
   91    0.984631491098138   -0.012423732840238   -0.174202404117083
   92    0.858370015815090   -0.137991065175502    0.494124864666142
   93    0.976467729949714    0.074876249521915    0.202248163463563
   
 U =    3829.84433851686     


 http://math-lab.ru/  - см. Задача Томсона
