    288
    1    0.069670777406282    0.014525190662134    0.997464285882875
    2   -0.137624887679481    0.043724161313740    0.989518866929085
    3   -0.965790140495129   -0.180885745900619   -0.185821827168865
    4   -0.973436224458444   -0.097084749175777    0.207355897889515
    5   -0.914964002074419   -0.389975250257658   -0.103731283104179
    6   -0.812394054026815   -0.082205921263297   -0.577285100700796
    7   -0.818928347109655   -0.502587166314944    0.277060467327555
    8   -0.911188218516859   -0.396558620616631    0.111701794303887
    9   -0.882913962617364   -0.353884478874795   -0.308591494093435
   10   -0.976251222558525   -0.214286373917492    0.031857501569926
   11   -0.999549256405540   -0.012913742395227   -0.027102016096240
   12   -0.811054057563295   -0.302906770831827   -0.500438611514290
   13   -0.809887315465707   -0.559714865802157   -0.175504430849549
   14   -0.911037338068507   -0.134893058331503   -0.389634227781677
   15   -0.646685202761154   -0.102560875076672    0.755830348314536
   16   -0.925519965153922    0.248955825905035   -0.285366064642286
   17   -0.834406072660589    0.454655701891624   -0.311536031053499
   18   -0.892204757105054    0.083659492052024   -0.443815007394646
   19   -0.694866734782459   -0.718738716656236   -0.023976615109506
   20   -0.697487190324666   -0.242081849159546   -0.674468678027748
   21   -0.798189984468998   -0.386628208294723    0.461964692638078
   22   -0.969173550250278    0.034488598133732   -0.243953204721812
   23   -0.819928823333662   -0.570678545214961    0.045196489885971
   24   -0.764413141453383   -0.518593193478725   -0.383058283882373
   25   -0.913707524234111   -0.287011007577289    0.287686012324968
   26   -0.828360057210140    0.294516827984201   -0.476528544426185
   27   -0.569392122064938   -0.308953205666993    0.761800845391022
   28   -0.769536742353682    0.131299956437395   -0.624958817528979
   29   -0.941544904351068    0.322579139017654    0.097138520480637
   30   -0.927773782958452    0.021850145104209    0.372502857457346
   31   -0.687821411475920   -0.584324294146005    0.430658594696595
   32   -0.978034212994405    0.193831296232397   -0.076671421098630
   33   -0.982238747682429    0.112619672720073    0.150079485165955
   34   -0.549326186356121   -0.389991987448956   -0.739017584844267
   35   -0.847680025028496    0.527564745588215    0.055803354559838
   36   -0.739359332500596   -0.253514113542133    0.623761470178481
   37   -0.631546260500243    0.757784696771169   -0.164047780197071
   38   -0.669295320554940   -0.701050032957946   -0.246115064904453
   39   -0.909072612516021    0.400773361712893   -0.113875799512643
   40   -0.844115294724807    0.158023816643326    0.512345432872324
   41   -0.541311977756156   -0.182542365646066   -0.820767706164209
   42   -0.719848905090435    0.492631013847206   -0.489011490699325
   43   -0.539578144821978   -0.835507308838321   -0.103841044429545
   44   -0.875280563509995   -0.171548064071827    0.452167222225179
   45   -0.918880256866608    0.237604953443150    0.314965013358682
   46   -0.493183445829779   -0.807947161756075   -0.322477088441595
   47   -0.789551761916310    0.595526236930726   -0.148177313992321
   48   -0.644913425765663   -0.459024170464240    0.611051130591224
   49   -0.488525860238321    0.036029828241030   -0.871805216407501
   50   -0.857749871598706    0.443609804739586    0.259760464488555
   51   -0.679144308432180   -0.458625753986792   -0.573084135275286
   52   -0.686220874781350    0.642845190031499   -0.340368877348803
   53   -0.607887611631879   -0.654130983079380   -0.450094777352607
   54   -0.542998732716443    0.668246377717615   -0.508526454509127
   55   -0.378615792955361   -0.331142115628037    0.864288713672793
   56   -0.669002394385181   -0.022639069205975   -0.742915384719136
   57   -0.540430160911661    0.841337365009768    0.009310178055052
   58   -0.354537200270709   -0.915186877471341   -0.191667297493506
   59   -0.803756595744502   -0.038638229666074    0.593702300825490
   60   -0.408164791483621   -0.757474272400824   -0.509543157783494
   61   -0.600192909030584    0.767505992535452    0.225173318516151
   62   -0.707000309098009   -0.674813397075514    0.211606810057535
   63   -0.488656425151722    0.389475147364657   -0.780720185305349
   64   -0.384131932665814    0.602894653327277   -0.699257245436763
   65   -0.696318299944192    0.104053551941988    0.710150465388206
   66   -0.528359604059227    0.083486135852938    0.844906026679134
   67   -0.805615048181672    0.381663996874637    0.453119175971311
   68   -0.354269022373817   -0.125307737871898   -0.926710003515516
   69   -0.378749904938627    0.273838842051188    0.884059272952354
   70   -0.328042652005170   -0.672464005287463    0.663460759998779
   71   -0.686991053794457    0.332741273881667   -0.646008155259659
   72   -0.598616677011754    0.191180371299798   -0.777886970988123
   73   -0.712656050230231    0.700492240975938    0.037841437641227
   74   -0.366954399472457   -0.324960280184940   -0.871633687399663
   75   -0.567848882821367    0.516237430374759   -0.641129130330693
   76    0.214362464221372   -0.923386427957963    0.318443462165538
   77   -0.722763184748162    0.294123050312135    0.625383890140911
   78   -0.179393286140585    0.286758242942438   -0.941056724641107
   79   -0.509835677392017   -0.587901501542783   -0.628044111939571
   80   -0.148128645353807    0.605017288182813   -0.782311948921632
   81   -0.366192870761828   -0.508131175463478   -0.779554674109081
   82   -0.745018268137133    0.619853326150363    0.246433833314906
   83   -0.520425259137424   -0.643336870753790    0.561493740286092
   84   -0.463032470508348   -0.502646218984437    0.730032677210812
   85   -0.553018833682707    0.716482845980208    0.425232290646324
   86   -0.290239029010789    0.453123002768040   -0.842876533308022
   87   -0.270595507867326   -0.881710671029789   -0.386476860515895
   88   -0.391849475467146    0.240571972886994   -0.888019771422564
   89   -0.170251071899541    0.250914941130953    0.952919862755682
   90   -0.504185607863310    0.797117568897591   -0.332265637974044
   91   -0.565350467825620   -0.813868432061791    0.134152986633298
   92    0.076148042478835    0.620769763481776   -0.780286086235954
   93   -0.466784601479923   -0.128019473497745    0.875056084046383
   94   -0.266321934142890   -0.143129880376679    0.953198019688327
   95   -0.563344048542148    0.289985401938759    0.773661392105460
   96   -0.209959529580992   -0.976313912395742   -0.052231603466183
   97   -0.399008873553690   -0.915877089747037    0.044284029874371
   98   -0.695942853324312    0.564043008361660    0.444431130351085
   99   -0.061368327484777    0.102991121678686   -0.992787367585369
  100   -0.369425959161853   -0.793312855293547    0.483920628123399
  101   -0.340199749538318    0.067495257550731    0.937927780067435
  102   -0.404416501165659   -0.871115979552973    0.278575382531175
  103   -0.273770023685762    0.077579792497853   -0.958661227925218
  104   -0.152349592099006   -0.116451492151058   -0.981442128585817
  105   -0.156868256738896   -0.803521627500600    0.574234572423576
  106   -0.558263246325509   -0.746456035633917    0.362140214099181
  107   -0.041130953979048   -0.496318223704595    0.867165765839202
  108   -0.119690100461832   -0.961591223733697   -0.247015380674500
  109   -0.052001129420088    0.453438435756615   -0.889769333882456
  110   -0.196023340722839   -0.899949279541090    0.389443377328887
  111   -0.228298746691176    0.731799386759924   -0.642144329412818
  112   -0.189380525990938    0.970825351578282   -0.147082130486003
  113   -0.164262600564443   -0.510697160883018   -0.843923105455604
  114   -0.262141042052722   -0.515034133863308    0.816101657287366
  115   -0.418668384243184    0.893902882864126   -0.160169972349394
  116   -0.621719747435941    0.474135221415727    0.623426296735428
  117   -0.232506606966241   -0.955021421364774    0.184050977860627
  118   -0.167090439323638   -0.337945767155296    0.926214577486476
  119   -0.485328090932333    0.630039885408272    0.606223050491078
  120   -0.444058141568263    0.469430617597907    0.763182325639547
  121    0.031925796290246   -0.886186528597795    0.462227411630924
  122   -0.429817749965193    0.883662021815018    0.185467336791830
  123   -0.099540180761482    0.992517376186675    0.070717822233783
  124    0.092736800768562   -0.631503494242097    0.769807263244011
  125   -0.368010965362921    0.781755716769009   -0.503414271422279
  126    0.050967221723175   -0.087682243455494   -0.994843789995410
  127   -0.313380817222995    0.949363004701573    0.022413136787378
  128   -0.301644674540831   -0.674209040313529   -0.674131040882013
  129   -0.286795538161693    0.898615822091499   -0.332020968580846
  130    0.042834465092059   -0.993651748691767   -0.104026010795716
  131   -0.173743499911968   -0.809300679878047   -0.561111045861041
  132    0.047444298837339   -0.297438818884644   -0.953561318179561
  133   -0.048721004042926   -0.995647668246472    0.079447998592870
  134    0.084990653454346   -0.335657860944169    0.938141987767197
  135    0.053188250668337    0.216133887794940    0.974913920578369
  136    0.170906445932253    0.450535380888996   -0.876247029841479
  137   -0.140926925189350    0.861669668841281   -0.487508957410663
  138    0.174097948115859    0.081046932982849   -0.981387435784625
  139    0.163172946821089   -0.980205630048852    0.112122755256260
  140   -0.385119166898705    0.839984430361525    0.382242572246305
  141   -0.013236325117438    0.762527422801184   -0.646820476773556
  142    0.199166113720094   -0.149546998697634    0.968487766740584
  143    0.082987599223792    0.876406775838274   -0.474367180188335
  144    0.058885727081414    0.277235007767259   -0.958995944524470
  145   -0.121121173556561   -0.666905452154755    0.735232466096637
  146   -0.007063076746750   -0.960425105325873    0.278448792431670
  147    0.132784310885755   -0.949385253441239   -0.284668170561638
  148    0.030839073382599    0.994197102858284   -0.103058586353089
  149    0.297523632766825    0.849371835973199   -0.435944001221198
  150    0.201703762771831    0.756055495375877   -0.622652134016757
  151    0.241578120526300   -0.169178595686081   -0.955520075375011
  152    0.211329718815002   -0.488370277543214    0.846660629743663
  153    0.379080355679830    0.415756328052557   -0.826707178886157
  154    0.067396101246829   -0.775540405301777    0.627690086970539
  155   -0.044682385533603   -0.169534489403008    0.984510813209224
  156   -0.161834037290422   -0.322300987301100   -0.932701355182364
  157    0.113322760388947    0.986345408966539    0.119501825042382
  158    0.366767728448106    0.002470124762243   -0.930309266777815
  159    0.268651152570134    0.072208452470768    0.960527197748463
  160   -0.226881785165096    0.943378964334510    0.241993357783737
  161    0.260920275181403   -0.961245368560376   -0.089039044359700
  162   -0.042741163212673    0.425494152647918    0.903951281336366
  163    0.280946243285708   -0.677551612826128    0.679700684375380
  164   -0.247699995749910    0.449612336180628    0.858191971099527
  165   -0.097560446847324   -0.675818039649274   -0.730583285119201
  166   -0.323492049078494    0.760358301643848    0.563212346548157
  167    0.161703603356678    0.378199647163725    0.911491619021645
  168   -0.286422421980386    0.623752227159841    0.727251920107488
  169    0.407106453577995   -0.471100440338294    0.782514351669165
  170   -0.168932700321108    0.878989707122646    0.445913486603247
  171    0.449242003071558   -0.747912446878391    0.488680462552610
  172    0.322553293640889   -0.303292875977101    0.896645305649315
  173    0.470395381633375   -0.607421784568454    0.640130424655528
  174   -0.079814426318102    0.609939748191927    0.788418138380314
  175    0.522493776237949   -0.266599254918697    0.809892024327567
  176   -0.117095327701012    0.764308515637315    0.634130252515110
  177   -0.026916942926090   -0.903912521213419   -0.426869572793744
  178    0.630750830357175   -0.591386324684297    0.502409797854433
  179   -0.017552669160217    0.956014078393699    0.292795125844675
  180    0.041173871803987    0.865957467113832    0.498419880653315
  181    0.168271446288632    0.946400902465332   -0.275699205977704
  182    0.293693611809321    0.601264127160647   -0.743118773664171
  183    0.049552322066560   -0.798819816974001   -0.599526035621002
  184   -0.051216079966710    0.949412646604617   -0.309826628326327
  185    0.245624440966165   -0.387083781519668   -0.888726493407557
  186    0.241724009000396    0.968509095729228   -0.059662676461335
  187    0.107451572486184   -0.651141332102090   -0.751311603263628
  188    0.498781866167095    0.542380439276086   -0.676047416290862
  189    0.210567626850476   -0.862382789846293   -0.460388095305996
  190    0.282269667624495    0.251868326339095   -0.925681468393043
  191    0.376995608560219    0.897159098165432   -0.230173551272294
  192    0.598646230159156   -0.427865048087317    0.677166295485436
  193    0.440863420079959    0.897421768949229   -0.016541265109984
  194    0.189076514672546    0.921158239367803    0.340172852597163
  195    0.410545121303865    0.710852173616810   -0.571088338733906
  196    0.271431256522326   -0.733068000197712   -0.623647640955082
  197    0.250327277696844    0.806198310112347    0.536078855032433
  198    0.501133018565030    0.779751018496213   -0.375305271556397
  199    0.047095980618591   -0.490711933855920   -0.870048140381299
  200    0.418765194979834   -0.248177359373006   -0.873523731657099
  201    0.131881018414556    0.569958294262097    0.811020924380981
  202    0.389299091584627    0.841671736868401    0.374212379068775
  203    0.541110547642535   -0.077291717287312   -0.837392002391219
  204    0.471137449279648    0.174824878166328   -0.864561024948728
  205    0.747552381992025   -0.402216711011544    0.528570859545913
  206    0.605621489904266    0.629408085250894   -0.486896368015763
  207    0.318057427816074    0.933799936720969    0.163881514488172
  208    0.735350751138409    0.657560765438947    0.163930206354789
  209    0.512562522626122    0.835491297819986    0.198075621079983
  210    0.092271988670857    0.732750829131838    0.674212208813611
  211    0.627401406768038    0.565739912395607    0.535075533273666
  212    0.459758591816369   -0.439992968282689   -0.771380726433333
  213    0.305532340065014    0.655091641517330    0.691017315548986
  214    0.411765645086044   -0.095192268957622    0.906304300694625
  215    0.860560943022895   -0.360334936339416    0.359991106830176
  216    0.457655363186870    0.706525048759410    0.539790629801784
  217    0.252649943312805   -0.823075077497011    0.508640760210313
  218    0.328105484550489    0.258622302417898    0.908549005667803
  219    0.757878836664858   -0.557855560313594    0.338255587925353
  220    0.336269254029061    0.470042387487281    0.816077902384323
  221    0.495046694318069    0.527373009531331    0.690511751719418
  222    0.574867835964896    0.799940704192957   -0.172109967603022
  223    0.508984581873001    0.321781121179101    0.798368088959151
  224    0.291000212130365   -0.560785139652817   -0.775137990092508
  225    0.483911326281770    0.106969618818205    0.868554735722571
  226    0.780775069618150    0.401645441071762    0.478613863494407
  227    0.416362411996246   -0.854495902950440    0.310610839665297
  228    0.351215938193912   -0.893280999580514   -0.280528823023601
  229    0.604055173555122   -0.727477183464849    0.325414036020794
  230    0.546586622423592   -0.791018737219305   -0.274831624009219
  231    0.420728186618361   -0.781018321730370   -0.461517252230403
  232    0.660285658515502    0.368497843920497    0.654394520289324
  233    0.700019347905432   -0.228817162094487    0.676472925466407
  234    0.693502223436117    0.661488077593969   -0.285461362166925
  235    0.559152243642953    0.339190296370127   -0.756504270495148
  236    0.607678113576255   -0.060595202286880    0.791868380313431
  237    0.364903986137476   -0.924075173519334    0.113710837593404
  238    0.555274944644440   -0.822015694925622    0.126332628984202
  239    0.465339027341799   -0.881282921662405   -0.082462122327548
  240    0.602432399082428   -0.280804968997482   -0.747143743815147
  241    0.643908501432212   -0.761895750117672   -0.069976479876838
  242    0.676567118363854    0.451662032920218   -0.581599812901626
  243    0.459475973556484   -0.626088659870005   -0.629995888642539
  244    0.588393674277185    0.725816595316682    0.356346957379313
  245    0.790840407462889   -0.609535503356617   -0.055117330048973
  246    0.619259139338232   -0.482179551813546   -0.619694277978230
  247    0.640244544905845    0.091427930374306   -0.762710860199184
  248    0.793910351885953    0.198377529374478    0.574763176454094
  249    0.655511909626382    0.156065246878245    0.738882788441310
  250    0.837213068242762   -0.189440929043593    0.513016971226723
  251    0.735183819313133    0.578224735627722    0.353780874169882
  252    0.599254631481472   -0.656652233992869   -0.457932014867032
  253    0.711218708653697   -0.651624017239418   -0.263731091488529
  254    0.719426880538393   -0.679995453865974    0.141531432128711
  255    0.861478737812180    0.505067943501181    0.052542903850302
  256    0.623298019423156    0.781048058588689    0.038255838221258
  257    0.766586922462963   -0.016173533491410    0.641936840447069
  258    0.715941110212874    0.251595110593955   -0.651251277950664
  259    0.750741494754661    0.656719090812605   -0.071464983144215
  260    0.747795836363811   -0.308994938512116   -0.587642336026636
  261    0.886370787403460    0.031729521479364    0.461887502217218
  262    0.940911706919699    0.332852292164100   -0.062406020403191
  263    0.745890793707619   -0.498910114784572   -0.441288591771715
  264    0.934710781541193   -0.137124041438679    0.327891372454622
  265    0.717195585656562   -0.105160718407115   -0.688891657097718
  266    0.806456303172937    0.071294659937309   -0.586979814420448
  267    0.852577643434642   -0.120720144923009   -0.508466329785168
  268    0.857869459363438    0.444623264606303    0.257624034713993
  269    0.892002813600195    0.249487288380634    0.376944390415635
  270    0.776950111917494    0.493947278635932   -0.390339095556096
  271    0.826986948262577    0.294966865745505   -0.478630479091777
  272    0.845161756480352    0.503968472072213   -0.178093752108954
  273    0.842498047946934   -0.480219397443507   -0.244103194417034
  274    0.849781094557126   -0.503567568241915    0.155858254668197
  275    0.961831449501488    0.088652986854072    0.258883971446125
  276    0.901657290844866    0.325865301998268   -0.284299023599932
  277    0.936606813338929   -0.275691181258058   -0.216245346270465
  278    0.944827889261747    0.290024450859766    0.152269752665075
  279    0.902354886988882   -0.429278566343248   -0.038413154069506
  280    0.909609008505836    0.107402072208885   -0.401343053422216
  281    0.969557972277026    0.145368928736245   -0.197041145327921
  282    0.859302970580324   -0.312564430190265   -0.404847973604496
  283    0.936464052343634   -0.302801810027161    0.177048418553837
  284    0.991730159179140    0.125798368059547    0.025417749075653
  285    0.943598958472863   -0.085380345025995   -0.319892485457489
  286    0.992166383311651   -0.047338969236557   -0.115606616670061
  287    0.972988963337597   -0.230367630856475   -0.014940946315521
  288    0.989530081815570   -0.071751575458607    0.125227507366706
   
 U =    38774.1405074427     


 http://math-lab.ru/  - см. Задача Томсона
