    112
    1   -0.064093654522987    0.009244104556725    0.997901072241549
    2   -0.990109097777823    0.070254094604194   -0.121442730078546
    3   -0.868702390674303    0.001003526201385    0.495333371954599
    4   -0.867228936745210   -0.490782330393011    0.083944478351928
    5   -0.676052225364376    0.450221066403451   -0.583313277704541
    6   -0.846453108252334   -0.339766335828591    0.409970697206002
    7   -0.976073648728729   -0.150948015077152    0.156508558876677
    8   -0.943962792936418   -0.274170951564400   -0.183751285355907
    9   -0.957219474916700    0.191572145719834    0.216866294809719
   10   -0.825518147559191    0.512105128847614    0.237209032413209
   11   -0.884180314921860   -0.051327707733308   -0.464317388349310
   12   -0.766288109157575   -0.589098673598471   -0.256447434239905
   13   -0.880648080175155    0.279612507221252   -0.382460200137556
   14   -0.078677505388602   -0.323900918497355    0.942813897406268
   15   -0.455679219027171    0.863902690484844   -0.214542748001034
   16   -0.191486292212498    0.868568418319956   -0.457079755176139
   17   -0.718201551354645    0.632412201723957   -0.290243585187405
   18   -0.640322466845676   -0.768058958932643   -0.008519040789542
   19   -0.699190378838091    0.136698194165543   -0.701745265642830
   20   -0.618640055482882   -0.500180915145123    0.605890694660946
   21   -0.902497083550916    0.424005239031592   -0.075621236804578
   22   -0.669103062159015   -0.671124247159695    0.319207357502552
   23   -0.782735669628534   -0.372051704016233   -0.498901193654403
   24   -0.666764625700157   -0.188255556739480    0.721099701339307
   25   -0.455629933595304    0.699087040813709   -0.551070479138803
   26   -0.378076244411488   -0.736531478972190    0.560874080248626
   27   -0.421555194906603    0.415119986963958   -0.806205069489332
   28   -0.672221692377612    0.739499939343736    0.035465983809689
   29   -0.637574312387152    0.148089637325625    0.756021464973591
   30   -0.395455298348149   -0.887996132223726    0.234686974849648
   31   -0.405640279946896    0.896209845953896    0.179621477835747
   32   -0.777448317990573    0.347815521397231    0.524021446058080
   33   -0.230541859129849   -0.587035316059604   -0.776041228858205
   34   -0.062255672201627    0.958749745397696    0.277350242434682
   35   -0.370741984085986   -0.435842497292912    0.820116881175766
   36    0.385862050226335    0.851066606826437   -0.356084412660909
   37   -0.507048022271098   -0.761285134705000   -0.404162401502364
   38   -0.174038715444052    0.982807291183505   -0.061647010658471
   39   -0.510084851321083    0.508576171582577    0.693659658731253
   40   -0.633615942088495   -0.191401145123525   -0.749597518390177
   41   -0.153364470669400    0.642195287743241   -0.751042310084239
   42   -0.370760978085367   -0.919298605801659   -0.132008978862456
   43   -0.388796481700898   -0.093946281158717    0.916521353855681
   44   -0.596962321628116    0.688432461076320    0.411942633254645
   45   -0.075179391889843   -0.961126006009662   -0.265678112773689
   46    0.078472985155309    0.952896448187017   -0.292968171707067
   47   -0.097051508459170   -0.892709734313652    0.440057195109282
   48   -0.343603160490561   -0.274667853171269   -0.898050354120071
   49   -0.296799096967146    0.806399449493398    0.511498019445072
   50   -0.532380640636251   -0.534999172776951   -0.656008184860306
   51    0.137713982635812    0.781596644933822   -0.608392590039340
   52   -0.198833618079006   -0.816108750741633   -0.542615609142000
   53    0.467394793509022    0.620737947882416   -0.629465254846831
   54   -0.097398744702719   -0.655081866667434    0.749253783770122
   55   -0.419692122873282    0.082739831935101   -0.903887516347841
   56    0.513760619522473    0.857301358522466   -0.032930328018708
   57    0.221475188669341   -0.969764189135694   -0.102499552554483
   58   -0.355353480510589    0.261905198595241    0.897290126345876
   59    0.168064854526388   -0.858925118349009   -0.483737372695314
   60    0.294233933403129    0.900572700362451    0.319992505843505
   61   -0.086816724808348   -0.991666243208055    0.095188856360261
   62   -0.106214053466381   -0.016144016652362   -0.994212223608506
   63    0.185961001685146    0.523804554243163   -0.831292544659447
   64   -0.190352157142129    0.606421728227055    0.772022502136726
   65    0.264959352936978    0.182596984647098    0.946813013476793
   66    0.047177827157719    0.810817636076741    0.583394389458454
   67   -0.002067308221108   -0.373874188452373   -0.927477125025625
   68   -0.037554903442897    0.343773202281131    0.938301451891007
   69    0.201009992044597   -0.491994409932618    0.847075252674333
   70   -0.115400932060101    0.332356944802346   -0.936067030784286
   71    0.209984031337574    0.206887795384834   -0.955564831240677
   72    0.195281543618078    0.980624002317127    0.015546215027480
   73    0.367608342320201   -0.404925334210679   -0.837197456022750
   74    0.503981570137692    0.312805392217408   -0.805080967084218
   75    0.465123096519210   -0.825943549064648   -0.318555738989074
   76    0.181247747992113    0.558366059072466    0.809553332352892
   77    0.222586958863144   -0.126171399445503   -0.966713930646507
   78    0.113723565773398   -0.656172994230903   -0.745991925043318
   79    0.663735902075810    0.672085916438818   -0.328260831078282
   80    0.452407179168829   -0.645134287443726   -0.615734922999320
   81    0.389441882344373    0.709189881486484    0.587694420828766
   82    0.462911297892960   -0.588593748256861    0.662774871125931
   83    0.190574692023041   -0.784195065874482    0.590524669610373
   84    0.606373679540306    0.745212444328743    0.277433548040483
   85    0.521358290035349   -0.029627720621445   -0.852823388271097
   86    0.503907423625401   -0.861750481104463    0.058850800601498
   87    0.662935555053430   -0.303844097768938   -0.684247918591632
   88    0.488817037672195    0.385897529158075    0.782394402249321
   89    0.787126132603881    0.616602673428722    0.015283798369834
   90    0.218227525029997   -0.938777413217450    0.266596541147921
   91    0.733186568110157    0.379805579382328   -0.564079053159133
   92    0.259857586794869   -0.160925228377743    0.952143426935626
   93    0.568970648825986    0.044455658650263    0.821155341691515
   94    0.668640142245125    0.522904857651282    0.528668960714654
   95    0.771334634099978   -0.606957267544689    0.191430816778640
   96    0.514371349511744   -0.767069389362225    0.383440564761907
   97    0.865228314581711    0.412185753314846    0.285452042224898
   98    0.770290698841880    0.042970920407784   -0.636243459123153
   99    0.543606667711450   -0.287451796273462    0.788583068318623
  100    0.781069730445076    0.204393991542252    0.590045059638569
  101    0.734280319718507   -0.460474868916074    0.498793852378727
  102    0.723334746415988   -0.534673766423682   -0.436933413835143
  103    0.885859036953193   -0.229839029373567   -0.403023308538077
  104    0.924867250413489   -0.287396256490198    0.249046101892826
  105    0.802642899826388   -0.138606812750355    0.580131473734597
  106    0.948954685142249    0.052142851843589    0.311072545474834
  107    0.716906232868971   -0.683312853714559   -0.138307618091291
  108    0.935420396386321    0.098530649202282   -0.339529664671932
  109    0.907711854454927   -0.407615374535145   -0.099543436371119
  110    0.871738066112398    0.418185627379394   -0.255330227634566
  111    0.969446984261551    0.244862537635974    0.014658866554247
  112    0.995020849737871   -0.089669554200377   -0.043507236598414
   
 U =    5618.19876517352     


 http://math-lab.ru/  - см. Задача Томсона
