    120
    1   -0.159597245651850    0.062317819233128    0.985213280760247
    2   -0.995028443844883    0.025818538891254   -0.096186272352926
    3   -0.866956369755843   -0.065273160517299    0.494091152982780
    4   -0.841040051649071   -0.529163193459749    0.112418620386517
    5   -0.720713865994185    0.433241893181019   -0.541177406546728
    6   -0.814556668917381   -0.403357143594965    0.416893808820821
    7   -0.961771708663807   -0.210188192453873    0.175545162755557
    8   -0.943057117632779   -0.291824791483590   -0.159629458301761
    9   -0.965512169790756    0.121414314928937    0.230314598139768
   10   -0.863628603487699    0.437746446587764    0.250047362988841
   11   -0.895131898748481   -0.095335614775471   -0.435488236808209
   12   -0.790859786302185   -0.575711076112667   -0.207599506866607
   13   -0.904684285177577    0.227474560086128   -0.360279986491560
   14   -0.107586612618517   -0.262978473290921    0.958784357074545
   15   -0.534181651228731    0.828029868527725   -0.170342303367380
   16   -0.274283049597449    0.878289057084927   -0.391633937380807
   17   -0.770218741092927    0.583730842406695   -0.256946287173791
   18   -0.607339391739459   -0.792467044257233   -0.055989704479921
   19   -0.734812683898472    0.130939389347636   -0.665511228980543
   20   -0.581794679113108   -0.579555196665616    0.570640627167008
   21   -0.930555415646967    0.361483577528950   -0.058277281911323
   22   -0.629251625112860   -0.726285569610638    0.276679713148932
   23   -0.773529498073969   -0.406875867992979   -0.485905488397069
   24   -0.670856115702805   -0.260144442379004    0.694461619618724
   25   -0.521821680534736    0.692361699042179   -0.498334637992716
   26   -0.341004482555669   -0.845870230163818    0.410145701671430
   27   -0.489403153477083    0.416265363621774   -0.766294786890476
   28   -0.736423242678008    0.673985803516666    0.058514479418361
   29   -0.663725284172397    0.093793410402631    0.742072465002788
   30   -0.355818143327869   -0.929416076172032    0.097873419433939
   31   -0.496206426355592    0.843065500957869    0.207412013967538
   32   -0.803431968130671    0.281905221815717    0.524429707871997
   33   -0.201979935364161   -0.541877182311943   -0.815826712605048
   34   -0.206625564435164    0.919376954973529    0.334741528325142
   35   -0.383933794357895   -0.411659274920227    0.826517684579164
   36    0.264677153264659    0.881447063903639   -0.391148409271174
   37   -0.570167878916771   -0.706066992056894   -0.419973799872422
   38   -0.271389539757407    0.962279148494429   -0.019145706649257
   39   -0.560902556800870    0.461658442906465    0.687211615055672
   40   -0.678059296550535   -0.182356117761531   -0.712026570203905
   41   -0.256291822609606    0.662294529858061   -0.704045777903352
   42   -0.344344561871144   -0.902718990151109   -0.257924887380672
   43   -0.438182295100000   -0.095202216004784    0.893830416985613
   44   -0.654880005812374    0.629881887549228    0.417589494269918
   45   -0.037654978975542   -0.907160529885792   -0.419096499121242
   46   -0.006642824560243    0.972620182565220   -0.232305517258330
   47   -0.040446368883141   -0.962039785022720    0.269895430264403
   48   -0.406911204511280   -0.230199598984042   -0.883986095066413
   49   -0.374493840838056    0.737464457481761    0.562050297682949
   50   -0.515807954845662   -0.502489038393422   -0.693863761852707
   51    0.006129882962387    0.814097683346525   -0.580695605721869
   52   -0.284279281470115   -0.760306016862332   -0.584054835481884
   53    0.361471951655161    0.687235285571602   -0.630115616718018
   54   -0.283307194714499   -0.678662208408028    0.677609504288229
   55   -0.471425294773819    0.101915626525817   -0.875997372437422
   56    0.336557255942306    0.938510612159913   -0.076987299834524
   57    0.218536802986350   -0.950455068650466   -0.221081044454613
   58   -0.392782716848407    0.263769684873712    0.880992219424671
   59    0.335283002465490   -0.807008793473321   -0.486129731156675
   60    0.115034223632028    0.906044738491433    0.407246926624827
   61   -0.071332608670347   -0.995264222535765   -0.066036249746354
   62   -0.162059911026434    0.067069315176740   -0.984499005687577
   63    0.084479695478734    0.578464778854081   -0.811320948008320
   64   -0.224188880900708    0.541027781370330    0.810572813179659
   65    0.160920992483569   -0.002168791261551    0.986964908455497
   66   -0.043240087102825    0.760859385473007    0.647474548075041
   67   -0.098512299252392   -0.259441495535143   -0.960721310938035
   68    0.005722128251192    0.336094177550385    0.941811000713523
   69   -0.016668031634179   -0.557919126241768    0.829727922451128
   70   -0.191715953800249    0.386798005386426   -0.902015685056276
   71    0.126210222916266    0.270924462977434   -0.954290791631050
   72    0.053518982325102    0.993783993480074    0.097617072449859
   73    0.143461886666602   -0.465177623337508   -0.873515006064650
   74    0.412435028533138    0.424284666378705   -0.806151269374911
   75    0.636866845015863   -0.646072993289981   -0.420702161939851
   76    0.179139310739064    0.569208116860864    0.802440793484256
   77    0.167439315931339   -0.078321075979373   -0.982766444552254
   78    0.068827136310011   -0.727712100701381   -0.682420635532181
   79    0.656799933556434    0.527360445554520   -0.538984979145803
   80    0.417270418397915   -0.577540266492862   -0.701664192124255
   81    0.348935532919087    0.744144914690351    0.569642291097635
   82    0.281282380597893   -0.867849169553290    0.409533931769820
   83   -0.002125022317142   -0.818738248407476    0.574163012457969
   84    0.402239058640012    0.882592048551723    0.243382447061553
   85    0.424897428828206    0.106791976777595   -0.898920268250257
   86    0.521465736843712   -0.837918794835396   -0.161138383259986
   87    0.415363543204257   -0.276786339421124   -0.866523196046511
   88    0.347753272154110    0.268237667724186    0.898396468893327
   89    0.563963739497309    0.761868544168003   -0.318592564162346
   90    0.264925253200952   -0.959196852755527    0.098772505690115
   91    0.686222636386155    0.237907063220204   -0.687385425057276
   92    0.224909309214961   -0.334922490659554    0.915009687314211
   93    0.500827605825021   -0.414734400153296    0.759715135148079
   94    0.512872048097631    0.495328789842454    0.701150235137485
   95    0.773393431128110   -0.624784195176896   -0.107272131259935
   96    0.566005614057312   -0.807416406934473    0.166482403480460
   97    0.630843138878191    0.677027446988748    0.379039272575031
   98    0.651674484566881   -0.084169385747978   -0.753814221587320
   99    0.277415969707746   -0.654245424899815    0.703564711841612
  100    0.465298150146379   -0.074736469767976    0.881993249156125
  101    0.793919902601223   -0.567349369364691    0.218645560977465
  102    0.685503500359677   -0.383060444292681   -0.619152361711497
  103    0.857997936293445   -0.068305925106009   -0.509091192137128
  104    0.733362349345217   -0.436933931346742    0.520834334698419
  105    0.541056052271498   -0.687759736629387    0.483988525661361
  106    0.648043111427794    0.183321513712818    0.739211301551204
  107    0.865387084218672   -0.374088298924614   -0.333411366145778
  108    0.873169321507849    0.259413166811079   -0.412650148264326
  109    0.910473520369289   -0.242473653256475    0.335029097516638
  110    0.806583666768605    0.548299458594932   -0.220885699416273
  111    0.628731405393330    0.777537664392102    0.011489139384778
  112    0.975681923383005   -0.052140169545864   -0.212899476522063
  113    0.720074537260492   -0.148713835045025    0.677773454817529
  114    0.957150681644475    0.274176449422280   -0.093219349974718
  115    0.766000004236750    0.404377630243467    0.499722648744259
  116    0.940518761411378   -0.339721666582854   -0.003694412994610
  117    0.872844158925034    0.061388768985862    0.484122394930094
  118    0.824528075314566    0.551419665639416    0.126845596550187
  119    0.929871996478380    0.275786375701201    0.243474732041969
  120    0.993114836195116   -0.018098145275449    0.115738408779185
   
 U =    6474.77117649583     


 http://math-lab.ru/  - см. Задача Томсона
