    111
    1   -0.056921515521303    0.005818702766230    0.998361699870781
    2   -0.987545177117821    0.088660964054128   -0.129975984721505
    3   -0.870519514473628   -0.012880041295719    0.491965323429222
    4   -0.858661027489183   -0.507288902027822    0.073206623680018
    5   -0.635866276155059    0.484942327696358   -0.600420700556815
    6   -0.848774742766345   -0.351092435343717    0.395367598427517
    7   -0.976771232811649   -0.152190429170835    0.150851025917655
    8   -0.947732840120434   -0.266670944979664   -0.175182963957429
    9   -0.959188843770002    0.189213609893467    0.210130844518957
   10   -0.827572553215559    0.509772519693292    0.235065198040528
   11   -0.888416746400451   -0.025669722753021   -0.458319484692742
   12   -0.763393745276043   -0.593383678461266   -0.255197570147507
   13   -0.862329116933599    0.313770949958857   -0.397411984029716
   14   -0.059475574796858   -0.332835407893473    0.941107457868106
   15   -0.432937266234370    0.874899879851663   -0.217061106007170
   16   -0.141919101885243    0.887655941535300   -0.438093480865860
   17   -0.695775872365726    0.650105192536612   -0.305383650627613
   18   -0.607835637593599   -0.793447176697279   -0.031263644418073
   19   -0.696484884405419    0.164301092035168   -0.698508380014743
   20   -0.627052723050808   -0.502232752239467    0.595455409827248
   21   -0.895543043709572    0.436754599420059   -0.085135637360739
   22   -0.664405379864195   -0.684262362944153    0.300583615431046
   23   -0.800968655825741   -0.354773869263696   -0.482270374450236
   24   -0.664243454029797   -0.194928381715677    0.721653351534012
   25   -0.408602203906459    0.725137270469931   -0.554274460838854
   26   -0.386725453210344   -0.730295381115175    0.563127055078244
   27   -0.396606354568161    0.405174559291521   -0.823733558876337
   28   -0.673154270203473    0.739087704479135    0.024752648233939
   29   -0.640439284266851    0.139686154054898    0.755198849001450
   30   -0.387242887042914   -0.892951632383346    0.229521956811515
   31   -0.406080024345953    0.899888178095526    0.159060619736959
   32   -0.786896380970398    0.335314906852283    0.518032816391331
   33   -0.258290927717642   -0.632222668229435   -0.730465806479410
   34   -0.089555456116773    0.955204703296306    0.282070549828112
   35   -0.370574115921939   -0.437056520848617    0.819546473479311
   36    0.420146595284425    0.792649041279596   -0.441796713239746
   37   -0.502391333414065   -0.764442608484617   -0.404017878866359
   38   -0.135926830917090    0.987947872417279   -0.074046593594903
   39   -0.528854191319018    0.501359744938485    0.684800445735489
   40   -0.652455941079154   -0.173421133333543   -0.737716988732010
   41   -0.141013565154299    0.632040231367192   -0.761997585544587
   42   -0.314334801171067   -0.937622579499200   -0.148517780706592
   43   -0.379874454808359   -0.102932834026158    0.919293332002031
   44   -0.600406569512449    0.692544190003838    0.399868098475261
   45    0.042615970504591   -0.977773352075282   -0.205287970980813
   46    0.157665208956897    0.946395076192748   -0.281918501774363
   47   -0.104423368806309   -0.877454707247903    0.468154885455272
   48   -0.368683230257730   -0.300227847019251   -0.879736276165142
   49   -0.307929559461037    0.800493614086501    0.514188059193195
   50   -0.558193592683895   -0.524022765899420   -0.643288468655990
   51    0.136529951493590    0.769874246264256   -0.623420578168704
   52   -0.182118826285907   -0.857258430222262   -0.481602239327338
   53    0.502748999425671    0.554568106647883   -0.663097020552399
   54   -0.089282224359666   -0.644739974500197    0.759169974178955
   55   -0.426822011904746    0.069778250998956   -0.901639598643001
   56    0.502095914341919    0.857513532904107   -0.112117053508688
   57    0.320330375067169   -0.947305832621319   -0.000332100823036
   58   -0.359563258522087    0.251191499252100    0.898675188165592
   59    0.164043756090834   -0.854794240091056   -0.492358053853864
   60    0.234585717414551    0.894370174875866    0.380882569143842
   61   -0.075662402363649   -0.990586164650671    0.114080021350081
   62   -0.124905235160745   -0.027611764207961   -0.991784388214880
   63    0.206829250942169    0.507214409057804   -0.836633255494212
   64   -0.212519253815091    0.586768784700336    0.781369285331313
   65    0.277042051058342    0.203048968073170    0.939158569417225
   66    0.027361603179285    0.782450241860857    0.622111695504388
   67   -0.045954381918511   -0.390867382452985   -0.919299126572434
   68   -0.037000320648980    0.340318899774341    0.939581833970972
   69    0.241562043222097   -0.490391153166531    0.837355537493104
   70   -0.087657782496402    0.314745106413937   -0.945119903057963
   71    0.240316736123066    0.189690120836995   -0.951979792010315
   72    0.209561677478408    0.976385895208124    0.052483206562337
   73    0.335127436744098   -0.423273563170799   -0.841741701391838
   74    0.545487451708801    0.249793035389131   -0.800029299150551
   75    0.444628974525785   -0.842383380247485   -0.304459054217427
   76    0.198745660650559    0.548385987751418    0.812264101638423
   77    0.189727597389141   -0.139879504185652   -0.971821569578346
   78    0.086072369161444   -0.659245070828324   -0.746985598158019
   79    0.701387951227527    0.629047875962495   -0.335192051844799
   80    0.445275800449711   -0.654794601825228   -0.610715556502706
   81    0.419081610873766    0.693500249746171    0.586027309115751
   82    0.516863757207340   -0.610273800132629    0.600348020199277
   83    0.212599247890860   -0.760079182558960    0.614069373960910
   84    0.531156699803110    0.815118220389748    0.231203042892863
   85    0.509934555413561   -0.093097440518114   -0.855160578934828
   86    0.636820466220415   -0.770370332223204   -0.031452265945768
   87    0.649486043631832   -0.363928081501308   -0.667625816323970
   88    0.525022574656034    0.402605086387197    0.749840276670110
   89    0.761886264692930    0.647017681298761    0.029957298927465
   90    0.200319665959121   -0.928180324321519    0.313613323971456
   91    0.772402266707418    0.343738050709045   -0.534077607544061
   92    0.263353449428113   -0.148932306093682    0.953133846254518
   93    0.562637179819315    0.055950511385747    0.824808428764305
   94    0.697986123545296    0.577457175944212    0.423507474891230
   95    0.768546016426138   -0.591321657337788    0.244286140005538
   96    0.509810481974524   -0.801809038615043    0.311761989447277
   97    0.895319364142790    0.388873589416442    0.217210882888778
   98    0.767216845107571   -0.007036856459009   -0.641349199137538
   99    0.537813330722727   -0.300078839583831    0.787851198724066
  100    0.779967081650251    0.270993330089394    0.564104570615282
  101    0.763104782789456   -0.391766418285112    0.513994322914088
  102    0.705484863319870   -0.600086642166160   -0.377077086973323
  103    0.865609341474575   -0.280849005943727   -0.414541076146107
  104    0.934880843749184   -0.272803768853649    0.227103306206797
  105    0.788263039656281   -0.078741491477101    0.610279573500377
  106    0.941323647024331    0.046467593729171    0.334291122056559
  107    0.861420667125988   -0.500552786187393   -0.086031055371044
  108    0.932813271255741    0.080061425005061   -0.351353908752018
  109    0.977500605375721   -0.184308637527097   -0.102581151402211
  110    0.899795436497390    0.396775604077326   -0.181486342371937
  111    0.991856803465444    0.127060927061183    0.008694954494608
   
 U =    5515.42695256080     


 http://math-lab.ru/  - см. Задача Томсона
