     48
    1   -0.088290456303068    0.060803150826163    0.994237281626175
    2   -0.925294672930820   -0.197357029278375   -0.323851773563558
    3   -0.481924912756645    0.332667232095931    0.810605262229485
    4   -0.963915003223920   -0.142638073008896    0.224771543323747
    5   -0.301564402070579   -0.061856140375035   -0.951437191464428
    6   -0.723086145194798   -0.101124620012281    0.683315620964939
    7   -0.837307148424613    0.364167391040892    0.407797560683623
    8   -0.616426617950008   -0.381202687984361   -0.688986745414027
    9   -0.684035132354907    0.726263901247970    0.068093196784135
   10   -0.395808285728656    0.755902682927470    0.521485316084351
   11   -0.139515373852129   -0.614094254989157   -0.776803518560654
   12   -0.804621294431159   -0.593385488840091   -0.021868566069409
   13   -0.950392055832874    0.283462812144451   -0.128077220226407
   14    0.207237089942478   -0.395551613317331    0.894757905667354
   15   -0.208517223208876    0.862284276404105   -0.461504490001462
   16    0.199317479491913   -0.258035183010075   -0.945351990899658
   17   -0.657579798154955    0.617302831136768   -0.431886586650962
   18   -0.495878021022805   -0.777339241673358   -0.387102947058268
   19   -0.723705398110940    0.160747917540573   -0.671126369435336
   20   -0.329647397838123   -0.373015363099068    0.867290108320523
   21   -0.234988418807191    0.971236103166366    0.038482137839620
   22   -0.651526238425499   -0.591743761396424    0.474713473046143
   23   -0.002855805585661   -0.937205395050935   -0.348766242434497
   24    0.021478844544795    0.560412342245899    0.827935182182449
   25   -0.297223349618232    0.477387432665002   -0.826897526647188
   26   -0.148585429687343   -0.782990759645446    0.604026357367355
   27    0.391424021093283   -0.669983849569794   -0.630800187877908
   28    0.125024003238535    0.904731434731062    0.407222334387108
   29    0.419772729708564    0.115517551803713    0.900248049494303
   30   -0.379682334808170   -0.917399791608121    0.119243226189130
   31    0.257397167603501    0.949877129264273   -0.177426428162094
   32    0.505636922449317    0.578467952405711    0.640082909235614
   33    0.507417778226945   -0.847402655682129   -0.156319984269788
   34    0.683745437081747    0.641189412340378   -0.348379555617852
   35    0.385130117131356   -0.741162836106106    0.549865841140856
   36    0.153197925974423    0.252221071519299   -0.955465816530760
   37    0.134048249786627   -0.976264674652630    0.170112761880277
   38    0.238610011855265    0.701322568894305   -0.671723095182772
   39    0.824661760254074    0.192299905649498    0.531933950281279
   40    0.658298589408649   -0.211833816621306   -0.722336072280925
   41    0.612108341555587    0.298414364499274   -0.732306114448434
   42    0.758460436123884   -0.612223008340765    0.223429530037886
   43    0.695861393381546   -0.296151778052900    0.654271385250187
   44    0.596602636668400    0.782343760281379    0.178895317627673
   45    0.841519934422562   -0.450295380090029   -0.298459830863424
   46    0.915481770197085    0.396102050364511    0.070684468830449
   47    0.978347244123864   -0.148044764292942    0.144635464809598
   48    0.931624150296794    0.093247948239046   -0.351256690659388
   
 U =    968.713455616909     


 http://math-lab.ru/  - см. Задача Томсона
