    107
    1   -0.002807259356091   -0.000041866392242    0.999996058763290
    2   -0.983247426192744    0.131054054728898   -0.126685964591420
    3   -0.865883844901328   -0.017816195752295    0.499927745087037
    4   -0.872351451306704   -0.483686539721181    0.071065298814814
    5   -0.593222108079217    0.569178501994284   -0.569318332177696
    6   -0.842616670182725   -0.357310414457917    0.402897524005904
    7   -0.979459468171500   -0.138397592972039    0.146646706300375
    8   -0.953035398720104   -0.225839776588367   -0.201791784017410
    9   -0.953094457519826    0.205363213554775    0.222344115198593
   10   -0.805081642605279    0.525077695885496    0.275929269965264
   11   -0.888199824456610    0.027206097696092   -0.458651174732387
   12   -0.793450145735664   -0.546639572810360   -0.267622950566203
   13   -0.841309641669999    0.374772211716608   -0.389543163408293
   14   -0.041049069432833   -0.353861148623340    0.934396736613345
   15   -0.367089907003244    0.926592723325571   -0.081675732359444
   16   -0.060836092824437    0.953871024305459   -0.293988160986647
   17   -0.671955842132895    0.699415210986895   -0.243502995594774
   18   -0.630475825083877   -0.775505772246197   -0.033030761384429
   19   -0.669896141250296    0.256162287868764   -0.696864436036023
   20   -0.602154441884059   -0.536255574101860    0.591472727489596
   21   -0.878818979937575    0.473818221761208   -0.056333766326491
   22   -0.659792476315308   -0.691576215153544    0.293932350774140
   23   -0.782017611817176   -0.331808375792772   -0.527590425009328
   24   -0.659568904594098   -0.211602898708887    0.721244114950367
   25   -0.375635602695520    0.831150427929475   -0.409983975467607
   26   -0.358654207479023   -0.779393677249744    0.513724298939339
   27   -0.362477392269319    0.380176203046691   -0.850926668245058
   28   -0.630957960835305    0.769724638515495    0.097036243335907
   29   -0.602082839966463    0.119705084702592    0.789409238933941
   30   -0.371948951023832   -0.913868816950375    0.162781335656125
   31   -0.326077766811364    0.906062757282389    0.269673079592954
   32   -0.774490890568688    0.317465789305171    0.547155675331038
   33   -0.191859330488492   -0.560605321891368   -0.805550538682449
   34    0.063014670978729    0.910515906491644    0.408644020226825
   35   -0.368038827558134   -0.445752631545193    0.815997556908211
   36    0.337429085105532    0.838108675008515   -0.428620416452967
   37   -0.531002380888704   -0.766441589252892   -0.361391424571792
   38   -0.036809174737415    0.995780606684077    0.084059907250973
   39   -0.508084468244252    0.466625270134992    0.723955130101584
   40   -0.677735323641438   -0.083167337569592   -0.730587452020783
   41   -0.272048641077285    0.669269373252070   -0.691424647315081
   42   -0.282097453499976   -0.942269637052743   -0.180413297229780
   43   -0.348584114209101   -0.119054082299494    0.929685560180904
   44   -0.559990569094317    0.687489678847339    0.462351061428225
   45    0.051464152893959   -0.939933272213252   -0.337456493126738
   46    0.242513491453518    0.962271253973301   -0.123374390534156
   47   -0.083853745835441   -0.931926017627764    0.352820700891858
   48   -0.442512018123735   -0.312598585345052   -0.840514864982370
   49   -0.234998239234817    0.783239200216608    0.575597240091181
   50   -0.532774177675684   -0.563948016625808   -0.630963002200459
   51    0.027389233158069    0.804310230746309   -0.593578034148697
   52   -0.235300348578020   -0.809575488965271   -0.537792965392543
   53    0.321160411900551    0.623036777282137   -0.713218875228185
   54   -0.115617093851863   -0.665753458003018    0.737160105245986
   55   -0.397872613646296    0.046616271371886   -0.916255590189576
   56    0.567078282347011    0.815218488356368   -0.117647940620828
   57    0.352159455590450   -0.931053115197892   -0.095518660577597
   58   -0.280269816278197    0.226251729157934    0.932876725584056
   59    0.084164800232349   -0.747710875682967   -0.658668909838061
   60    0.413077675538004    0.757403638610726    0.505674363786965
   61    0.005769020308569   -0.999837406651822    0.017084456808398
   62   -0.132597311117197   -0.197132729781521   -0.971368436759902
   63   -0.000366191391980    0.515716797631443   -0.856759038787823
   64   -0.187777535767170    0.546479716490124    0.816149199917566
   65    0.330243266431202    0.132137514640661    0.934601017654828
   66    0.111131596682344    0.705389500147928    0.700053870284201
   67    0.126156767756615   -0.425787614530858   -0.895985143437839
   68    0.080519630474246    0.365295761761658    0.927402607041441
   69    0.244623482056015   -0.554505010028059    0.795414071965396
   70   -0.065144103935503    0.179672178325940   -0.981567192839111
   71    0.277648152967691    0.306581712572458   -0.910449974831000
   72    0.353920925219336    0.913929099226928    0.198679592002160
   73    0.473919530641521   -0.281540520759858   -0.834347178125982
   74    0.586232119535628    0.405528425627827   -0.701340572070789
   75    0.377203837747942   -0.819886713417312   -0.430700640758732
   76    0.382623023640632    0.503319182117601    0.774770561322879
   77    0.200044357064590   -0.066527818938131   -0.977525602996643
   78    0.384145465185638   -0.586600368903124   -0.712974241315932
   79    0.629193447041979    0.643634294721020   -0.435718373331223
   80    0.650436687843850   -0.566035136822960   -0.506494164811930
   81    0.680903358442289    0.520841168725223    0.514873861662208
   82    0.471341938480946   -0.720950482927456    0.508003128135735
   83    0.143771467388946   -0.809122791979911    0.569780723316841
   84    0.661954000228140    0.718398207704931    0.213824499878536
   85    0.514162298881231    0.059425031651937   -0.855631811015891
   86    0.650164359013756   -0.734347017642197   -0.194989138026308
   87    0.746227792806892   -0.245306426456455   -0.618844761132966
   88    0.613294160964713    0.253489695792260    0.748073022006365
   89    0.817420887888641    0.566813769731799   -0.102690031092471
   90    0.282980787611594   -0.925527629751624    0.251635610375527
   91    0.840843576860821    0.362018037955381   -0.402399079828517
   92    0.294319791852594   -0.230471942255780    0.927501236633512
   93    0.594280065056877   -0.088655920256912    0.799356824002519
   94    0.878322349792164    0.423363639506523    0.222065482683288
   95    0.842165886283583   -0.538464026883469    0.028515114108574
   96    0.600372450461239   -0.783415965534917    0.160662209844632
   97    0.968386903580094    0.229783782686386   -0.097088712984018
   98    0.764668631768653    0.106587243841382   -0.635547829072961
   99    0.566084778581079   -0.428779528502514    0.704056914883997
  100    0.841113326156794    0.175534855578218    0.511581750103138
  101    0.743999895187731   -0.535351324744777    0.399828857206001
  102    0.868019071169194   -0.397671094070108   -0.297322372228617
  103    0.929878172996192   -0.022497712416756   -0.367179024892868
  104    0.926204775153373   -0.278425199388437    0.254212751113312
  105    0.812884015535149   -0.176622606634575    0.554999128029098
  106    0.973109576899766    0.071627287920323    0.218923006947963
  107    0.984864366135808   -0.161442988028752   -0.063074098743161
   
 U =    5113.97385013033     


 http://math-lab.ru/  - см. Задача Томсона
