      7
    1   -0.615464237238500   -0.017241004868995    0.787976218189063
    2   -0.933380658064079   -0.108033928989979   -0.342241460578427
    3   -0.073994814096602    0.996671184596027   -0.034224512892979
    4    0.070378583402574   -0.996821520752472    0.037332435802881
    5    0.035077760732259    0.013556652005580   -0.999292633760707
    6    0.555476705704626    0.099771341309841    0.825524868718545
    7    0.961369980093936    0.012263450113363   -0.274986125405450
   
 U =    14.4530101394414     


 http://math-lab.ru/  - см. Задача Томсона
