    258
    1   -0.193060214751076    0.084034862582125    0.977581656615483
    2   -0.993340113221550   -0.017166900759399   -0.113932949506785
    3   -0.940948983015691   -0.067162384414563    0.331819567659123
    4   -0.971986580298158   -0.230048987032825   -0.048161720125679
    5   -0.834224722988589    0.135463112693140   -0.534526759530426
    6   -0.855878678304566   -0.451771782355341    0.251741821497955
    7   -0.950981226542728   -0.251200750718622    0.180368760049208
    8   -0.941417422621140   -0.179603889568541   -0.285439449335969
    9   -0.993089134066427   -0.031762985354648    0.112982673718388
   10   -0.979067226384127    0.187936605037019    0.078148568174037
   11   -0.864777411637100   -0.099279637794464   -0.492243417265928
   12   -0.897275129051264   -0.391477942347916   -0.204064606046908
   13   -0.940859959568469    0.053669780361721   -0.334517699317605
   14   -0.570699819564172   -0.128667305611657    0.811015684445164
   15   -0.896436890554104    0.404584712638588   -0.180864898620049
   16   -0.787681011902133    0.514540837665502   -0.338830857306881
   17   -0.885310061693441    0.280663984609934   -0.370747653272723
   18   -0.793532761529232   -0.598454542401351   -0.110262945085741
   19   -0.734661405134231   -0.012281649619855   -0.678322770433673
   20   -0.736897083421087   -0.431102981634013    0.520704242033574
   21   -0.968760465854309    0.199592723527292   -0.147193425507730
   22   -0.898217158337415   -0.438841915541737    0.024974179304214
   23   -0.835755486768171   -0.335365480034866   -0.434790479585147
   24   -0.866873445359092   -0.292219308767640    0.403903831765211
   25   -0.755229141693654    0.383974981084547   -0.531217617778052
   26   -0.550732168368777   -0.356850839902756    0.754553879311824
   27   -0.690302985540576    0.230919925756844   -0.685680520389942
   28   -0.889594952022277    0.375528120014771    0.259998946949127
   29   -0.857051150071948    0.105609460440286    0.504291550619147
   30   -0.722910922116257   -0.588380999751513    0.362225893354454
   31   -0.915558641033295    0.400099841802907    0.040896105175868
   32   -0.941327764054998    0.158328598247821    0.298050491689073
   33   -0.585166653015061   -0.373110775515228   -0.719978011743120
   34   -0.803000421317216    0.574485621665135    0.158608303264351
   35   -0.713798987488558   -0.251392330294026    0.653676450340418
   36   -0.542142514644755    0.831645719156185   -0.120195222966024
   37   -0.777145018818327   -0.533939710530133   -0.333097591172406
   38   -0.806972394551658    0.585004845915064   -0.081023976003743
   39   -0.720562768701351    0.227686371835046    0.654941380920488
   40   -0.588447730882605   -0.153963909840985   -0.793740752692963
   41   -0.585107963395311    0.473416724150826   -0.658426363738340
   42   -0.643845634465661   -0.730672121508794   -0.227114618264321
   43   -0.839027144816008   -0.116585010755104    0.531452147920327
   44   -0.821236738705044    0.326690832157018    0.467806925115115
   45   -0.619124759302517   -0.652810411223799   -0.436489518106008
   46   -0.681890229282091    0.692285484453347   -0.236149366344294
   47   -0.571619287264107   -0.534611717123207    0.622448152332586
   48   -0.400514244878656   -0.082323939021555   -0.912584850144498
   49   -0.751439074739188    0.536529813038750    0.384024838618176
   50   -0.743431021414444   -0.243052796568041   -0.623085591615736
   51   -0.639242737798825    0.602818747590535   -0.477470710855486
   52   -0.677723071713024   -0.479317279654500   -0.557625666099107
   53   -0.447763741788386    0.681875829279522   -0.578405554074326
   54   -0.363086591733122   -0.464322329618471    0.807819844471093
   55   -0.568305873439661    0.077054586978769   -0.819201455589231
   56   -0.362041004410354    0.932151163399723   -0.004529867336426
   57   -0.458647205538984   -0.804031726382936   -0.378385681310691
   58   -0.723823459241671   -0.002737884537355    0.689979785094956
   59   -0.467300706129430   -0.659350035072618   -0.588971630302066
   60   -0.511818584770993    0.848490294735875    0.134558374031665
   61   -0.772170456672244   -0.623917283421328    0.120332910256207
   62   -0.156573457716583    0.208076715023120   -0.965499266185045
   63   -0.385124803486143    0.546104035168003   -0.743941710426956
   64   -0.569567420074729    0.112240634376560    0.814245045415791
   65   -0.393071990431779   -0.017611464294617    0.919339027053349
   66   -0.666243321058405    0.459666936721273    0.587218991884926
   67   -0.407487336712135   -0.306851023716838   -0.860114248029400
   68   -0.385960963129509    0.217216717331343    0.896577399141835
   69   -0.363672749600291   -0.782675992568210    0.505134063250076
   70   -0.513706136095649    0.311736407538937   -0.799328729592773
   71   -0.373026269230599    0.147571097067929   -0.916009920128635
   72   -0.680179121742951    0.732456696415892    0.029386225012863
   73   -0.227260638068147   -0.467345573810310   -0.854365681090229
   74   -0.315055083031130    0.375684880076208   -0.871551011437869
   75    0.173560281683043   -0.970331831245620    0.168323990843918
   76   -0.555539960620490    0.342953299161480    0.757468406435570
   77    0.034726818081210    0.092889772635738   -0.995070619727884
   78   -0.426060668234630   -0.515926208622226   -0.743163813866200
   79   -0.161826768143708    0.589453661555440   -0.791426862060575
   80   -0.251363902886344   -0.663015536934073   -0.705142954378591
   81   -0.646548359810753    0.713858983617765    0.269036372883364
   82   -0.557969992723783   -0.690675732022930    0.460039694389964
   83   -0.377834649979714   -0.637720883405867    0.671232487401160
   84   -0.445116095567911    0.823327508355732    0.352141272007585
   85   -0.097809974839398    0.415227245474002   -0.904444328545427
   86   -0.283693487967686   -0.803466237284112   -0.523411893664292
   87   -0.190780086719683   -0.015635891622333   -0.981508266600137
   88   -0.176055028026405    0.305812799247798    0.935672570359336
   89   -0.517437250753056    0.770901951040055   -0.371441615083389
   90   -0.639674727327552   -0.768632273468613   -0.004546581231392
   91    0.084722718278599    0.538153544020341   -0.838577858082261
   92   -0.380186862670315   -0.247835562635894    0.891086686773993
   93   -0.173311603163103   -0.380368603520800    0.908450776687803
   94   -0.365592558348929    0.437885697366989    0.821339270533993
   95   -0.278504819054589   -0.915074695723914   -0.291673390985802
   96   -0.468780595257822   -0.869931141538831   -0.153181469149070
   97   -0.572928912395696    0.662483095286084    0.482564617228879
   98    0.003470882625098   -0.144739948442267   -0.989463642737181
   99   -0.425326448223494   -0.852484089555086    0.303921518647535
  100   -0.187690865526667   -0.149318188162841    0.970812143352985
  101   -0.458396302728476   -0.885230748489641    0.078989566230826
  102   -0.206834684218397   -0.244136545578245   -0.947426387914859
  103   -0.022325113451200   -0.385173704379758   -0.922574011537159
  104   -0.191261123310395   -0.893142538212187    0.407081796628070
  105   -0.614049312262295   -0.755002630644785    0.230031454000660
  106    0.022410588340967   -0.502339131119934    0.864380218929078
  107   -0.095979559000800   -0.897322633690195   -0.430813202352603
  108    0.091910897642091    0.312843959122700   -0.945347049572304
  109   -0.251190190316877   -0.949109292680002    0.189986943859409
  110   -0.224732315109225    0.732346285610197   -0.642778581238203
  111   -0.189279933393319    0.971345662570323   -0.143738340815668
  112    0.153218149169161   -0.697592460221920   -0.699920679939310
  113   -0.169628429829714   -0.766521116903072    0.619412280420054
  114   -0.367665968531754    0.894647945721654   -0.253824326650603
  115   -0.478654985243555    0.569465870255137    0.668279902223650
  116   -0.275999296305783   -0.959842146170004   -0.050273679738732
  117   -0.169380590270644   -0.595465781988442    0.785322047392317
  118   -0.359920546857087    0.756779162082441    0.545657859640905
  119   -0.263696569132998    0.650392958718543    0.712357437440521
  120   -0.009867571495213   -0.955848416855156    0.293694458627121
  121   -0.288196858163538    0.932478406353192    0.217776474004141
  122    0.105535346940183    0.992515504705749    0.061443172646820
  123    0.026332444524979   -0.706615583566886    0.707107502029054
  124   -0.298785668975886    0.834940465446801   -0.462170469820511
  125    0.180833010298454   -0.276227725074836   -0.943926727180866
  126   -0.123287347815016    0.990175680351500    0.065972357159513
  127   -0.062552670369236   -0.775107013292260   -0.628725919121226
  128   -0.120046708128521    0.929131941650565   -0.349717919003526
  129    0.091276193561503   -0.943934317969391   -0.317264337498849
  130    0.132496368866874   -0.842857779595787   -0.521570201997730
  131    0.155487438948051   -0.511918395978266   -0.844845081768495
  132   -0.088099653310318   -0.979403554422572   -0.181678641207585
  133    0.017124668991754   -0.265338793531450    0.964003148521413
  134    0.027332522946091    0.212887102082553    0.976694432745623
  135    0.285445681085701    0.433034684404210   -0.854986388928190
  136   -0.044483985660918    0.842213271073026   -0.537306226511654
  137    0.217523231728054   -0.027275568571529   -0.975673965532382
  138    0.107531001364673   -0.992693656622650   -0.054739271521115
  139   -0.204840107410380    0.884051080639728    0.420112148379255
  140    0.024368782628549    0.710668178566233   -0.703105185876591
  141    0.205444639854989   -0.127630167098511    0.970310795776930
  142    0.192302260015580    0.806429322147923   -0.559188330683806
  143    0.275133179160105    0.200579706488321   -0.940249708891373
  144    0.019906389438834   -0.858460505908607    0.512493215032792
  145   -0.070643166257546   -0.994997112260349    0.070641982239141
  146    0.273460494004477   -0.943475299438525   -0.187279784195231
  147    0.031971042896485    0.987338605749952   -0.155371586887217
  148    0.408370084768849    0.715789247599425   -0.566462379057014
  149    0.255910304333437    0.642561686600271   -0.722235692173533
  150    0.349004702266977   -0.399497488201276   -0.847701288613159
  151    0.206683686699130   -0.378731113302359    0.902133359026930
  152    0.469411649398237    0.305624582952419   -0.828399853756860
  153    0.212976546814705   -0.897160942671086    0.386966708454889
  154    0.010814474498430   -0.020082649292475    0.999739833326010
  155   -0.046561046649269   -0.603204669533923   -0.796226221363876
  156    0.323608232860782    0.944502000772678    0.056512672571105
  157    0.381553207538676   -0.156360465469930   -0.911026099875835
  158    0.226920021178088    0.107257705452670    0.967989198601702
  159   -0.036763846965886    0.962711549101820    0.268020321584470
  160    0.348979941727056   -0.936699245352654    0.028416967254586
  161    0.045268375591933    0.437352492020788    0.898150083167882
  162    0.224304782235078   -0.775770393179500    0.589803070297704
  163   -0.156467306048409    0.509628385253862    0.846047806617035
  164    0.354913622017325   -0.743523545906361   -0.566753083440554
  165   -0.111513929157357    0.789377259877950    0.603695440757562
  166    0.237607602044619    0.337323561794642    0.910909129446391
  167   -0.008502100300459    0.651554253509100    0.758554394242549
  168    0.383270953390609   -0.478683185276073    0.789915048863488
  169    0.043044816762328    0.887176353959993    0.459418393976723
  170    0.421004959303681   -0.789554262432785    0.446496238411845
  171    0.383383103602216   -0.232724585084648    0.893787817868151
  172    0.210073958049528   -0.606127392568116    0.767123533811851
  173    0.204404359313152    0.573017998233830    0.793643012691395
  174    0.589184020939703   -0.113085113336503    0.800046215296963
  175    0.138581470656564    0.762281472208952    0.632235820811836
  176    0.325396293786152   -0.863182032156010   -0.386049260267724
  177    0.414360421547378   -0.654292542220530    0.632618929727585
  178    0.201227310635704    0.942299858180751    0.267541672878932
  179    0.272328044786490    0.844573454506058    0.461013140774176
  180    0.335960224232853    0.863234616054258   -0.376771449792934
  181    0.456013848900767    0.524779164458715   -0.718789397640728
  182    0.557341245042474   -0.633093177155963   -0.537181315398324
  183    0.115012924345519    0.922527440233256   -0.368395370831622
  184    0.530851186653065   -0.284558255001585   -0.798262874709507
  185    0.248547793776844    0.954656498644636   -0.163874841889250
  186    0.556362690155257   -0.471492955361259   -0.684218495838801
  187    0.634469322834882    0.378847256521634   -0.673738402206285
  188    0.532827536614903   -0.764677716615724   -0.362440072199883
  189    0.444144989498166    0.073009589223274   -0.892975267398332
  190    0.534971133424788    0.754256187905317   -0.380661909584787
  191    0.541966413652032   -0.330102974604582    0.772854729318752
  192    0.452835349367277    0.875692140875256   -0.167640749141512
  193    0.426462241738885    0.864866813473282    0.264830797536117
  194    0.601387620138354    0.582352757099802   -0.546990124812675
  195    0.711558774830958   -0.611294068605185   -0.346415461042352
  196    0.472177979768279    0.750980930674230    0.461601123466586
  197    0.714900358141155    0.606833395764388   -0.347376895769868
  198    0.362154246724369   -0.588254138004614   -0.723050047161297
  199    0.703589996631743   -0.263759942000938   -0.659842261177173
  200    0.397510948772179    0.461061353618155    0.793352049096766
  201    0.629217167114790    0.732815323912280    0.258973855142520
  202    0.591961663824424   -0.069919510105751   -0.802927550074595
  203    0.631882080777096    0.157242501663902   -0.758946527538854
  204    0.586909810851292   -0.503816437557847    0.633802706820522
  205    0.765945978710837    0.416446562808447   -0.489794873413074
  206    0.522664733741989    0.850824458276833    0.054030707013235
  207    0.635874489190464    0.751751634157113   -0.174737272895272
  208    0.694032897413923    0.718666275057556    0.042861665881430
  209    0.349281326621520    0.678520318773865    0.646229627829399
  210    0.790510779366258    0.496090683140355    0.359147242516336
  211    0.838317887741475   -0.236685501984716   -0.491124314448912
  212    0.535480114395179    0.554163986047013    0.637309441053412
  213    0.417472555917839   -0.001516128015604    0.908688266905250
  214    0.752680210941685   -0.450527329933934    0.480101681979328
  215    0.643847487534084    0.619094544229766    0.449646926044186
  216    0.399433043509053   -0.884244319278955    0.242002536300743
  217    0.428629495314016    0.227846108582078    0.874278506284385
  218    0.606155725277068   -0.647499212500177    0.461865788433700
  219    0.587121141115030    0.336430397454788    0.736276682588956
  220    0.714899935401540    0.411945145707441    0.564994937402938
  221    0.798314152669637    0.590864633799952   -0.116505356837390
  222    0.755792843069398    0.185621571329017    0.627950484212269
  223    0.724608019309843   -0.453573131569805   -0.518858971850566
  224    0.608463878885432    0.109798942006240    0.785949044420823
  225    0.905267345034928    0.360156867322918    0.225339887577752
  226    0.596874323788442   -0.757134101660476    0.265497634085266
  227    0.479664756855303   -0.861725765125850   -0.165379644301258
  228    0.759628739702605   -0.583696834814539    0.286813847025069
  229    0.663034435579296   -0.733634793608394   -0.148880243293772
  230    0.812465518680004   -0.568269041657846   -0.130269249054815
  231    0.856555028158571    0.270800070825634    0.439295806236642
  232    0.711855042730761   -0.282391028350958    0.643053423321636
  233    0.855664942540300    0.438133869180798   -0.275456382725413
  234    0.780965612965612    0.198719667516696   -0.592117560208529
  235    0.754507811439274   -0.049578889297039    0.654415690683826
  236    0.556315626963052   -0.829234106245933    0.053700281518959
  237    0.876152451980000   -0.372578998958848    0.305845991349006
  238    0.731139481446669   -0.678271121847925    0.073371274604254
  239    0.753435506418367   -0.034570529959643   -0.656612378901288
  240    0.865765886370683   -0.491385906576599    0.094812028850144
  241    0.888782771735791    0.230233821399204   -0.396304897963126
  242    0.847573272877796   -0.419928986711436   -0.324467553420564
  243    0.806166332050915    0.571550413554281    0.153055446925303
  244    0.954362178161046   -0.275281508330294    0.115814179041696
  245    0.933294292270345   -0.200926232790980   -0.297641416795481
  246    0.875275059111952   -0.005050906953531   -0.483599068687603
  247    0.949931498029774    0.121926803414759    0.287687336634701
  248    0.875758994800070    0.029588625165683    0.481840945009425
  249    0.846125701608947   -0.215321964673875    0.487552816221740
  250    0.903644681541620    0.428178906097735   -0.009440015598075
  251    0.921021845315826   -0.374422608398712   -0.107361402612559
  252    0.983398887071097   -0.160518213934940   -0.084619926154929
  253    0.940907948215589   -0.131466787453986    0.312103695558476
  254    0.973277692716081    0.217558040415072    0.073478104983839
  255    0.948532374996202    0.265896348077919   -0.172004260595166
  256    0.991876249103130   -0.034372553691105    0.122474626016404
  257    0.956588846403336    0.030353269549162   -0.289855926219234
  258    0.994643359317949    0.062802628398007   -0.082100046473843
   
 U =    30994.6686952428     


 http://math-lab.ru/  - см. Задача Томсона
