    126
    1   -0.196252520592599   -0.016516051712839    0.980414283962076
    2   -0.995208876585258    0.018676478571268   -0.095971251497964
    3   -0.874392616161674   -0.049718852103857    0.482665089422695
    4   -0.878598363928858   -0.468702626381516    0.091557429652667
    5   -0.745079503204042    0.447121869432989   -0.494912687026679
    6   -0.824379368783372   -0.395709942607779    0.404737319314242
    7   -0.968093207284333   -0.177794213507921    0.176592071319847
    8   -0.938941800742907   -0.294902661668570   -0.177258892466526
    9   -0.964877277540836    0.138351129974995    0.223317720120969
   10   -0.862051714627026    0.435428084931477    0.259363112569060
   11   -0.899459152572582   -0.088491730184195   -0.427951453487916
   12   -0.774667906256368   -0.607180478870001   -0.176696069836234
   13   -0.913072799763030    0.226111144568085   -0.339369728518930
   14   -0.198587909188874   -0.340725926477126    0.918949773029133
   15   -0.541498694733721    0.830913804677451   -0.127911738312473
   16   -0.296557079277355    0.891646445778420   -0.342082613503224
   17   -0.776565612372029    0.591076960304738   -0.218114366051774
   18   -0.551767730355599   -0.829355295239789   -0.087875855591586
   19   -0.753955756011258    0.151713623724010   -0.639166405839685
   20   -0.610501221495555   -0.619464768981224    0.493509532373463
   21   -0.932098493508089    0.358915141429645   -0.048706464175587
   22   -0.692737812719476   -0.695924938171757    0.189216286982049
   23   -0.788133683790189   -0.412501319652309   -0.456823771010671
   24   -0.703157762878333   -0.256137804885358    0.663296755165022
   25   -0.545272515328121    0.707099989394754   -0.450208272942293
   26   -0.335505681029603   -0.783618911498959    0.522854989015165
   27   -0.532412877298984    0.443612929518922   -0.720932796347799
   28   -0.738807286518419    0.668159045714443    0.087904965828196
   29   -0.667427466399347    0.083472391865477    0.739981713890286
   30   -0.433527231728526   -0.870586466491614    0.232665733857497
   31   -0.501630914417565    0.836713092052490    0.219721704181812
   32   -0.802609371058107    0.277117109587979    0.528227512595959
   33   -0.250599352395903   -0.480925623744014   -0.840184806459380
   34   -0.219779254931875    0.919944234262047    0.324653176404616
   35   -0.479139337155822   -0.467180961422733    0.743079702908114
   36    0.288904050019930    0.874684045815806   -0.389181538459079
   37   -0.586422775759051   -0.690914202152225   -0.422783506460936
   38   -0.261098082090074    0.965268664872320   -0.009175845709970
   39   -0.567497409257436    0.437423082924706    0.697572746751723
   40   -0.707737777432785   -0.165532925647051   -0.686808626126107
   41   -0.304497518848116    0.684241415975144   -0.662642396530490
   42   -0.330464885035223   -0.888157306603919   -0.319326726856254
   43   -0.471087017088856   -0.142607885117947    0.870482632470350
   44   -0.659933934443999    0.612592726998043    0.434991210254144
   45   -0.068213091562737   -0.852447476237834   -0.518343780125894
   46    0.013086475648788    0.972718483145501   -0.231619292595001
   47   -0.112793171104357   -0.941273140541715    0.318249234793989
   48   -0.447930896448924   -0.190600931383152   -0.873515424570361
   49   -0.395758087236687    0.734658527089194    0.551046626849212
   50   -0.556088539651854   -0.464523055039888   -0.689190733690085
   51   -0.047142359672581    0.842324898762840   -0.536904426177204
   52   -0.331812428612880   -0.707146975176362   -0.624374621294735
   53    0.216535043736252    0.718376943883351   -0.661095410157230
   54   -0.203302781840158   -0.622344849482356    0.755880193693972
   55   -0.513294805779400    0.127802228648981   -0.848643053770100
   56    0.338657292370300    0.937828463963271   -0.076085547278766
   57    0.012534947533162   -0.970615474832570   -0.240309124058754
   58   -0.406341124514692    0.221280662176311    0.886522283462152
   59    0.244601296516114   -0.806744904154438   -0.537896705105620
   60    0.083881732601274    0.913421420096656    0.398277747613918
   61   -0.239260011347177   -0.970901260444060   -0.010265935821216
   62   -0.208652543910911    0.090340252583444   -0.973808376777826
   63   -0.025798449301052    0.582687846457413   -0.812286472621872
   64   -0.271745266730375    0.538810484571008    0.797394363991866
   65    0.109550543928998    0.057236611611590    0.992331924618010
   66   -0.084925752564040    0.766891699881603    0.636132641203183
   67   -0.138169112708665   -0.212784700539708   -0.967280707710811
   68   -0.086344972773660    0.318108452189135    0.944114165936805
   69    0.099850653709515   -0.552805675860413    0.827306310679603
   70   -0.267163492438535    0.390281664812810   -0.881081091851928
   71    0.064608900993057    0.284162217326351   -0.956596845152983
   72    0.055232111085378    0.994576971428537    0.088125262037008
   73    0.123116193720082   -0.380822093026991   -0.916415264116886
   74    0.310327870428457    0.457454509669116   -0.833325857284369
   75    0.532079041410863   -0.673110844548120   -0.513627963260388
   76    0.091775737143836    0.565270621300676    0.819784324542775
   77    0.138513570819496   -0.034759169383845   -0.989750367942633
   78    0.016091341269371   -0.650551131182731   -0.759291969174587
   79    0.507157590801584    0.641049539419033   -0.576061338837262
   80    0.342706591335506   -0.554746903949192   -0.758160975528274
   81    0.272033745078906    0.754816730173385    0.596866270942414
   82    0.233251335173431   -0.900697689529777    0.366520786198454
   83    0.018625483927070   -0.805626046099551    0.592131543826611
   84    0.366813252376654    0.894018612732803    0.257252323542810
   85    0.396939573713243    0.141212073624616   -0.906916823685053
   86    0.328614527681492   -0.911618253626966   -0.246910210098306
   87    0.407628372054291   -0.214315439829699   -0.887641821089436
   88    0.281186840678312    0.303643111675537    0.910348736123331
   89    0.580264927181566    0.768356901948287   -0.270037563148911
   90    0.090304612531319   -0.993617762889375    0.067593033859131
   91    0.594842445065617    0.346739376302221   -0.725213258614254
   92    0.114504452100591   -0.258319197249095    0.959249666552836
   93    0.397702046060113   -0.395802744681140    0.827751937395785
   94    0.434979578631148    0.521193417490539    0.734268471159154
   95    0.611519441717586   -0.760454863971074   -0.218523161848231
   96    0.396050685982770   -0.915531648502080    0.070325349082966
   97    0.559823332439877    0.702590222706005    0.439277606319553
   98    0.644137685287898   -0.021139829373548   -0.764617387983039
   99    0.332530016507417   -0.688139408989408    0.644893744672163
  100    0.401946563471703   -0.059210582357147    0.913746719310234
  101    0.654432786219342   -0.748857980590386    0.104544025306458
  102    0.612330550177990   -0.382738037539257   -0.691782402160765
  103    0.817989172410332   -0.193567947672613   -0.541687329972995
  104    0.619974597362258   -0.500896579318936    0.603932210974125
  105    0.524054136603950   -0.754056278530589    0.395937357061551
  106    0.572349832028784    0.192974996370397    0.796979498200843
  107    0.774182269432908   -0.494589205944843   -0.394997887410251
  108    0.806207594856292    0.181943136803389   -0.562961818391067
  109    0.786345284297203   -0.533943483899060    0.310749818769512
  110    0.747940106598093    0.501182477324296   -0.435203080601590
  111    0.606512854703421    0.791903251383350    0.070932344723590
  112    0.834516474501631   -0.547734739967385   -0.059740341631346
  113    0.643393278687579   -0.183983468048724    0.743098359858512
  114    0.802700018351433    0.587837642853823   -0.100596153915891
  115    0.692828573020173    0.427661108032788    0.580598437031136
  116    0.943410216117869   -0.300026991647355    0.141283291324469
  117    0.794204441851363    0.066906389655609    0.603955991415613
  118    0.781254793847102    0.574645994829113    0.243768184383815
  119    0.880461967078827    0.288189998334274    0.376474765937605
  120    0.835131661161229   -0.260923572926881    0.484225151780819
  121    0.944454533845725    0.320829195670746    0.071233845210801
  122    0.918765647767144    0.309313902239013   -0.245345866818040
  123    0.952218078133389   -0.013500593563029    0.305120411721998
  124    0.943674695618405    0.007931047640089   -0.330779635607818
  125    0.938730588842993   -0.280369038234575   -0.200444715495090
  126    0.999899890573158    0.009355113265835   -0.010615587010133
   
 U =    7157.72353374103     


 http://math-lab.ru/  - см. Задача Томсона
