     82
    1    0.024067786955618    0.031382684174311    0.999217628329822
    2   -0.960196573738883    0.229534327318757   -0.159174534277425
    3   -0.815506091809970    0.043642918739524    0.577100606363158
    4   -0.613393899091548   -0.634167650157750    0.470722121904916
    5   -0.531591523365035    0.282323529500419   -0.798563633642847
    6   -0.652551766819416   -0.282057518049131    0.703292078821327
    7   -0.884776391840693   -0.302969107367844    0.354091028440563
    8   -0.985804560437646   -0.167764382764838   -0.006669369975652
    9   -0.958883976648120    0.153273909545168    0.238848546112862
   10   -0.738924526839148    0.446200694065805    0.504871750299752
   11   -0.898387207534822   -0.102022914015583   -0.427190531675918
   12   -0.785691886221769   -0.608838543636496    0.109562254941517
   13   -0.754025655421211    0.588629210556182   -0.291480639917337
   14    0.360001623663957   -0.487781243599979    0.795278749465477
   15   -0.330573272666070    0.889810376138000   -0.314577185943283
   16   -0.079211884013531    0.793445148839561   -0.603465221213281
   17   -0.576315118113083    0.816789391699005   -0.026757695010456
   18   -0.469711714425298   -0.872956257224437    0.131598929723417
   19   -0.802166783489741    0.273793109361618   -0.530627727066556
   20   -0.351204085637841   -0.527349135210859    0.773665677036048
   21   -0.839719653402348    0.529737882408760    0.119367833317542
   22   -0.253023549725833   -0.844729137682911    0.471605520783657
   23   -0.855620670646378   -0.457546643351886   -0.242000696528058
   24   -0.549373945344302    0.217125134752008    0.806873561368668
   25   -0.493790140918834    0.640499759041703   -0.588159294238286
   26    0.012969804086080   -0.685899360752843    0.727580821009467
   27   -0.273257752649476    0.018123675369229   -0.961770104031139
   28   -0.533539474293089    0.769374502486403    0.351281232483111
   29   -0.187893634848440    0.338281130892093    0.922096447485732
   30   -0.043834292246879   -0.987294961295094    0.152732492366665
   31   -0.203919571839306    0.976003292806261    0.076383117586352
   32   -0.390646646318605    0.605573914639431    0.693307602459617
   33   -0.015443975160164   -0.850356437471849   -0.525980430131614
   34    0.197295906773125    0.972581704581888    0.123122512495318
   35   -0.002383367155356   -0.345313700232288    0.938484292885549
   36    0.360519712652441    0.778268692766825   -0.514123894258980
   37   -0.592109635818428   -0.762772984628300   -0.259968369407132
   38    0.083684423073832    0.961635417641428   -0.261255126021281
   39    0.032114298327526    0.637549696764545    0.769739602721835
   40   -0.643561749284817   -0.098823907018222   -0.758987556063418
   41   -0.205649328908701    0.473930422821142   -0.856211602259613
   42   -0.241925039150312   -0.948308513229688   -0.205385586563951
   43   -0.360519052402182   -0.112405297521360    0.925954135983077
   44   -0.157408308772063    0.874525880213143    0.458723347091628
   45    0.190047949936195   -0.958921135416935   -0.210599223112873
   46    0.492983504071585    0.858572603385178   -0.140784762775303
   47    0.216418543920034   -0.857639318139310    0.466495245237368
   48   -0.337514450302172   -0.374105538673054   -0.863787613809880
   49    0.235481393563319    0.840915006772300    0.487247847271407
   50   -0.666168362948820   -0.454876388594010   -0.591022151281794
   51    0.181097122039813    0.565883208519450   -0.804350686395325
   52   -0.367412508164296   -0.709179971232766   -0.601724037451317
   53    0.701755445299534    0.580612501510273   -0.412829768890807
   54    0.568742325556662   -0.646977021656857    0.507890638394155
   55    0.068335736562198   -0.207439220678520   -0.975858184795716
   56    0.795087383812016    0.606349311625147   -0.013287753560147
   57    0.707717689000308   -0.691490742397730    0.144831715636803
   58    0.276504915429821    0.325660458348365    0.904151700552225
   59    0.360384044951457   -0.730358238603980   -0.580258721130254
   60    0.768981608147641    0.460889599546055    0.442998942844048
   61    0.382633406628777   -0.914632907247858    0.130530920133844
   62    0.008929921735907   -0.576969262573896   -0.816717041907860
   63    0.091042988336110    0.208846899757602   -0.973701261546101
   64    0.469511218141681    0.576384925182217    0.668834534142642
   65    0.688796558498401   -0.260666102084078    0.676470608544859
   66    0.569017664316007    0.777034597337412    0.269139614767209
   67    0.391814362232887   -0.408197599597210   -0.824533944256458
   68    0.397779021871650   -0.095248172921273    0.912523772465130
   69    0.869422165030755   -0.371436247804468    0.325791670811537
   70    0.429366727827773    0.030001956987319   -0.902631760803597
   71    0.514350600427728    0.405927825113417   -0.755424424173806
   72    0.949088768961768    0.273176859130241    0.156859530365143
   73    0.702241168229518   -0.509341999356505   -0.497421420261693
   74    0.782701081063231    0.194306996323815   -0.591289953307230
   75    0.571387987681764   -0.786837571171888   -0.233243229537983
   76    0.643374453920079    0.184926425043141    0.742880561977364
   77    0.693485114995507   -0.174627386192938   -0.698987604518914
   78    0.875660101235542   -0.466037181494848   -0.126604630912530
   79    0.935874147618420    0.262912619541387   -0.234556036599748
   80    0.923584253523810   -0.137305122943187   -0.357965682512197
   81    0.886139995902219    0.023615618198707    0.462815525063181
   82    0.993301147919697   -0.106451430442511    0.044954671594339
   
 U =    2952.57478491059     


 http://math-lab.ru/  - см. Задача Томсона
