     47
    1   -0.243973324868872    0.021271920259175    0.969548617739675
    2   -0.921573293083174   -0.082901874202563   -0.379249185535760
    3   -0.546085213339440    0.420173616230537    0.724737933321950
    4   -0.963640657834111   -0.214151408662064    0.159799426585628
    5   -0.495583173538363   -0.092262124215385   -0.863646350389388
    6   -0.725402187736349   -0.135286889030136    0.674899343371933
    7   -0.893589243978451    0.256540936192999    0.368354463938256
    8   -0.675691536911196   -0.472684534857766   -0.565694508947085
    9   -0.642950923007191    0.718919042882836    0.264139206451122
   10   -0.173003373957460    0.848386946345614    0.500309326187010
   11   -0.203326387465736   -0.619327548217116   -0.758348052136688
   12   -0.774477243150599   -0.628848324511897   -0.068809771111576
   13   -0.926854472385926    0.351703137252308   -0.131322847460335
   14    0.167793687392640   -0.351399506469515    0.921066591145376
   15   -0.235523487596862    0.732906800810257   -0.638260376426647
   16    0.023968132011521   -0.201087733328211   -0.979279966175557
   17   -0.617911028888098    0.731325217397239   -0.288702938636470
   18   -0.375720094063557   -0.868731472098990   -0.322707360160244
   19   -0.668268396762578    0.344519793772305   -0.659335621354908
   20   -0.344153595333871   -0.468800850074650    0.813501116033688
   21   -0.242491840303842    0.969803123534144   -0.026069310874562
   22   -0.639190360233733   -0.642492520367092    0.422657124223184
   23    0.135924331890105   -0.926137691041383   -0.351843080410520
   24   -0.049586747881771    0.494886251134249    0.867541787392860
   25   -0.143938391844189    0.321147101969125   -0.936026857654278
   26   -0.045827475870196   -0.811537854086018    0.582499917459932
   27    0.320451408735944   -0.592710611431342   -0.738921528807920
   28    0.269650821355954    0.947121229484458    0.173924728552063
   29    0.349210742584109    0.158941832375010    0.923465944789048
   30   -0.263013745977080   -0.952380733819555    0.154255331435998
   31    0.163865162914412    0.922536925125066   -0.349390655518748
   32    0.375358266670602    0.674521590580074    0.635709678613885
   33    0.636354070495792   -0.709114374447725   -0.303661490668555
   34    0.638880792292982    0.705815978803185   -0.306031268508944
   35    0.451211950921501   -0.680228397743763    0.577665216408748
   36    0.405343480614430    0.116888026959175   -0.906660825158433
   37    0.306800357978137   -0.942752467692862    0.130733794420209
   38    0.315539682712121    0.591764270620198   -0.741788215497712
   39    0.763695619627351    0.294833658280049    0.574318826530352
   40    0.689828566601854   -0.258858576079190   -0.676112998166938
   41    0.791885601786046    0.260881107686160   -0.552139693679412
   42    0.776570809220934   -0.603209326431551    0.181868872465683
   43    0.665855647353566   -0.229417676514936    0.709932240844048
   44    0.714356591453475    0.668346270621849    0.207383516203287
   45    0.943129565019753   -0.236846083365170   -0.233260704749492
   46    0.957115400534782    0.285673254578151   -0.048175737439829
   47    0.950561735871743   -0.116014470643414    0.288050392983290
   
 U =    927.059270743305     


 http://math-lab.ru/  - см. Задача Томсона
