     23
    1   -0.468794371100231   -0.365174006575306    0.804288370266832
    2   -0.774977627686091    0.082199207308985   -0.626620273294611
    3   -0.620742300930167    0.330884920326487    0.710770121302561
    4   -0.965777820876777   -0.219616447391213    0.137992089402862
    5   -0.142491014752422    0.004529005519579   -0.989785733794860
    6   -0.563216217608525   -0.796650989417625    0.219396201614034
    7   -0.883860108183538    0.467576277790935   -0.012795843425067
    8   -0.586186861931062   -0.605456855064969   -0.538337217322239
    9   -0.370353674316353    0.907187419538693    0.199622498108565
   10    0.080808661768058    0.678612782394204    0.730037431748847
   11    0.163165016551046   -0.623171123128968   -0.764875760285340
   12    0.011370396657059   -0.988908871355240   -0.148087670772307
   13   -0.359016633733871    0.742947886578258   -0.564920786067657
   14    0.142352051042749   -0.004529458472241    0.989805727185830
   15    0.295045092676613    0.954717254206228   -0.038253860045366
   16    0.683087344054459   -0.129385629629505   -0.718784417776291
   17    0.727859249620032    0.450224403632978    0.517222291781680
   18    0.670720832057556   -0.734957491658092   -0.099855149590122
   19    0.299389497759843    0.550682967768396   -0.779175331771290
   20    0.155055539826153   -0.789325026196020    0.594073886473621
   21    0.812572684044632    0.523315283420981   -0.256645177789339
   22    0.700352622814494   -0.323360498533646    0.636352254419619
   23    0.993667263741160   -0.112355003125194   -0.001312342140509
   
 U =    203.930190835221     


 http://math-lab.ru/  - см. Задача Томсона
