    252
    1   -0.200530984662882    0.065816588459538    0.977474041022923
    2   -0.974792033976402   -0.107254499134095   -0.195644992043355
    3   -0.962687037665335   -0.026337777219493    0.269332487832934
    4   -0.960632614543092   -0.273462960814635   -0.049020291090498
    5   -0.844057255617266    0.158645859454219   -0.512248807239100
    6   -0.851534502935376   -0.430953436875056    0.298610323927654
    7   -0.951177993913604   -0.248087184958564    0.183611471738088
    8   -0.902217606385504   -0.272356269084242   -0.334403130096779
    9   -0.997763264760748   -0.052809842730279    0.040982776928573
   10   -0.977938330099364    0.176983958594558    0.110965314052034
   11   -0.877596843542186   -0.091700077465364   -0.470547421624683
   12   -0.880436251526906   -0.437903402680965   -0.181858782899486
   13   -0.942310517726923    0.067467453720117   -0.327870448301980
   14   -0.601449432653016   -0.101007013319651    0.792499945250225
   15   -0.930261790498600    0.357819858329393   -0.081104562901675
   16   -0.826255202845430    0.503571825857650   -0.252423762695294
   17   -0.907864858141247    0.291215643015964   -0.301620371684296
   18   -0.777672501914308   -0.624916627516343   -0.068590731297606
   19   -0.751281030539681    0.001005205520612   -0.659981668467463
   20   -0.759086743551757   -0.385957405740879    0.524236775434307
   21   -0.984983147525308    0.131858453331455   -0.111451995837555
   22   -0.885229224768913   -0.460254699518491    0.067341155218579
   23   -0.784368005731488   -0.412544530805927   -0.463221158505228
   24   -0.885225506248245   -0.221875354960365    0.408836311925384
   25   -0.789767905884601    0.387078488107257   -0.475853862944551
   26   -0.614940540417949   -0.323010015723744    0.719383528788801
   27   -0.702544742603869    0.243098263875649   -0.668830411046260
   28   -0.840712464361119    0.414262600826672    0.348696214238376
   29   -0.820281414349722    0.212294031759801    0.531102292738026
   30   -0.709510198900903   -0.582753580166687    0.396224106357134
   31   -0.906893118480171    0.397987565405715    0.138386305087394
   32   -0.923856769093169    0.197674242962456    0.327740085845402
   33   -0.614206561464350   -0.366199936180504   -0.699033551838204
   34   -0.774775204162823    0.597204854347996    0.207532515422632
   35   -0.766319534660936   -0.170109649999666    0.619529723075526
   36   -0.534935451739867    0.838275631997133   -0.105536852670869
   37   -0.758176497458216   -0.575166177725984   -0.307168140766704
   38   -0.823931875063190    0.566302856342142   -0.020912679254151
   39   -0.650145015196745    0.285763734325409    0.704024536049150
   40   -0.609561136200961   -0.150063586029040   -0.778406154511575
   41   -0.630267343437461    0.465897104562692   -0.621049888299150
   42   -0.623308781859620   -0.757645219356357   -0.193545560639178
   43   -0.874342248883254   -0.004360008528242    0.485290245258864
   44   -0.729075570213675    0.419085603383281    0.541124819200224
   45   -0.594967453357183   -0.692569709741462   -0.407873664992354
   46   -0.700530816124028    0.689278956809563   -0.184800149783825
   47   -0.591360798446465   -0.526845572734050    0.610513020787673
   48   -0.418463507736810   -0.097948367391074   -0.902936548168268
   49   -0.676688729102703    0.603975112680816    0.421077697304860
   50   -0.765964560978026   -0.232819771541485   -0.599243894674874
   51   -0.687519966935080    0.592977355973905   -0.419158860538321
   52   -0.624287784213293   -0.540259083653546   -0.564256045613946
   53   -0.500821772034218    0.663981326600902   -0.555253411139286
   54   -0.423271854141489   -0.458319945705253    0.781526560559755
   55   -0.581932545239397    0.079070965072069   -0.809383898575805
   56   -0.328790585892565    0.943828243232015   -0.032939306398173
   57   -0.423552200012823   -0.832157864577643   -0.357934103273039
   58   -0.730148963696454    0.056330570462850    0.680962082383684
   59   -0.427547459293402   -0.700771112375767   -0.571071815196116
   60   -0.471927770687875    0.872076916272911    0.129483710780556
   61   -0.758969707333212   -0.628509796263976    0.170118838906080
   62   -0.149462323137767    0.206128256644964   -0.967042995825299
   63   -0.438943492222801    0.518824876665899   -0.733586639728306
   64   -0.544999383306572    0.135360746230831    0.827437695887303
   65   -0.405524972225936   -0.019995838243239    0.913865232599481
   66   -0.558728846289135    0.530451812936396    0.637528784037946
   67   -0.432053435829114   -0.322560172178573   -0.842190455842612
   68   -0.347057426340976    0.233108511414405    0.908411561313339
   69   -0.328257763914048   -0.796949544376497    0.507068303237585
   70   -0.523635708604991    0.307442792027385   -0.794534186995220
   71   -0.380336863829540    0.129422961806628   -0.915747545434608
   72   -0.670559496900657    0.739861260237537    0.054362456861888
   73   -0.234663294486052   -0.476359158852731   -0.847357710768050
   74   -0.314748842000817    0.346982984383279   -0.883479470620352
   75    0.243249797228526   -0.955252768931657    0.168290473873848
   76   -0.463447185350301    0.391565211866011    0.794917222890037
   77    0.022591119372207    0.064959123913340   -0.997632173471727
   78   -0.437122239354041   -0.528134583906937   -0.728009621600948
   79   -0.222050236054468    0.537492264777045   -0.813508302338088
   80   -0.240052260838855   -0.665928776524404   -0.706338287694264
   81   -0.590199629094929    0.756549301828541    0.281598209722567
   82   -0.531840896604551   -0.705275305645687    0.468755804172332
   83   -0.384598632823219   -0.642792529684640    0.662496532377440
   84   -0.379796962678057    0.851751061093674    0.360935447228896
   85   -0.058457257239999    0.407264887059684   -0.911437359802768
   86   -0.240385074827410   -0.827857724668350   -0.506820089881176
   87   -0.204140600184351   -0.025878524973000   -0.978599467249801
   88   -0.127127175458855    0.310496301925891    0.942035417460617
   89   -0.545562634501685    0.762875290082062   -0.346962106890349
   90   -0.621534362313010   -0.782755901347427    0.031436211125668
   91    0.142768852731055    0.496699502588764   -0.856099678085404
   92   -0.429057894352225   -0.248784721112764    0.868340650801792
   93   -0.224405309771869   -0.394534144030032    0.891058396594006
   94   -0.250769816412727    0.471843379892415    0.845268196508084
   95   -0.237212884591009   -0.933080500949974   -0.270353150769432
   96   -0.440040489269505   -0.887962643254689   -0.133741212749107
   97   -0.483124715530624    0.712859379000589    0.508352254853215
   98   -0.018195857257526   -0.178968472824187   -0.983686533664888
   99   -0.385208498337031   -0.870765545680875    0.305584321037610
  100   -0.221266930672947   -0.170013981764511    0.960279225743820
  101   -0.426819141600005   -0.899700161581240    0.091460590499552
  102   -0.229928906006775   -0.260048452502015   -0.937820612128905
  103   -0.019425182717770   -0.401762029620919   -0.915538057008697
  104   -0.150109319819583   -0.901235891955351    0.406498535243049
  105   -0.589137529693993   -0.766310182389481    0.256292168183616
  106    0.005195377359077   -0.505458552461991    0.862835244874203
  107   -0.050471279600588   -0.912548890512000   -0.405841314260633
  108    0.121907577068927    0.262205716200075   -0.957280891402931
  109   -0.194821700624676   -0.962340712194271    0.189591293626930
  110   -0.282473092447412    0.695809771001384   -0.660346662460103
  111   -0.171354855475608    0.962204692463283   -0.211659262274470
  112    0.174188611054501   -0.689376821408636   -0.703148580232819
  113   -0.144281338126926   -0.764647329372899    0.628090246024563
  114   -0.372694947362048    0.888409546604281   -0.268005510602255
  115   -0.358594240308803    0.616414069338152    0.701030574182990
  116   -0.234052268506889   -0.971626520812372   -0.034079901126984
  117   -0.192432171440842   -0.594398761455660    0.780807256481739
  118   -0.259106282554449    0.780322603497873    0.569175341007598
  119   -0.128845871028912    0.654741022037194    0.744790531344546
  120    0.044541023167859   -0.954949051046379    0.293408260212251
  121   -0.248410207253383    0.947958375729234    0.199166480154476
  122    0.150138218434047    0.987965769644416    0.037177323415849
  123    0.044344162157628   -0.691492280995845    0.721021511888308
  124   -0.327768307521783    0.815757292989057   -0.476558470200113
  125    0.197847538043448   -0.302038129854462   -0.932539178696619
  126   -0.102274792069786    0.994458420846015    0.024337545388415
  127   -0.051053696430620   -0.773215179568158   -0.632085283934178
  128   -0.120214245688261    0.899641183854590   -0.419755018369422
  129    0.144849993806977   -0.948588189929565   -0.281423036051190
  130    0.134516754549670   -0.839871511184257   -0.525852724102953
  131    0.196132320679365   -0.507265188922087   -0.839174678414909
  132   -0.036998689140770   -0.986997688860711   -0.156418218841281
  133   -0.015666328105172   -0.296016563697937    0.955054323156629
  134    0.016331905421989    0.145725450378813    0.989190255702703
  135    0.319792764267110    0.359498136677893   -0.876637711741586
  136   -0.079528951185382    0.789934562606147   -0.608011951135493
  137    0.191734420477495   -0.076905348707496   -0.978429087539990
  138    0.201334276382504   -0.977949146318450   -0.055497534797029
  139   -0.145400544166969    0.900655616805480    0.409485215450680
  140   -0.032693798098943    0.637805241836469   -0.769503469161634
  141    0.221743354941713   -0.137739240843379    0.965327812751235
  142    0.138651565077620    0.823242584565440   -0.550497402772748
  143    0.305928992191464    0.108574513597227   -0.945843024361781
  144    0.047586299148950   -0.853789954416469    0.518438287427569
  145    0.004869070628700   -0.997466789937575    0.070966859327737
  146    0.383588135286983   -0.904470855102778   -0.186527785428081
  147    0.043351670890704    0.985990777690493   -0.161067746430749
  148    0.370421161113383    0.727154873472805   -0.577956705458256
  149    0.180225039496489    0.678875630192577   -0.711791271279102
  150    0.408502963925770   -0.365870881487635   -0.836219963014111
  151    0.199916156746225   -0.357377529856450    0.912312902147899
  152    0.482237987074055    0.211100238385543   -0.850225389632849
  153    0.251712778072083   -0.884121716223067    0.393661616439822
  154    0.003930922339889   -0.077829813070372    0.996958909909024
  155   -0.026746431772883   -0.601306874287063   -0.798570392215076
  156    0.389566730570064    0.920153138410673    0.039445713403859
  157    0.394013125519125   -0.143118760890454   -0.907893538472343
  158    0.231085954748483    0.090431824232399    0.968721511418004
  159   -0.000743105739092    0.973064147338893    0.230533322878698
  160    0.432943312749307   -0.900867286821896    0.031594611562909
  161    0.142023035768874    0.327555340030133    0.934096866780280
  162    0.236561841920502   -0.760492357748215    0.604722968601112
  163   -0.002128775552635    0.494876169809096    0.868960899505683
  164    0.367509185371962   -0.729802885052818   -0.576476146632122
  165   -0.021138590598426    0.798044710496868    0.602227365731152
  166    0.368687526643994    0.271441617546790    0.889038219628783
  167    0.116527603937111    0.649333142602238    0.751523643965363
  168    0.398486548260631   -0.409288677642675    0.820786969443861
  169    0.092512099119235    0.899044008244542    0.427973577170531
  170    0.441486843720954   -0.765799645265261    0.467589852469994
  171    0.426123054376827   -0.190232825729979    0.884438021877933
  172    0.225447671240726   -0.568626200664847    0.791098977024743
  173    0.264734690548301    0.488805527117963    0.831254894890386
  174    0.621153498338599   -0.032780619312463    0.783003041181330
  175    0.222057812189733    0.769875347599901    0.598316201688907
  176    0.315560145982177   -0.861368529525011   -0.398077945397164
  177    0.407724139858747   -0.627636609246734    0.663199300745792
  178    0.246745833683890    0.941632310766786    0.229008918777512
  179    0.322635164581704    0.851154131761899    0.414056994337718
  180    0.326666760734822    0.860352788351432   -0.391256829981195
  181    0.370364791708770    0.552115711903564   -0.746992745434479
  182    0.571210645694419   -0.617415839064357   -0.540847557004579
  183    0.101265391601731    0.926739249069994   -0.361800614561297
  184    0.589962316942121   -0.221753200659429   -0.776382626406325
  185    0.275368223430481    0.946288790439555   -0.169439861346689
  186    0.594906738392453   -0.431708173902326   -0.678022142117182
  187    0.543491055471427    0.401861277993194   -0.736970139064149
  188    0.517732885449788   -0.771919930318086   -0.368906872396757
  189    0.544502541231115    0.002190579844082   -0.838756331691633
  190    0.538018345912867    0.737017269739009   -0.409074325236429
  191    0.606058053144911   -0.256380848432618    0.752969120731502
  192    0.477993514552497    0.853501867785630   -0.207501233085958
  193    0.482068197890631    0.839632400487275    0.250255238975042
  194    0.559970739281882    0.582541695096382   -0.589133214665696
  195    0.693614692840956   -0.645336660412809   -0.320061326314801
  196    0.475842310649991    0.724663413264547    0.498434582338599
  197    0.713602578165134    0.567111466724705   -0.411285721543343
  198    0.399478334090460   -0.562699169727780   -0.723731099912099
  199    0.751378268857438   -0.260816585743926   -0.606139757555699
  200    0.491435965750933    0.422438317446871    0.761601312708365
  201    0.659128931441667    0.729918179624398    0.181020724753746
  202    0.722361594514552   -0.034232583880966   -0.690667689248040
  203    0.671164930752182    0.193074474814302   -0.715723328461216
  204    0.564005973528369   -0.466541322173891    0.681348997598554
  205    0.716297151894419    0.391002314174428   -0.577958113100063
  206    0.581664162545028    0.813361236898322   -0.010502396013463
  207    0.670136266360894    0.709844610679003   -0.216882487070431
  208    0.764186851525233    0.644921618552789   -0.009724293249515
  209    0.378576916538846    0.622530070282530    0.684934909212523
  210    0.803825564046826    0.551317381392694    0.223413534861040
  211    0.868406738082363   -0.287478026397406   -0.404012526528326
  212    0.595726787408156    0.540883200337449    0.593763385834018
  213    0.436170363646130    0.037139247492695    0.899097375245017
  214    0.733588240527027   -0.378320112643788    0.564554856262571
  215    0.651463113966815    0.651933780474703    0.388044014277535
  216    0.451717848500775   -0.855377629576551    0.253535197094667
  217    0.578370362242979    0.201209405680913    0.790570995638253
  218    0.608434704013446   -0.608654916527017    0.509260644012042
  219    0.694026825599281    0.332356201036702    0.638643970441307
  220    0.770735651636862    0.454938648376584    0.446091225546063
  221    0.823591081271993    0.528165224856380   -0.206734675614997
  222    0.846265354378406    0.232967636097665    0.479125276425546
  223    0.740812535080852   -0.468002762855670   -0.481840431913451
  224    0.755862779570234    0.098966937961093    0.647207079419690
  225    0.890512932809681    0.454090422466364    0.028082106812339
  226    0.632430623355043   -0.711923659239105    0.305280543203058
  227    0.588370400070455   -0.795555886640310   -0.144606720289491
  228    0.770451873064072   -0.514345810511283    0.376632843099954
  229    0.757979772305362   -0.646918175944920   -0.083447818473632
  230    0.885187376830737   -0.465168276180651   -0.007860199402095
  231    0.897789230365515    0.349015144354426    0.268631582005830
  232    0.769167674356628   -0.145792810929195    0.622194137714411
  233    0.846111089269508    0.364057335027863   -0.389304869514340
  234    0.818893638785783    0.169552449962423   -0.548329440271010
  235    0.881152052072635   -0.014269340428674    0.472617654189849
  236    0.627234843686271   -0.774351445212405    0.083404377363056
  237    0.864621462942276   -0.264500867679612    0.427163922652991
  238    0.782724198840075   -0.603194484895602    0.153294624634041
  239    0.856880075559956   -0.060738141359296   -0.511925203806749
  240    0.889651638183046   -0.393870101407044    0.231054768173754
  241    0.925135442916330    0.144367664812809   -0.351115920482825
  242    0.835169411390248   -0.487557350273125   -0.254518927533329
  243    0.929003202268631    0.328804843194045   -0.169824689803246
  244    0.952690651017958   -0.131072212793362    0.274227275259831
  245    0.935773551881993   -0.305387081668221   -0.176257169920333
  246    0.947234452537005   -0.083765279698304   -0.309403086351744
  247    0.967271647182337    0.243528012645047    0.071271786944914
  248    0.946915817621106    0.122790683480735    0.297107526645299
  249    0.994657019028356    0.013538055835230    0.102343224210626
  250    0.984733458191205    0.116006678177629   -0.129778530339124
  251    0.964111710515326   -0.254507373014004    0.075595017882949
  252    0.990404381668967   -0.105046947896423   -0.089801444913524
   
 U =    29543.8404790003     


 http://math-lab.ru/  - см. Задача Томсона
