    132
    1   -0.190742364174182    0.131029552134373    0.972855902473079
    2   -0.992659923568903   -0.063217029517500   -0.103101325496636
    3   -0.887097730667018   -0.000082580132796    0.461581638961027
    4   -0.918670933160512   -0.393446403381165    0.035265340384302
    5   -0.826162210188782    0.349895623631994   -0.441620940421948
    6   -0.849563151545712   -0.343254444057057    0.400523205533461
    7   -0.970964311825586   -0.137578734437247    0.195704872171623
    8   -0.906803283517048   -0.311774516225105   -0.283733071803944
    9   -0.969097260096623    0.177183200558005    0.171629292118913
   10   -0.870487606493370    0.470110363819550    0.145765471806236
   11   -0.794776768156894   -0.207522414742466   -0.570319503592099
   12   -0.781992887597499   -0.607837719506293   -0.137914576794167
   13   -0.918943151236350    0.033045457972555   -0.393003158388315
   14   -0.177129196388330   -0.184541075951758    0.966731523781754
   15   -0.613539338956329    0.766191238282377   -0.191103286032315
   16   -0.376799407108469    0.847286390327281   -0.374336719503808
   17   -0.826078022492956    0.537005827113635   -0.170938124478213
   18   -0.603368647253484   -0.795536479413321    0.055389398210841
   19   -0.747469321978163    0.114656077828657   -0.654326826989734
   20   -0.642766988886605   -0.549364325681741    0.533900211337188
   21   -0.956329805722928    0.255873462686352   -0.141287203167317
   22   -0.765431906099156   -0.600976749543983    0.230088990681781
   23   -0.725103596422417   -0.519179299138014   -0.452413118512094
   24   -0.717482751914479   -0.215252866494237    0.662483738797595
   25   -0.635600098289567    0.617731258555735   -0.463055728025731
   26   -0.349024340357902   -0.685982940896191    0.638442961146212
   27   -0.593718759594080    0.412509396634649   -0.690893647527740
   28   -0.683462031054973    0.721749912273377    0.109346770595131
   29   -0.712844109712822    0.107332859078020    0.693060554792922
   30   -0.497917755079347   -0.785553597076616    0.367400946238212
   31   -0.453441600061409    0.837522596343558    0.304871474473582
   32   -0.835665481183051    0.321296774833136    0.445456603992942
   33   -0.291009147019940   -0.478019154116882   -0.828740830807864
   34   -0.181526422233173    0.870637175626264    0.457207902872145
   35   -0.488459886819884   -0.409384210583302    0.770591660409709
   36    0.129891395788600    0.936349433986587   -0.326156347129850
   37   -0.565197788523309   -0.761926336686652   -0.316258940287259
   38   -0.408639627251874    0.912667995793104   -0.007126324048684
   39   -0.612052210290117    0.424889778751272    0.666978836089781
   40   -0.572829691869336   -0.131843695361521   -0.809001473488337
   41   -0.365680685292550    0.667011433318882   -0.649132793984298
   42   -0.380013613020405   -0.917774821702891   -0.115234676063255
   43   -0.471277656921500   -0.117413643963446    0.874134661421114
   44   -0.682748502589996    0.606731764223466    0.407100784196491
   45   -0.246456433855446   -0.885423436447703   -0.394061625130379
   46   -0.148897039729307    0.971468420322004   -0.184604387480145
   47   -0.158923114566213   -0.875046790892425    0.457205158988220
   48   -0.292382321285126   -0.182229961605923   -0.938778365373332
   49   -0.420773230773776    0.681986200638559    0.598201229021457
   50   -0.570136763325558   -0.417555779082684   -0.707524729221042
   51   -0.103918961144092    0.843525253532232   -0.526940220677940
   52   -0.429005909859170   -0.680351931579733   -0.594201294597742
   53    0.196699650418525    0.757027320082184   -0.623072134005700
   54   -0.205008260241821   -0.475815188099384    0.855319542631039
   55   -0.491670603660978    0.160316465219478   -0.855896400550430
   56    0.142007391388080    0.989815302422059   -0.009978370722740
   57   -0.073059802202546   -0.991292807047355   -0.109548327227298
   58   -0.471121468902970    0.189152350739525    0.861548576545989
   59    0.078175157093733   -0.913027377903891   -0.400336923117661
   60    0.144407869608979    0.943409482682875    0.298537962709980
   61   -0.291158755676050   -0.939670195713098    0.179573111243534
   62   -0.211136079163804    0.118443193052574   -0.970253969893886
   63   -0.054781276666461    0.628898954684119   -0.775554715364438
   64   -0.317925516002302    0.452393076496406    0.833224981990331
   65    0.119171975595733    0.125007072440333    0.984972726562775
   66   -0.119964877803376    0.669713252332604    0.732866009406704
   67    0.009409808789066   -0.272696928388282   -0.962053969767886
   68   -0.005210147208855    0.409279824460980    0.912394037494356
   69    0.100723083272856   -0.465712383510921    0.879185325366948
   70   -0.296705395328674    0.426234273445720   -0.854570215092391
   71    0.020698828289363    0.355683229410482   -0.934377332143486
   72   -0.147642180271607    0.976457737796946    0.157264340844061
   73    0.006743130013919   -0.551888324612265   -0.833890764641438
   74    0.277650615345102    0.512707773512572   -0.812428996761112
   75    0.393936033594256   -0.832340928252389   -0.389901244665847
   76    0.220030968059273    0.591550129539252    0.775664113735445
   77    0.076828604044275    0.028120968981433   -0.996647669291487
   78   -0.117861325785238   -0.756248463392917   -0.643581361989296
   79    0.515312679326692    0.613382708747921   -0.598510229765715
   80    0.215619092045026   -0.734561570944939   -0.643372136198469
   81    0.106245870960462    0.812508015276084    0.573186304804966
   82    0.173629708396909   -0.859641947721397    0.480487716887506
   83   -0.019573498081177   -0.713865157338053    0.700009582299830
   84    0.439899796756140    0.870709430847839    0.219893737624652
   85    0.325142023424204    0.207924597073146   -0.922523726814430
   86    0.236037097893267   -0.965726911959133   -0.107972310969071
   87    0.327639487467172   -0.157398502300712   -0.931599741158048
   88    0.347208729465710    0.317302717989990    0.882476675804507
   89    0.408705733659362    0.823282809790465   -0.393909936885933
   90    0.029278782002176   -0.980064219863474    0.196511775392388
   91    0.568412344866481    0.344588880671811   -0.747105019070771
   92    0.135727825650221   -0.177317145401940    0.974749499764309
   93    0.404715776815716   -0.341837333333421    0.848146436375198
   94    0.524797268333641    0.509387435861410    0.681991398285995
   95    0.527103507362813   -0.843893216806223   -0.100030651073883
   96    0.334815864386501   -0.920770369859132    0.200200556803916
   97    0.401986910050895    0.755597638655497    0.517183461264928
   98    0.568099090657678    0.024115910826892   -0.822606738386520
   99    0.308276029600499   -0.635485874903382    0.707900835125963
  100    0.418256747830696   -0.012763485056167    0.908239168029716
  101    0.609051050967041   -0.769696499227121    0.191374283521737
  102    0.300361730650649   -0.466102095110280   -0.832184875910608
  103    0.565545930240044   -0.321634703801504   -0.759413535630912
  104    0.606150322735102   -0.479152832280779    0.634818359505645
  105    0.480113060294895   -0.739191586859284    0.472321127254249
  106    0.622784901947100    0.190686404707913    0.758800145602457
  107    0.515377197352366   -0.608078904262323   -0.603843018209495
  108    0.789548244867919    0.175179262085631   -0.588154567406497
  109    0.757738241485743   -0.549701172764071    0.351655197675080
  110    0.761696049808473    0.458220041676989   -0.458097720046397
  111    0.430835810155663    0.897748624082768   -0.091803663570744
  112    0.679794805578081   -0.660702161828307   -0.318357779337117
  113    0.652987374823401   -0.161583405455426    0.739931274783456
  114    0.664697556747437    0.696934870441564   -0.269181991256080
  115    0.761345792849675    0.383901385494526    0.522467520450299
  116    0.918496380410318   -0.370282567885102    0.138763176288090
  117    0.825968542589242    0.041855667291886    0.562160181592893
  118    0.659736059948478    0.652149663041857    0.373428906484287
  119    0.923938354254166    0.217733288718931    0.314531608144144
  120    0.830664449559043   -0.275803880952799    0.483661856559050
  121    0.683433486084226    0.728477062801207    0.047326938114450
  122    0.865335329656828    0.481364798151405   -0.139580436839717
  123    0.961668699614483   -0.083660482820999    0.261140260771768
  124    0.932008980107936    0.200975782364198   -0.301609011638020
  125    0.769722308939008   -0.128237873829701   -0.625365984713943
  126    0.853679464380132    0.489166652030308    0.178738240556159
  127    0.765683609839312   -0.414313736721728   -0.492008879175080
  128    0.979026067401516    0.203584620450415    0.007826983095862
  129    0.786307087019291   -0.617644583813527   -0.015373125545968
  130    0.925862350050237   -0.107351225972024   -0.362290799002343
  131    0.898388626112627   -0.389997668022451   -0.201989344789562
  132    0.992990364980730   -0.103195196047756   -0.057627133957038
   
 U =    7875.26233857761     


 http://math-lab.ru/  - см. Задача Томсона
