    257
    1   -0.191160828962854    0.090103389440878    0.977414403762038
    2   -0.993738489547898   -0.009030772675271   -0.111365432410377
    3   -0.941096341613450   -0.053273315986008    0.333915602519012
    4   -0.974025495752261   -0.222927759109758   -0.039718356497520
    5   -0.830897891607494    0.134471054138073   -0.539931689495269
    6   -0.856606129122153   -0.443315672528465    0.264002185674657
    7   -0.951618044094992   -0.242404749974922    0.188846592085791
    8   -0.945056522273521   -0.173331473546537   -0.277172094530572
    9   -0.993050908950302   -0.021931812291486    0.115623906881704
   10   -0.977228121334478    0.198292074602599    0.075534442626419
   11   -0.865214499793120   -0.101001411986136   -0.491123797147468
   12   -0.901266108375350   -0.387996204071918   -0.192816875609307
   13   -0.939718846603973    0.056279733861220   -0.337284866090682
   14   -0.571261923730754   -0.119456060482643    0.812028364103992
   15   -0.893130333587232    0.410092004060887   -0.184777583682884
   16   -0.784608673482250    0.514260691721535   -0.346302137513634
   17   -0.883505399171284    0.281375807890002   -0.374494144639724
   18   -0.797345857383419   -0.595341563925921   -0.099035377394840
   19   -0.736169635826724   -0.022811073864180   -0.676412538467399
   20   -0.737843583396837   -0.421823777799364    0.526926509983307
   21   -0.966912891251340    0.205803452671233   -0.150746142904468
   22   -0.900872138856607   -0.432530652835565    0.036696372975583
   23   -0.844386182759423   -0.329642334217296   -0.422312568906898
   24   -0.867301144374586   -0.278808804658121    0.412376497162051
   25   -0.753252016549311    0.377997246378743   -0.538265251799226
   26   -0.556942982470690   -0.349817835681012    0.753287459152285
   27   -0.683373282767040    0.224923976042976   -0.694557529223618
   28   -0.884794088351297    0.389061518874314    0.256457707526618
   29   -0.855114447162282    0.123344148607312    0.503552880300254
   30   -0.722838212997781   -0.583237314728943    0.370592974215575
   31   -0.911394340127305    0.409852279778657    0.037168071568917
   32   -0.939437448713109    0.172646358525154    0.296058296359700
   33   -0.577578498815715   -0.405309482716412   -0.708609413517729
   34   -0.796155351572544    0.585926323032379    0.151086068650140
   35   -0.717348741145710   -0.236998956113865    0.655165840362273
   36   -0.533887723219600    0.834412708912366   -0.136818603270605
   37   -0.781754777989490   -0.534461484274589   -0.321263737321233
   38   -0.801071438548213    0.591961010735436   -0.088694487491486
   39   -0.716363584416144    0.242297998503630    0.654304894405956
   40   -0.590264364733924   -0.179663457917123   -0.786961893368744
   41   -0.582696020024000    0.463025094938019   -0.667887048613632
   42   -0.648162592340065   -0.727124356321183   -0.226219858402202
   43   -0.839877374734559   -0.097850944611612    0.533883122085349
   44   -0.816121445524733    0.342658927314721    0.465328535215868
   45   -0.620575374715405   -0.650624460997401   -0.437691689490075
   46   -0.676201699157625    0.693822523188061   -0.247712673017134
   47   -0.573030195514377   -0.531911904404774    0.623463006906778
   48   -0.405436402080429   -0.097710546999083   -0.908886116558734
   49   -0.744545978038994    0.549840056706449    0.378585787671706
   50   -0.741687766633323   -0.252585641992795   -0.621369254377428
   51   -0.636912048196928    0.596620265465835   -0.488249220887316
   52   -0.694222014404530   -0.473660640592587   -0.541942240713471
   53   -0.445223471647741    0.669735061609283   -0.594332404926018
   54   -0.370281718288260   -0.461016257604941    0.806446191215154
   55   -0.575318272282109    0.057724472376931   -0.815890170836207
   56   -0.358578215003949    0.933287463375197   -0.019904131010235
   57   -0.461702131787494   -0.799567269563785   -0.384087650081589
   58   -0.721708279966421    0.012438640543493    0.692085571912419
   59   -0.472287476577488   -0.649606781950711   -0.595781476979362
   60   -0.504415725622194    0.854442988658255    0.124466681797921
   61   -0.775219962923654   -0.618005327759091    0.130780059435786
   62   -0.177156295443809    0.185201224078690   -0.966600307047531
   63   -0.380220674940500    0.530172189190439   -0.757858620163952
   64   -0.565760127931041    0.123678592085029    0.815241733170792
   65   -0.392409026681315   -0.010549580411948    0.919730320328821
   66   -0.659312343058225    0.473165428774220    0.584313025102112
   67   -0.405434477194268   -0.318259450751375   -0.856932790077287
   68   -0.381255986713353    0.226274713770937    0.896350169578334
   69   -0.364496250906363   -0.783986188654876    0.502501879671716
   70   -0.502280612163938    0.304665731771026   -0.809254582025116
   71   -0.386613965326379    0.132260837653971   -0.912708448869453
   72   -0.671630429729532    0.740674887998038    0.017699608764513
   73   -0.202067872856655   -0.475483693827950   -0.856203148594372
   74   -0.291822669265025    0.366246395147940   -0.883574053344809
   75    0.167066081769338   -0.973262842056348    0.157633640428182
   76   -0.549810629374677    0.354697450329077    0.756239373847113
   77    0.021840232583876    0.093048931267021   -0.995421971141258
   78   -0.398700930218264   -0.523444971225866   -0.753022529770155
   79   -0.148812000322033    0.547664078665161   -0.823358394321693
   80   -0.230731115343725   -0.667803656729082   -0.707673249792238
   81   -0.638918643721390    0.723719458585225    0.260793236051722
   82   -0.557648256202327   -0.690268812903407    0.461039464999934
   83   -0.379813854448164   -0.637493887449114    0.670330500152161
   84   -0.436510235380544    0.831353830749093    0.343961658483662
   85   -0.048364900753419    0.360468313875087   -0.931516736869050
   86   -0.289380704889830   -0.795602315982150   -0.532236566238458
   87   -0.194898316777554   -0.037672598243793   -0.980099699754488
   88   -0.170766809797386    0.312951996512046    0.934291038462185
   89   -0.512454329505177    0.765799453270098   -0.388512236026896
   90   -0.644445846107556   -0.764645985105218   -0.002463513179573
   91    0.086968848940979    0.518650605331014   -0.850551567457056
   92   -0.384320036049095   -0.243332352778057    0.890554588996496
   93   -0.179725060076469   -0.377129050279760    0.908555216932684
   94   -0.358954748354350    0.447414460837995    0.819128676623467
   95   -0.282333947882257   -0.910929879926890   -0.300822698162224
   96   -0.473753966721819   -0.866259952442890   -0.158590270221673
   97   -0.564758665622933    0.673564436711072    0.476821349356234
   98    0.008901083431488   -0.152089953643776   -0.988326573918955
   99   -0.428304200180815   -0.852554714301355    0.299509551149888
  100   -0.190869036059887   -0.144671869110403    0.970896009550802
  101   -0.462989183321480   -0.883300158411908    0.073633187332936
  102   -0.200924514864138   -0.260422420900022   -0.944356660388003
  103    0.000692248634451   -0.389055796538797   -0.921213931707174
  104   -0.195859719690634   -0.894913674608334    0.400959455807835
  105   -0.616849812769825   -0.752179923560377    0.231779358611885
  106    0.016949360008983   -0.499862688869419    0.865938803537248
  107   -0.101506385354762   -0.890332699364046   -0.443851482114617
  108    0.156530796696432    0.271038839093506   -0.949755788288981
  109   -0.256095556350768   -0.949427137161395    0.181667766097642
  110   -0.221267016503154    0.703698986738599   -0.675165641506484
  111   -0.189762823493360    0.968838358182774   -0.159192671104966
  112    0.179772707738604   -0.687378826059264   -0.703698886625323
  113   -0.173060077811486   -0.766190298766537    0.618872067186690
  114   -0.361562356285071    0.889714886106601   -0.278711470804317
  115   -0.470579177763798    0.580416559876160    0.664583970974828
  116   -0.280963244660111   -0.957858401668460   -0.059723843674078
  117   -0.174765837327199   -0.592539912182497    0.786354471325802
  118   -0.350867447856891    0.765654505375911    0.539133761168748
  119   -0.255052146822011    0.659065544490638    0.707517498346679
  120   -0.016314291356787   -0.958395536236714    0.284976911378916
  121   -0.281467980883677    0.937427664194781    0.204951579988014
  122    0.111150809321162    0.992444254712247    0.051960551150873
  123    0.020396264578269   -0.705772630693614    0.708144749436913
  124   -0.293559062719060    0.820027649446149   -0.491302076974372
  125    0.198085603881937   -0.275738517647192   -0.940601064968809
  126   -0.118786578008605    0.991584012037396    0.051486852271496
  127   -0.045919333199089   -0.771860127795892   -0.634131972035364
  128   -0.122363032534979    0.922342926566048   -0.366484398143252
  129    0.084843033952653   -0.939304433660561   -0.332428699867086
  130    0.143141220402453   -0.836116254829741   -0.529547164501128
  131    0.196075053904619   -0.498693408439694   -0.844310048273204
  132   -0.092461072418733   -0.976706144983879   -0.193638984809124
  133    0.012286653919861   -0.262883637544100    0.964749310052635
  134    0.030708835436328    0.215517226270280    0.976017055489764
  135    0.289502857167062    0.430959810938677   -0.854670542985897
  136   -0.051907761039689    0.829982232073803   -0.555369317468686
  137    0.207278255000582   -0.019466080131856   -0.978088337896028
  138    0.101448204999524   -0.992620354715545   -0.066431115501401
  139   -0.196568487113034    0.890881239111590    0.409501462357696
  140    0.017595801553858    0.694460793396976   -0.719315364914527
  141    0.204747927923169   -0.127779894441265    0.970438346618552
  142    0.182230484478197    0.803095741923842   -0.567299991037049
  143    0.341209288148827    0.155460502300480   -0.927042746536239
  144    0.011307969310976   -0.860871707897470    0.508696404913338
  145   -0.076364095835660   -0.995267351293650    0.060095127224469
  146    0.264995098310647   -0.942987419987808   -0.201376075083579
  147    0.030703503595739    0.985588490103490   -0.166350903341309
  148    0.401525813949696    0.721039405191073   -0.564693896632271
  149    0.248330126615766    0.641168490149892   -0.726109575376820
  150    0.394700762554828   -0.367695295996122   -0.842028192723356
  151    0.202222842796070   -0.377006732996753    0.903864948499825
  152    0.469479340420279    0.313369669820375   -0.825462657517110
  153    0.202282683140269   -0.902270262709812    0.380775641462451
  154    0.010738886132522   -0.017963490497440    0.999780970679969
  155   -0.014163507663268   -0.601495924472122   -0.798750303846014
  156    0.329740790293728    0.942650030225664    0.051787370391080
  157    0.379140721647644   -0.139278859203812   -0.914797088193545
  158    0.229027058697704    0.107004011845344    0.967520928886440
  159   -0.030254495058915    0.966253116510824    0.255811611077079
  160    0.342459588648283   -0.939429519308880    0.013914323337333
  161    0.050870973036691    0.441039362509313    0.896044878797752
  162    0.212860319026435   -0.780325691086249    0.588032567477968
  163   -0.149198413800704    0.517105573672656    0.842817690248625
  164    0.371815488849799   -0.730750224184940   -0.572500962536349
  165   -0.103312060362365    0.796977697532170    0.595107694304152
  166    0.241608266065018    0.337673937754960    0.909726199210573
  167   -0.001592458593448    0.658113228215958    0.752917288234769
  168    0.377760353691995   -0.478897220468252    0.792435844347213
  169    0.051978818324543    0.891951967080841    0.449132375660232
  170    0.407481119369618   -0.798714684602544    0.442734672188142
  171    0.383115120778313   -0.234008992935677    0.893567342429349
  172    0.203797401609099   -0.606101979424924    0.768834838983359
  173    0.208968857089432    0.575611719404705    0.790571416919873
  174    0.590142327214143   -0.115375902160177    0.799012161879280
  175    0.145029342878733    0.767080733860419    0.624942907347802
  176    0.329334110901516   -0.857481507980434   -0.395303056993378
  177    0.401552456148935   -0.661589252873947    0.633289258903426
  178    0.208828680784254    0.942627341096739    0.260469341571711
  179    0.282548087243270    0.844362039218854    0.455213494001822
  180    0.330391644688714    0.863685452599424   -0.380642614650559
  181    0.452613790737164    0.534805263773296   -0.713529317039538
  182    0.571108013206883   -0.604934117129223   -0.554878681500718
  183    0.109102473955647    0.919044091039273   -0.378754021632185
  184    0.565133837456689   -0.206130412309580   -0.798832897972134
  185    0.247146434149606    0.953940957720606   -0.170044962495889
  186    0.579017259213698   -0.422089403124122   -0.697552542324218
  187    0.633787728052866    0.399051957572436   -0.662624064554852
  188    0.537203213430814   -0.752565635388029   -0.380864374696059
  189    0.511506901974446    0.030078977736205   -0.858752551280547
  190    0.533823779900768    0.757964863203041   -0.374861892117686
  191    0.541947048539603   -0.332279889001066    0.771934888410060
  192    0.452529660245705    0.875563071054609   -0.169133719888521
  193    0.434602025116655    0.861526416026474    0.262475359325560
  194    0.599897135146164    0.593891888805952   -0.536111790258266
  195    0.712618470776097   -0.608649742739577   -0.348884516382978
  196    0.482567146839738    0.745441775933527    0.459832042689528
  197    0.719342971320258    0.606036303100676   -0.339508010120834
  198    0.392239620210742   -0.566368499110360   -0.724827430187635
  199    0.728402857096574   -0.243524951473533   -0.640409927923796
  200    0.401204703849216    0.461077207557308    0.791481265906161
  201    0.637130648203338    0.725774005784321    0.259454484732439
  202    0.698688356594834   -0.027806885151995   -0.714885555524067
  203    0.632353763329388    0.185449421163469   -0.752155057280940
  204    0.574296570556135   -0.512207456411179    0.638613318561595
  205    0.769567742085432    0.419229282653971   -0.481676550090377
  206    0.528801558682319    0.847113152105027    0.052613867619049
  207    0.638736265938998    0.750526678445198   -0.169486540811724
  208    0.700152895658398    0.712398053977716    0.047696282768410
  209    0.353920937484102    0.679003909555000    0.643190221333782
  210    0.801472722172430    0.486379448873815    0.347960496790538
  211    0.856383543092045   -0.231559408008554   -0.461505652927289
  212    0.540086892289702    0.553015449874261    0.634413162676517
  213    0.418922227247878   -0.002953815168923    0.908017313983398
  214    0.739295757219040   -0.461554111768086    0.490315801568641
  215    0.655678587027710    0.609418625097016    0.445751645984856
  216    0.388396465538817   -0.891569042281652    0.232922365611234
  217    0.431877818251457    0.226775058076951    0.872957400527974
  218    0.591368118882653   -0.659134591909593    0.464570056845432
  219    0.590408969194388    0.335403341627972    0.734112966456533
  220    0.719727099647471    0.408620207547448    0.561268588125970
  221    0.802872145530197    0.585106630734860   -0.114221489229648
  222    0.758434452608644    0.183762084263569    0.625306866652954
  223    0.735416009261976   -0.441499764894235   -0.514044016519524
  224    0.610952012239744    0.107941306359429    0.784274386373562
  225    0.915719544057651    0.344372629819115    0.207039147173464
  226    0.583803565776620   -0.768233741785096    0.262660074182155
  227    0.473663347077389   -0.861411479396511   -0.183339294204378
  228    0.746096787856855   -0.596976988582106    0.294886517584516
  229    0.655169409159907   -0.739224184962672   -0.155886656476212
  230    0.805125795887024   -0.580075067088763   -0.123634013682537
  231    0.860048045562720    0.269813215121368    0.433033703387641
  232    0.711890660664889   -0.285925888538290    0.641449977411877
  233    0.862108931985402    0.428032820701021   -0.271212267041365
  234    0.780925429285547    0.203079927177721   -0.590689442154400
  235    0.755712309231688   -0.052327852908875    0.652809850941035
  236    0.546477658735828   -0.836333811452270    0.043679793089322
  237    0.864356349530118   -0.384300323129801    0.324347595442450
  238    0.720300195866622   -0.689588418980601    0.075069569349649
  239    0.839499442869538   -0.015342327311770   -0.543143902123916
  240    0.855829374570640   -0.505454068224614    0.109873866488871
  241    0.889331345545247    0.219991129617705   -0.400866138156126
  242    0.850479512423535   -0.424486593347166   -0.310637620091876
  243    0.817199564661050    0.558148572184394    0.143718624006465
  244    0.946528243166755   -0.288970437024137    0.143458605227206
  245    0.942106977519557   -0.208787940285573   -0.262377664636821
  246    0.937816089245197    0.005436095003174   -0.347089947454491
  247    0.951800683848000    0.122254230831059    0.281299415695066
  248    0.877017481270217    0.030003854760498    0.479520704710397
  249    0.846838709741478   -0.215522551036805    0.486224464293989
  250    0.911719305469514    0.410235707809084   -0.021784675176992
  251    0.916036032008702   -0.391559706750835   -0.086942418363840
  252    0.982471591988974   -0.180165216665823   -0.047854630271345
  253    0.942276940448754   -0.127147121225562    0.309754381829519
  254    0.980131036113616    0.193087747240580    0.045390240277049
  255    0.953087612777063    0.239687877962540   -0.184861362995988
  256    0.993158740924903   -0.027040327094231    0.113598133941977
  257    0.990940543977587    0.027386221426206   -0.131479402103137
   
 U =    30750.3542687708     


 http://math-lab.ru/  - см. Задача Томсона
