    263
    1    0.015328513686871   -0.003600427586766    0.999876029110281
    2   -0.995664169423173   -0.017202190809043   -0.091416335292074
    3   -0.934371392571256   -0.091077887849267    0.344463233291113
    4   -0.969533398814096   -0.241068953621352   -0.043482734319419
    5   -0.865105397030501    0.088293502043697   -0.493757946291053
    6   -0.829833343744336   -0.491216116947082    0.264732597277944
    7   -0.945119080620266   -0.280357677132755    0.167778116332938
    8   -0.946278256369935   -0.190519335232330   -0.261265850091637
    9   -0.990121193819977   -0.054554817602436    0.129165759490928
   10   -0.983439807937619    0.168653767605571    0.066347952764692
   11   -0.871872785224076   -0.138917244851943   -0.469616700585018
   12   -0.894151200367199   -0.412143393793327   -0.175018438555528
   13   -0.950660684323501    0.040008865512494   -0.307641924909424
   14   -0.561188285429939   -0.166524854251921    0.810763332429743
   15   -0.891623017419606    0.396022723715422   -0.219486667268368
   16   -0.775244287185958    0.525773968326956   -0.350082889349452
   17   -0.865209009003597    0.290760128446970   -0.408499594179130
   18   -0.779438367583968   -0.621666314967005   -0.077503702965622
   19   -0.756365579305012   -0.032209079125302   -0.653355711434815
   20   -0.752750780811305   -0.431344241893494    0.497301123036434
   21   -0.964986211362724    0.203121891966879   -0.165961166793958
   22   -0.883601627350972   -0.466037048287902    0.045361148197700
   23   -0.845059721071089   -0.355149990817200   -0.399678060250741
   24   -0.877156717053961   -0.302284076303003    0.373122541453553
   25   -0.718611978693418    0.433953137801750   -0.543398102932230
   26   -0.486493217197493   -0.411491422872935    0.770713408812148
   27   -0.751418611016355    0.219382003171099   -0.622287399601573
   28   -0.910497602818028    0.342625203980283    0.231521240624037
   29   -0.860299666399325    0.043117951883687    0.507961933828280
   30   -0.681698320071160   -0.623765904923661    0.382365657802743
   31   -0.924898032068199    0.380144757885246    0.007320746460614
   32   -0.947857519671862    0.127849265308686    0.291925825787195
   33   -0.577618318933311   -0.364550936079158   -0.730383250517470
   34   -0.826708804564237    0.544796478478439    0.140532378808096
   35   -0.668053939680098   -0.310554146315412    0.676210067866640
   36   -0.550269873890901    0.828902570420569   -0.100616075446550
   37   -0.776381870159660   -0.554794982521292   -0.299054709136287
   38   -0.817007661480971    0.568369630850500   -0.097233964273099
   39   -0.743820750100154    0.175016069745095    0.645058188887967
   40   -0.607124105475237   -0.144744884727527   -0.781312510392678
   41   -0.537153928106534    0.552328165256978   -0.637494514002734
   42   -0.638060668971205   -0.742484935933590   -0.203947793868214
   43   -0.814381863869124   -0.186223936246018    0.549638813558586
   44   -0.851226620207101    0.270114482919661    0.449946004724834
   45   -0.626687002940971   -0.656356735826092   -0.420070512748254
   46   -0.680620575913716    0.696520472972993   -0.227189045449730
   47   -0.594502155739888   -0.537338314674921    0.598192880602019
   48   -0.448454465960367   -0.027495906558843   -0.893382654343988
   49   -0.792278220037952    0.486172035165013    0.368689536435473
   50   -0.744925916203402   -0.263041132796443   -0.613102554085111
   51   -0.613965622238964    0.647476126645040   -0.451465259054845
   52   -0.703881557372891   -0.471277266283427   -0.531458833283193
   53   -0.413284451149626    0.743524132557327   -0.525706978023715
   54   -0.268767272770786   -0.478524198398782    0.835929868251014
   55   -0.618979844247883    0.097775921547827   -0.779297004729480
   56   -0.391295343537644    0.920077529256007    0.018582095789189
   57   -0.461255843802867   -0.825701735797332   -0.324745577427896
   58   -0.720630321333024   -0.052853974124299    0.691301958188121
   59   -0.445970524380926   -0.727648639421047   -0.521188784349876
   60   -0.550777255828092    0.820313436841344    0.154046356010188
   61   -0.740564652040145   -0.655685031593729    0.147109263789163
   62   -0.240278707948111    0.307379860488530   -0.920751738457679
   63   -0.325965600575029    0.640494830904802   -0.695350845851208
   64   -0.580851585842506    0.074299087273507    0.810611547447093
   65   -0.396633630161916   -0.029309417888569    0.917508976221821
   66   -0.712338801284587    0.401758384266527    0.575468185789612
   67   -0.419035647228244   -0.262926960887736   -0.869067626592054
   68   -0.404280996598903    0.196173351402436    0.893349255324329
   69   -0.294710496453819   -0.781726284136879    0.549590520268947
   70   -0.599406288355829    0.335574343666823   -0.726706241442903
   71   -0.446923654504250    0.210693804954014   -0.869406330548936
   72   -0.701669893330324    0.711968158045706    0.027580839777225
   73   -0.371593282379026   -0.479163891861600   -0.795185762716377
   74   -0.417588092540086    0.433412058204767   -0.798607646326680
   75    0.163975417259066   -0.982592308793534    0.087317909013600
   76   -0.591233923689349    0.296539099261441    0.750004673377514
   77   -0.035883486323617    0.228886911941042   -0.972791425204476
   78   -0.525483771783387   -0.559478085314546   -0.640976659204588
   79   -0.068184032976864    0.651573389519804   -0.755515092977423
   80   -0.302533506835644   -0.670275104666250   -0.677646486972651
   81   -0.687809267954016    0.674537575266042    0.268174328508098
   82   -0.501079739670359   -0.722007759502227    0.477099454737121
   83   -0.407141979147652   -0.613887007372095    0.676297383549180
   84   -0.507387114218345    0.767324424642961    0.392137149058246
   85   -0.212914551832838    0.509574784676963   -0.833667159266364
   86   -0.257421391904060   -0.835275725675614   -0.485848421925247
   87   -0.263020403100228    0.090104789835568   -0.960573471631234
   88   -0.204584197827308    0.130046478107732    0.970171747440180
   89   -0.493254309860495    0.806614258051354   -0.325689460241364
   90   -0.614378647105169   -0.788741862457140    0.020619223769687
   91    0.147647040573876    0.579756612617898   -0.801300581264981
   92   -0.372939001607113   -0.257140599014439    0.891512878997710
   93   -0.163834816632559   -0.314655963346346    0.934959773246720
   94   -0.408354059579472    0.404409367639325    0.818352018015796
   95   -0.262886412512022   -0.924943126860038   -0.274537695391608
   96   -0.454119360369215   -0.883913657161343   -0.111679242572265
   97   -0.630619513669693    0.605351532864247    0.485663001100461
   98   -0.060557014266131    0.006337123372961   -0.998144623233791
   99   -0.369153086902970   -0.864818375239052    0.340316288588857
  100   -0.188733025812379   -0.096698436866023    0.977255983494280
  101   -0.422819709097837   -0.898792435133592    0.115739587631233
  102   -0.246986394950152   -0.142203470557875   -0.958527982727068
  103   -0.205964335005732   -0.369996678199986   -0.905914538368064
  104   -0.150201684632216   -0.900844587937904    0.407330924822352
  105   -0.569674735286073   -0.781523979850023    0.254344185890151
  106    0.011991060947862   -0.640214889208531    0.768102278406367
  107   -0.056362938230349   -0.899922992590336   -0.432390826222408
  108   -0.014816919831248    0.441742690296036   -0.897019428137838
  109   -0.212340350791064   -0.959502747593268    0.185110920225946
  110   -0.169829640813771    0.781335151161179   -0.600560800136841
  111   -0.166107810642202    0.983166098091569   -0.076109255725268
  112    0.068920993862553   -0.655406984097069   -0.752124711601595
  113   -0.197904056340734   -0.651603333593146    0.732288932139619
  114   -0.338193875988606    0.917741063862698   -0.208269637595035
  115   -0.532099349384721    0.519451249283199    0.668611009483451
  116   -0.253546606492572   -0.966125223628993   -0.048126610143755
  117   -0.008999047613036   -0.463558908287286    0.886020403653075
  118   -0.412608316114448    0.694188972126428    0.589793225165611
  119   -0.299467359200522    0.578522662245896    0.758703387392851
  120    0.007391892203511   -0.966852736730961    0.255227634486360
  121   -0.367177715521747    0.890262841234463    0.269467249849351
  122    0.009243938697241    0.991462467427652    0.130064312090730
  123    0.169991198382455   -0.744159621024476    0.646010410836547
  124   -0.259429380118328    0.871865335975967   -0.415388050688671
  125   -0.033910834163487   -0.230960081638595   -0.972372097509914
  126   -0.208762126419162    0.968201814628049    0.137853620641253
  127   -0.096223110788666   -0.764728121054299   -0.637127941483431
  128   -0.093348813863159    0.954448943735722   -0.283395858741982
  129    0.151813844248101   -0.918919754716066   -0.364059117571828
  130    0.117202027180824   -0.811383657220928   -0.572643209703474
  131    0.012980747227788   -0.458231909646603   -0.888737878782623
  132   -0.056462441439211   -0.975215535095763   -0.213931420821270
  133    0.208205162671250   -0.362144125226505    0.908571539726492
  134   -0.002753856158226    0.220759241558890    0.975324445270703
  135    0.190357092143710    0.368914416110814   -0.909761689156126
  136   -0.007378913739652    0.879424055655488   -0.475982018532714
  137    0.142178199680490   -0.070677410800186   -0.987314571521253
  138    0.153004754867427   -0.977665854151508   -0.144079917456116
  139   -0.278353070451455    0.837461435883854    0.470295557684315
  140    0.087016455933474    0.759348334564584   -0.644839703485115
  141    0.226557665596699   -0.115940736823905    0.967072577268172
  142    0.233006561183050    0.838284254212210   -0.492937573720576
  143    0.170659645238627    0.153547876248486   -0.973292522927514
  144   -0.069706477055599   -0.793564813799847    0.604479853556189
  145   -0.044844357169344   -0.998843638830019    0.017331151112217
  146    0.359255610934233   -0.890949158550848   -0.277749892690901
  147    0.058397680751853    0.994136730455735   -0.091004791311151
  148    0.446559370879367    0.739693139079846   -0.503427043649849
  149    0.305938639693291    0.680014172733903   -0.666319948390894
  150    0.176440232441567   -0.313490054867237   -0.933055641360848
  151    0.216493881677654   -0.559038163672826    0.800379116889900
  152    0.390153495394058    0.278377961034486   -0.877659364925870
  153    0.081696222723746   -0.878033758090469    0.471574434046418
  154    0.035120751901225   -0.231542213110010    0.972190689285806
  155   -0.147590534575168   -0.579944837700206   -0.801174774520952
  156    0.224943232765412    0.966666613600965    0.122295544408978
  157    0.335497383141603   -0.155514042475153   -0.929116186759316
  158    0.210519306981961    0.123303492743048    0.969782382839160
  159   -0.119242145142653    0.933792785750454    0.337360851466476
  160    0.359727334080254   -0.930972304383429   -0.062344314789092
  161   -0.013516535899653    0.430762540026013    0.902364082489773
  162    0.325424974315945   -0.803302141131775    0.498802822911591
  163   -0.214561174340569    0.362827150747696    0.906818593295211
  164    0.287770304510950   -0.682592923268057   -0.671755277572156
  165   -0.176631954898987    0.744041144735179    0.644363195294181
  166    0.196200671866459    0.352708723325816    0.914932704000148
  167   -0.087226802379890    0.599403160140221    0.795680423637842
  168    0.413429336166871   -0.448807656445998    0.792242306060508
  169   -0.021025752836172    0.855180666631900    0.517903412941730
  170    0.541047186935247   -0.684388999470457    0.488753147215731
  171    0.400078906141586   -0.238987689183738    0.884772147662419
  172    0.385490235235839   -0.643600525330076    0.661192590954155
  173    0.155796386918186    0.563473637640830    0.811310634410180
  174    0.567618606880231   -0.105486616113508    0.816505781329359
  175    0.070280075348166    0.729548524075997    0.680308505038405
  176    0.333309128103113   -0.808131828774117   -0.485621223223763
  177    0.581193299338084   -0.514840873497028    0.630200939210130
  178    0.113859296876377    0.935405231918322    0.334743353353950
  179    0.213868792602243    0.827427540153302    0.519253122616239
  180    0.364176360154341    0.877691315273390   -0.311502060664778
  181    0.363042835167911    0.491676830771056   -0.791488340985624
  182    0.502232962966745   -0.664039132701076   -0.553908007841778
  183    0.141203924029671    0.942540092165616   -0.302786437112125
  184    0.404282805475114   -0.347350214107569   -0.846110655858084
  185    0.274626105076023    0.956317877905779   -0.100182926731854
  186    0.450403685630559   -0.523121513361482   -0.723519455321556
  187    0.560129273882371    0.361976629377091   -0.745136307211511
  188    0.538207606682274   -0.765609402738682   -0.352384469787556
  189    0.369167730621155    0.062575679922331   -0.927253725228583
  190    0.563794451790086    0.762155629109739   -0.318205300312637
  191    0.592263367398185   -0.316791265006981    0.740855855111802
  192    0.476329300615618    0.872737444570572   -0.106956767992795
  193    0.335448563749693    0.883784328268986    0.326189396186333
  194    0.521096384760578    0.565230788518379   -0.639509744648467
  195    0.684206185270595   -0.598855181845775   -0.416214328458215
  196    0.434940709383262    0.748802800082791    0.500120931284981
  197    0.653462344952047    0.603603409019087   -0.456782101608971
  198    0.235146661956371   -0.513401582500118   -0.825302891341809
  199    0.597994138354429   -0.296986734557163   -0.744447372210297
  200    0.368629908060539    0.480214605425746    0.795930853541358
  201    0.542828137152956    0.782849762701408    0.304111595558934
  202    0.530206454843916   -0.105893007979418   -0.841229924635897
  203    0.562942110272268    0.130829617412433   -0.816075849225991
  204    0.746963788663590   -0.372143371495136    0.550957720226851
  205    0.705887322225493    0.416303202172158   -0.573074805049508
  206    0.431347055504996    0.895055847411383    0.113202242565509
  207    0.655021052079587    0.746518227975103   -0.116867260742530
  208    0.622908114098778    0.776163653833917    0.097752052955865
  209    0.304317865399838    0.674041310602637    0.673096537206638
  210    0.813488872997611    0.459987517755343    0.355875451553425
  211    0.759075967256296   -0.225085367734261   -0.610852071426340
  212    0.516001921939739    0.575568755478144    0.634399420138319
  213    0.404408932405893    0.015517938357721    0.914446613520686
  214    0.861396113781563   -0.367634628490575    0.350487539145997
  215    0.639819814640777    0.628529879570031    0.442245175531317
  216    0.230056524316271   -0.918824229926228    0.320680573343617
  217    0.390730280157008    0.260080905860038    0.882999303836333
  218    0.719435038161887   -0.551301248593602    0.422469122142837
  219    0.560943914421678    0.373518645327265    0.738800207408045
  220    0.702020521337270    0.445835004508775    0.555336237225709
  221    0.756228604320979    0.605267116283596   -0.248535743812605
  222    0.726746339197170    0.243039490970820    0.642473006664216
  223    0.637584755684759   -0.470653764081091   -0.609894018395579
  224    0.563992602943562    0.151898583362213    0.811689080989450
  225    0.878994763757785    0.458094677193116    0.132353587082971
  226    0.470874308719498   -0.819672158940314    0.326213024335418
  227    0.549501677110852   -0.825307600614383   -0.130058722200747
  228    0.659234242969261   -0.703214785078641    0.266268997338305
  229    0.705587583190492   -0.681945407228793   -0.192604839001923
  230    0.824722683014457   -0.507647136767037   -0.249252644226025
  231    0.851939648221666    0.260718671076158    0.454119599158886
  232    0.746640856779429   -0.175010279004720    0.641793450597908
  233    0.820818427700080    0.436626485959020   -0.368258632630718
  234    0.716993331760777    0.204141116883524   -0.666518541833705
  235    0.708127456460444    0.028653455107442    0.705503001352416
  236    0.369845368885338   -0.916335806219748    0.153437587812351
  237    0.814212650531381   -0.543820688430279    0.203265389453985
  238    0.559616703454492   -0.823584769200294    0.092397365525356
  239    0.695531845297948   -0.038433786711620   -0.717466581950293
  240    0.723044270443305   -0.690020754263898    0.032838112981567
  241    0.846436773639318    0.244300133665122   -0.473140817222806
  242    0.789918580174127   -0.395429559440407   -0.468683368828527
  243    0.736795217152873    0.633721445923008    0.235647908876577
  244    0.852600286610835   -0.521913218091196   -0.026064229373121
  245    0.885550075848203   -0.144644469877666   -0.441451062405620
  246    0.829294845771273    0.031804295001480   -0.557905498804825
  247    0.932280393802714    0.268715312140300    0.242168016782560
  248    0.844245537590242    0.043554911643266    0.534183902725186
  249    0.875455121991699   -0.168048910848043    0.453142243607110
  250    0.788212982784219    0.615361397725792    0.007116456938935
  251    0.902961339123906   -0.308628967914023   -0.299013344538146
  252    0.942333305165759   -0.323908332147628   -0.084210060804618
  253    0.927287273240771   -0.348910114966625    0.135646763911536
  254    0.959409053167941    0.281973935497023    0.004996838972360
  255    0.881879456669380    0.455148344258167   -0.122998409028607
  256    0.939491421133435    0.054780261355356    0.338164150350858
  257    0.935464260762490    0.068400620082457   -0.346739054633919
  258    0.931433719445803    0.271242303186034   -0.242608407194996
  259    0.971538719297814   -0.111724076334707   -0.208878547659446
  260    0.989862160370110    0.074870083043920    0.120695377427701
  261    0.990047144883090    0.088152330630146   -0.109707873524717
  262    0.991621464890566   -0.127354839461001    0.021624412920350
  263    0.957903793158784   -0.151532670310659    0.243840466043959
   
 U =    32230.1412535535     


 http://math-lab.ru/  - см. Задача Томсона
