    300
    1    0.090501015057680   -0.130394786277322    0.987323030211096
    2   -0.011223335776496    0.044642345015357    0.998939987069082
    3   -0.167710549577137   -0.089802985518413    0.981737538934167
    4   -0.967451026018564   -0.161287865342196   -0.194999324996228
    5   -0.978405585643949   -0.061779714587303    0.197245473576032
    6   -0.921838937027922   -0.363548071944414   -0.134334558341219
    7   -0.810240771296807   -0.081564654100398   -0.580393917722987
    8   -0.847357240999118   -0.480855806218683    0.225307345091416
    9   -0.925272547991247   -0.372842844444078    0.069705991712574
   10   -0.882280201255870   -0.334798209160739   -0.330895460250913
   11   -0.982734002139231   -0.183897970008705    0.020381797420441
   12   -0.999190434385657    0.008978434464201   -0.039215603358540
   13   -0.805452519469103   -0.290939394196407   -0.516333717459456
   14   -0.816756453133006   -0.535820210811099   -0.214022423946513
   15   -0.909819490909173   -0.124788235834715   -0.395798421117407
   16   -0.685761730380163   -0.092109750070503    0.721974129098788
   17   -0.920813046800967    0.257739348195161   -0.292700804975071
   18   -0.831836661166096    0.460342400561769   -0.310052646150729
   19   -0.890013069330937    0.087172136727338   -0.447524027286262
   20   -0.712146668628252   -0.698259357478473   -0.072670434534496
   21   -0.690038442046891   -0.228009667595605   -0.686919602268302
   22   -0.835764846419199   -0.364080398691933    0.411026258015489
   23   -0.966324019524895    0.046616551020944   -0.253070714347120
   24   -0.837062681394426   -0.547098858870788   -0.002984298754473
   25   -0.762476442061937   -0.499144479891749   -0.411684908023314
   26   -0.933043247516321   -0.262286324004953    0.246244152223287
   27   -0.828553185780955    0.291707986386264   -0.477918475276591
   28   -0.629898611937770   -0.303318851304958    0.715000288896383
   29   -0.770219981070848    0.118408357289147   -0.626690227850497
   30   -0.938590666275495    0.336932340912506    0.074324685184272
   31   -0.929758354944790    0.059155868423430    0.363386825079595
   32   -0.735075084986604   -0.569082860189606    0.368523157576773
   33   -0.973678831163642    0.208236054628464   -0.092667574137753
   34   -0.981739094995139    0.135733912060636    0.133284111861997
   35   -0.546618875603993   -0.367107714102472   -0.752621904464575
   36   -0.835714194799729    0.548463178618607    0.027747546014270
   37   -0.780870935535961   -0.235920202899231    0.578430842797286
   38   -0.680137652459877    0.732934714786686   -0.014814775291096
   39   -0.674999394197742   -0.681562744978162   -0.282573959328374
   40   -0.901814069723304    0.414174764756328   -0.123250346401673
   41   -0.839274081889851    0.180684802002961    0.512807973605226
   42   -0.524483790065261   -0.168955099754933   -0.834488423062645
   43   -0.729474591084157    0.485026701840862   -0.482302725955367
   44   -0.554120567243802   -0.818359015846007   -0.152443163641278
   45   -0.898959382987420   -0.144772292170063    0.413416268618814
   46   -0.920257617591679    0.257527537567855    0.294627705178458
   47   -0.495603072359619   -0.788769687866181   -0.363620645963887
   48   -0.773945726383673    0.611822082014367   -0.163345500617722
   49   -0.702862492193250   -0.445294293407083    0.554704704619477
   50   -0.473945119364960    0.033459046068529   -0.879918471261013
   51   -0.861737809809206    0.456654525435655    0.221075985906134
   52   -0.673152359982992   -0.441009079868613   -0.593613419426117
   53   -0.680380479423207    0.646198495761108   -0.345702049886790
   54   -0.607575505101669   -0.636701399604014   -0.474829794076510
   55   -0.556236958679146    0.650799635902581   -0.516778753151135
   56   -0.448067348523257   -0.351668200073321    0.821927690398936
   57   -0.661525808113087   -0.024808680106722   -0.749511930920175
   58   -0.569425691045420    0.804729043874747    0.167825946509715
   59   -0.368953546168722   -0.900352274120120   -0.230735916701871
   60   -0.823813154732636   -0.021092778314765    0.566468870100049
   61   -0.404557991793714   -0.729560584426195   -0.551429220233700
   62   -0.606619173255017    0.706913368679333    0.363712342135701
   63   -0.738255920798475   -0.656855740946184    0.153358178758211
   64   -0.506051493070080    0.368109213832127   -0.780004803224593
   65   -0.421267186737222    0.576668209119306   -0.699991238494911
   66   -0.711442153265179    0.120743860728378    0.692294000157312
   67   -0.554970658969227    0.062019209313355    0.829554811546174
   68   -0.817937456942728    0.373449357178326    0.437623004597745
   69   -0.327785990394300   -0.117378941299963   -0.937431879466731
   70   -0.395336106407146    0.208418190858584    0.894578795126552
   71   -0.426355100156395   -0.672596784286554    0.604842867477180
   72   -0.697554578134242    0.309345700940013   -0.646314820991978
   73   -0.598584846457179    0.174610211307462   -0.781797579747468
   74   -0.731496652527079    0.659456191279233    0.173292178488139
   75   -0.360832872292853   -0.311784662022978   -0.878970968121307
   76   -0.596068937193645    0.487980739261212   -0.637633609703032
   77    0.131015997526888   -0.974978560752705    0.179587344945625
   78   -0.708915796622914    0.321996072940831    0.627500535704299
   79   -0.189929473589906    0.297929187994485   -0.935502535540555
   80   -0.509205819344063   -0.571272030374736   -0.643706222478599
   81   -0.230934879311569    0.640099980721887   -0.732762646562440
   82   -0.379815518401244   -0.495032248285792   -0.781462248057261
   83   -0.748130885392258    0.559763955494720    0.356320771849048
   84   -0.592707018966886   -0.635128281971316    0.495288254562485
   85   -0.540042152889345   -0.500540024868534    0.676619654316403
   86   -0.520774258245292    0.654564643064224    0.548032207082093
   87   -0.313873559799600    0.446569120619265   -0.837889854914155
   88   -0.286990285741245   -0.853277096990128   -0.435378882862108
   89   -0.393699197561888    0.234158553545332   -0.888915470469877
   90   -0.209670364801593    0.130084039749606    0.969080224092098
   91   -0.596421097946379    0.776988987755846   -0.201419926597597
   92   -0.594486044341254   -0.800501804279158    0.076047382790605
   93   -0.030725791753984    0.677635166277175   -0.734756086838072
   94   -0.517198691138874   -0.150546703269467    0.842520743969506
   95   -0.316211043024291   -0.220058743929972    0.922813483586718
   96   -0.563584667768646    0.272840215302830    0.779699005494819
   97   -0.236781418051825   -0.968408824694441   -0.078223451210603
   98   -0.425225148611216   -0.905078892301970   -0.003971359717864
   99   -0.669768491884269    0.511440157933481    0.538367097928587
  100   -0.057448551840038    0.128831175159605   -0.990001107170329
  101   -0.442145557548154   -0.792595288776514    0.419880952354005
  102   -0.372590189608387   -0.008611243332587    0.927956031876432
  103   -0.443024775147900   -0.870227385296167    0.215483981970236
  104   -0.263334743561288    0.085160543498614   -0.960938340719388
  105   -0.123006695564005   -0.087669211763184   -0.988525903633914
  106   -0.254247556568222   -0.811475385396744    0.526180462269642
  107   -0.605173223676480   -0.739574287571007    0.294610323153917
  108   -0.118304778555958   -0.572039065263766    0.811649731832015
  109   -0.161134872537885   -0.940370475553608   -0.299564553242336
  110   -0.111450391142370    0.500086310848523   -0.858773830537544
  111   -0.260541730211433   -0.903537028322941    0.340204122943537
  112   -0.364868471286124    0.738977251577888   -0.566377630483159
  113   -0.292071364757177    0.955221366721662   -0.047396818957397
  114   -0.190001929900051   -0.480645586535905   -0.856083574645497
  115   -0.348177922301985   -0.525666970079865    0.776174188561129
  116   -0.498087117672948    0.866636112044656   -0.029173147042741
  117   -0.541086135437684    0.470489511261479    0.697040467856815
  118   -0.257420249625943   -0.956530098985499    0.137058326333386
  119   -0.216033246031988   -0.399511763720947    0.890909640343767
  120   -0.373951977469919    0.605771900990050    0.702282224264033
  121   -0.383713856734346    0.413304045648261    0.825798669168723
  122   -0.059826099955791   -0.878330366090911    0.474295905281382
  123   -0.442068008584081    0.823588519095146    0.355355915950711
  124   -0.176716704336206    0.976003888011578    0.127230566275688
  125    0.080069483678766   -0.637533162583241    0.766250836469381
  126   -0.483238384634422    0.788368544987397   -0.380730483269161
  127    0.078004153113725   -0.053035084819789   -0.995541376274823
  128   -0.383451846024319    0.910865205792409    0.152608186730905
  129   -0.277091249467654   -0.654930151373888   -0.703055429030906
  130   -0.394863166625863    0.891917346211672   -0.220378145851453
  131   -0.038523228088266   -0.988557235336814   -0.145844277779053
  132   -0.163271523847682   -0.786978949819903   -0.594984488907751
  133    0.050400563367893   -0.262835153180552   -0.963523463889051
  134   -0.058954745295552   -0.995837388007506    0.069514276616574
  135    0.024229538563308   -0.449480859824139    0.892961301576257
  136   -0.007422429665750    0.241474570628751    0.970378760730838
  137    0.097036560323059    0.528844465890642   -0.843153270086472
  138   -0.279076356354924    0.868985315951592   -0.408632974665741
  139    0.148049688894045    0.166099482493583   -0.974931921486696
  140    0.135654578737821   -0.989751152393465   -0.044614925790281
  141   -0.351346925321436    0.766191625785715    0.538057367427504
  142   -0.164475259184745    0.794482641987618   -0.584589788395663
  143    0.176711118708363   -0.311392242769660    0.933706619697922
  144   -0.065219156380765    0.908675894382618   -0.412376745960450
  145    0.017942802828595    0.339268509890238   -0.940518438959871
  146   -0.240410027484425   -0.682568298337435    0.690147474667317
  147   -0.063153638300208   -0.958418809909461    0.278289422690081
  148    0.094865808553769   -0.950786023885455   -0.294968498574894
  149   -0.063768030196107    0.996553562462477   -0.053053138156518
  150    0.154981878851730    0.906302915554475   -0.393186523783618
  151    0.041871312465421    0.815734074679874   -0.576909622556768
  152    0.253710091564377   -0.227421257510825   -0.940165283910542
  153    0.270301968516581   -0.672248629914304    0.689215949753343
  154    0.315651993462222    0.534760929889108   -0.783833251965915
  155   -0.054697978616830   -0.755650250633776    0.652687390603146
  156   -0.065705708344212   -0.270135371991355    0.960577763999395
  157   -0.156763984680303   -0.290506989056613   -0.943944247514870
  158    0.060666659905364    0.990770192772782    0.121218734067432
  159    0.273480581712784   -0.017682338413768   -0.961714981860145
  160    0.193288786403858    0.074663054330655    0.978296924950979
  161   -0.257634505726524    0.906966834296924    0.333220081844515
  162    0.300648573244806   -0.940683631816531   -0.157241025938918
  163   -0.016441040698210    0.445912853584210    0.894925370737218
  164    0.131576724896847   -0.800133893901014    0.585212198519665
  165   -0.204878230051397    0.336976841371001    0.918951314940367
  166   -0.074758082576831   -0.636415794245001   -0.767714898855650
  167   -0.186229605722012    0.706522124684288    0.682748138982615
  168    0.167017373139178    0.333308167834625    0.927906709925310
  169   -0.202622411820052    0.535945724662485    0.819576926495756
  170    0.420563516036122   -0.513975086381611    0.747633559679038
  171   -0.166147364098874    0.843460460428459    0.510851744733057
  172    0.312164432362405   -0.813971240238560    0.489902222114125
  173    0.231543075516193   -0.499246321506935    0.834949647968246
  174    0.445905404159678   -0.676740168941411    0.585825156751009
  175    0.000066114428559    0.622235447667636    0.782830149709845
  176    0.377821148419661   -0.327692239116616    0.865949753871197
  177    0.017773575203269    0.768815520701214    0.639223587763636
  178   -0.038746981550601   -0.887646096490697   -0.458893319634907
  179    0.601580033642557   -0.657025872082083    0.454332990808941
  180   -0.057051581892485    0.953754576136933    0.295122560136335
  181    0.029034641304621    0.883556546719453    0.467423596273772
  182    0.048004008919567    0.972333724507966   -0.228610461948084
  183    0.177379205231135    0.681925917541782   -0.709586964745245
  184    0.042993389642579   -0.759965369996674   -0.648540056475204
  185   -0.178454686344334    0.955759183776235   -0.233833931560693
  186    0.218538550067728   -0.425110054276836   -0.878363446351817
  187    0.174970182433138    0.982941024239068   -0.056677845117522
  188    0.140485399075769   -0.606719877725509   -0.782403248088392
  189    0.384923598386944    0.678275597080256   -0.625920152903123
  190    0.162900160890209   -0.847345850805528   -0.505438964371169
  191    0.228071685795199    0.370898645647590   -0.900231915005972
  192    0.286638689713349    0.929593425254109   -0.231720360097572
  193    0.590996047255891   -0.509792005122258    0.625168604171179
  194    0.385842660998891    0.922305417270121   -0.021866829387958
  195    0.166854379698144    0.933632371464632    0.317001909976698
  196    0.248661243986528    0.801679139817712   -0.543579012214605
  197    0.267087000117955   -0.716481406734640   -0.644452425064521
  198    0.219604015756671    0.823550283845508    0.523009566109002
  199    0.389240229392586    0.828088941831860   -0.403436176164454
  200    0.012767926949588   -0.458693694325291   -0.888502715149271
  201    0.420052277398251   -0.373037682576787   -0.827284093664494
  202    0.189263880992888    0.527077657908441    0.828473491359417
  203    0.360570347092791    0.859550528492423    0.362162827697406
  204    0.449415035325164   -0.178072163625517   -0.875395014016763
  205    0.349473537498252    0.200162139785696   -0.915315991548749
  206    0.738926227091453   -0.477255234895743    0.475621143013007
  207    0.567151139394624    0.749466124778204   -0.341526152575936
  208    0.277723424670875    0.949199962131329    0.147949759306885
  209    0.645141373500213    0.734978705464311    0.208803521790858
  210    0.473073381496230    0.861191910614231    0.185876488056809
  211    0.210182937267164    0.689958125580312    0.692662196043245
  212    0.562964341985611    0.596524299431115    0.572040129572153
  213    0.564582837844548   -0.454261721344475   -0.689124450105024
  214    0.390652790967481    0.581337805008823    0.713748382398756
  215    0.301641899535869   -0.127623714830984    0.944840913517790
  216    0.740395203269833   -0.597233592411890    0.308426618614236
  217    0.399849387317928    0.729545656570880    0.554872600188584
  218    0.132466875664901   -0.910767293970015    0.391095209745807
  219    0.326527539156881    0.213840250589976    0.920680244927504
  220    0.629890138081520   -0.744326509353504    0.221847833934145
  221    0.366868409902603    0.408860290835363    0.835608061469944
  222    0.549906270624804    0.427824110926796    0.717335084627273
  223    0.484259493583312    0.854610339893871   -0.187440416721997
  224    0.512834637678986    0.237258968770410    0.825050796093589
  225    0.355253132718372   -0.556142361635662   -0.751332739395862
  226    0.425027896098578    0.034485811666858    0.904523087782559
  227    0.701980908578631    0.430643510480535    0.567246834166679
  228    0.314639245702901   -0.906966079281045    0.280026206089858
  229    0.285730741980823   -0.891584654139889   -0.351332815986982
  230    0.478059286620097   -0.798965593972237    0.364846951645309
  231    0.477132489498431   -0.831439676295863   -0.284697474779915
  232    0.396812892389300   -0.776949442413542   -0.488762818110098
  233    0.676046405195894    0.243114535169401    0.695598002305264
  234    0.563129198119775   -0.337352557687104    0.754373089423893
  235    0.675832775721701    0.718484144351901   -0.164409834180373
  236    0.444587851270619    0.364452352840815   -0.818239650109531
  237    0.506868922408411   -0.152384744172188    0.848447278998591
  238    0.315586010845264   -0.946911303704724    0.061355135685558
  239    0.485554620719667   -0.862744377795565    0.141098720334112
  240    0.487864584329815   -0.869537929965548   -0.076758945458661
  241    0.609952537074772   -0.257276618438945   -0.749510936625124
  242    0.649787105108027   -0.760100477698727    0.004897125432074
  243    0.515965871583092    0.514327039225369   -0.685015996954206
  244    0.490435620243618   -0.629590116972473   -0.602568823460727
  245    0.537798828669845    0.747315940168424    0.390245186327171
  246    0.787556388614176   -0.606368900746438   -0.109871247196674
  247    0.676728974825834   -0.523411325294908   -0.517762956558504
  248    0.459458134436200    0.025172079095144   -0.887842660123084
  249    0.767252120072862    0.047418942278168    0.639590203299674
  250    0.610017824676763    0.046393482494980    0.791028380248533
  251    0.724015877853708   -0.318917336756655    0.611631213176508
  252    0.690828528292508    0.600399949312204    0.402834761860382
  253    0.589675747185598   -0.692697021417536   -0.415275028987274
  254    0.645604421868638   -0.735447721193739   -0.205697787675506
  255    0.780553939903928   -0.617058145337207    0.099873881337721
  256    0.787735253345123    0.577233201554361    0.215116251502758
  257    0.581104810225126    0.813789193587879    0.008021716325701
  258    0.681338089093861   -0.141311960621619    0.718198675949211
  259    0.563013714920063    0.182950105103002   -0.805943432167984
  260    0.746419762709371    0.665065324268183    0.023359201462015
  261    0.735949125462492   -0.329642881110315   -0.591366600058105
  262    0.826804069214296   -0.142569404240067    0.544122225336656
  263    0.813468159906263    0.551388583451218   -0.185041030202431
  264    0.752298522748439   -0.575418203384882   -0.320843924492627
  265    0.853539428955416   -0.317457536517763    0.413147861820117
  266    0.623506371219337   -0.046072544868348   -0.780459560552786
  267    0.724814232381478    0.113083791169394   -0.679600165326647
  268    0.759512769082384   -0.117150910144601   -0.639856247803443
  269    0.816064168783790    0.425245066702690    0.391415259886795
  270    0.809056029587942    0.240153467696788    0.536427677269362
  271    0.550568872605886    0.655405145354508   -0.517028057227381
  272    0.640228831635538    0.334566500775035   -0.691500035937629
  273    0.714399281823848    0.598099437728862   -0.363195166154492
  274    0.879512023378687   -0.432881525886712   -0.197666854273347
  275    0.891739717728262   -0.451957688726450    0.023119762692665
  276    0.888633364107351    0.041195832692263    0.456764323873967
  277    0.685139281584415    0.482213185428108   -0.545943777901415
  278    0.825899818487654   -0.390980159242116   -0.406231467147819
  279    0.869541568645451    0.493842643398009    0.004111442481046
  280    0.960279883329772   -0.272693359849559   -0.059168210773344
  281    0.788793859750132    0.270654241619150   -0.551860968282820
  282    0.820325582999658    0.415099726595798   -0.393393130159088
  283    0.863226980943113   -0.182699479022514   -0.470595452312005
  284    0.859970067820743   -0.448092822023230    0.244262779202326
  285    0.906587144460762    0.361625532850589   -0.217547060400752
  286    0.850467949798614    0.043516500968504   -0.524223788575833
  287    0.939030490242284   -0.020343164752437   -0.343231545815927
  288    0.930354079204513   -0.239741403203118   -0.277426290927380
  289    0.930092367627846   -0.146822915627678    0.336706428698673
  290    0.900172883239831    0.203230610901830   -0.385209162757273
  291    0.943846493435369   -0.282771752974861    0.170862320449191
  292    0.969246707418968    0.145559533719342   -0.198426919294982
  293    0.906104579552922    0.230752592351584    0.354581065535437
  294    0.895218979909495    0.401873768865582    0.192562851836941
  295    0.968174625947194    0.030259600384303    0.248439631010419
  296    0.986531101710689   -0.077804456364392   -0.143884856490651
  297    0.964825756017543    0.212299434622913    0.155049058636188
  298    0.952402776229280    0.303275390195047   -0.030870528547509
  299    0.996761082092219    0.080416504429016   -0.000728726126349
  300    0.990525866219974   -0.106814227663624    0.086308916791911
   
 U =    42131.5671842545     


 http://math-lab.ru/  - см. Задача Томсона
