     21
    1   -0.517312976400763   -0.143729326248739    0.843640424128353
    2   -0.750972325930518   -0.355925734798004   -0.556199098340701
    3   -0.786278016004385    0.451875849123202    0.421396604788639
    4   -0.935428494004831   -0.288343784352775    0.204527246666490
    5   -0.291902787865427    0.097043271307463   -0.951512147021959
    6   -0.106899193198010   -0.768482419573157    0.630878223828182
    7   -0.831611521532672    0.412899906572207   -0.371397286482786
    8   -0.485478423495075   -0.873345469054359   -0.039728981901854
    9   -0.329147330523735    0.941666433301368    0.070188055982339
   10   -0.071081901639485    0.593358415476837    0.801793710403201
   11   -0.015169761717049   -0.676659980122176   -0.736139354762741
   12    0.287236924564671   -0.957558875859772   -0.023998925575911
   13   -0.112237019164906    0.763853287662816   -0.635555667471925
   14    0.252001973963966   -0.147774602884211    0.956377368960955
   15    0.416606041469324    0.889669912318276    0.186887274384457
   16    0.456235058499481    0.001255596786790   -0.889858412823458
   17    0.716184204636890    0.338522842351620    0.610313419674519
   18    0.752984021530546   -0.509443445960460   -0.416512231138076
   19    0.617805830003251    0.617640526799979   -0.486658130588854
   20    0.742063199345833   -0.503500810011775    0.442525866468970
   21    0.991397314471417    0.116140819345369   -0.060354576799515
   
 U =    167.641626782830     


 http://math-lab.ru/  - см. Задача Томсона
