     46
    1   -0.531843811481739    0.109972670105273    0.839671466716890
    2   -0.869603738325238    0.044882191788775   -0.491706139021069
    3   -0.852969526435696    0.244228118793286    0.461297748707662
    4   -0.976497021679702   -0.212307206894660    0.037137804879387
    5   -0.499601763514956   -0.125855891066692   -0.857063808929390
    6   -0.792617649321181   -0.294945263635510    0.533633351134976
    7   -0.948601501649592    0.314058930261454   -0.039015117469652
    8   -0.779345122055408   -0.476456248574601   -0.406952852210989
    9   -0.657763479987896    0.710249177911083    0.250785385680356
   10   -0.385101822229019    0.602290179595911    0.699244682552691
   11   -0.361791618646343   -0.599889827244721   -0.713609851281187
   12   -0.712667588641725   -0.694791953607026    0.096793849507710
   13   -0.693458652277159    0.623480385870195   -0.361091824910367
   14    0.220170954066483   -0.299722403519005    0.928273252773258
   15   -0.154686773393948    0.757241871808791   -0.634552401080075
   16    0.020044994752889   -0.258726178001392   -0.965742700206504
   17   -0.351322302018763    0.927651669285917   -0.126629461719177
   18   -0.370744342552841   -0.889571840737696   -0.266853091853195
   19   -0.505258668509889    0.381423340629464   -0.774099420693927
   20   -0.291332999456742   -0.341490371996078    0.893593536940324
   21   -0.110972091803034    0.930673720461209    0.348613856413869
   22   -0.446748598803097   -0.699167243272079    0.558194281055253
   23    0.184061928329924   -0.969755090738474   -0.160300563087857
   24   -0.027496583674433    0.212095584042219    0.976862017439528
   25   -0.017953848291903    0.275704057399679   -0.961074883692663
   26    0.113402145198918   -0.745381334631063    0.656922080195131
   27    0.116606621319836   -0.768711663420615   -0.628876199569902
   28    0.411992729666655    0.877755778683728    0.244554255103322
   29    0.499545285204578    0.125916105348507    0.857087884900808
   30   -0.151254130635716   -0.961522439380547    0.229339893026302
   31    0.151290242319664    0.961515319695976   -0.229345923375154
   32    0.164190806270196    0.652673390662041    0.739634250327861
   33    0.633464586549333   -0.716371795226075   -0.292462080606108
   34    0.613946629755039    0.741246457066562   -0.271336001479160
   35    0.633156244131768   -0.451874783351210    0.628428476987039
   36    0.494251742913677    0.090977776670996   -0.864545116682059
   37    0.471011476471110   -0.840034338924881    0.269240595860920
   38    0.352559269752577    0.604164466165080   -0.714623858498296
   39    0.646977049788462    0.518213307337034    0.559352898576410
   40    0.481190606918358   -0.431607479802450   -0.763001037477748
   41    0.816962328241039    0.301018007326216   -0.491895022845663
   42    0.867315309982693   -0.480948531987875    0.128267933047713
   43    0.876916543530891    0.001821747168142    0.480639217000746
   44    0.868294808745629    0.486641059848574    0.096148863617040
   45    0.852954205963505   -0.244277868158795   -0.461299735158129
   46    0.999262379641287    0.007558635784374   -0.037650546592468
   
 U =    886.167113882381     


 http://math-lab.ru/  - см. Задача Томсона
