     92
    1   -0.026683471755618   -0.012748032736311    0.999562644358232
    2   -0.958368553765103    0.225790873410331   -0.174780424071991
    3   -0.846056624608100    0.066043399015771    0.528986254455815
    4   -0.732185874110942   -0.522207898914251    0.437267373655935
    5   -0.557467694701372    0.477836853891831   -0.678897422610438
    6   -0.691321459140320   -0.233127491010206    0.683905119930671
    7   -0.925990902688206   -0.228084887779016    0.300862314199562
    8   -0.985131598290703   -0.157661317259046   -0.068254253269291
    9   -0.967964881582574    0.165700973786821    0.188645634216466
   10   -0.783518613138144    0.427912053998589    0.450543956688788
   11   -0.890173413782473   -0.092517692813008   -0.446129768017576
   12   -0.845304865565004   -0.531146780391107    0.057816796281800
   13   -0.816621237008996    0.272199132339655   -0.508957156958653
   14    0.294696704441725   -0.283858763546404    0.912457152281187
   15   -0.571127043067851    0.817894314430956   -0.069733715648098
   16   -0.030960736270988    0.838827702979653   -0.543515885253998
   17   -0.749038270158548    0.585469772648734   -0.310107747649957
   18   -0.574347270094190   -0.802388816435228    0.162164732895368
   19   -0.635603684643285    0.072210485753628   -0.768630991968906
   20   -0.421429800785440   -0.477771190427084    0.770799333554351
   21   -0.848586718943868    0.525662699519454    0.059827307861886
   22   -0.440039803080790   -0.742774441178953    0.504629667415535
   23   -0.842590826513165   -0.439969222129754   -0.310592631358827
   24   -0.597669969106808    0.169362222108219    0.783649823422703
   25   -0.435232249914582    0.775559904481947   -0.457252362699466
   26   -0.112125026235419   -0.733128763776429    0.670783269182641
   27   -0.332397764461459    0.234405732403278   -0.913545663225166
   28   -0.617942366112778    0.728039384623854    0.296826357656225
   29   -0.256204736467264    0.289968910451707    0.922104746752336
   30   -0.203492314643430   -0.938608843746204    0.278575512783291
   31   -0.274057144993011    0.945807112812649    0.174188365372894
   32   -0.501204675283524    0.520486603767534    0.691294126094295
   33   -0.022884597683243   -0.708053934958624   -0.705787447025296
   34    0.102381010147120    0.987162703627930    0.122588438799307
   35   -0.079780987198155   -0.395279478572911    0.915089682982393
   36    0.410676187051974    0.785700113117977   -0.462623390713061
   37   -0.614109600173257   -0.763841074344358   -0.198535165951775
   38   -0.224202092129091    0.954453934148529   -0.196853014895209
   39   -0.109511423507642    0.629735868699874    0.769051353157996
   40   -0.660661378889972   -0.285228347973670   -0.694385578735195
   41   -0.218783185555452    0.611627529124765   -0.760293156180525
   42   -0.282290229485218   -0.954875047619616   -0.092335636514937
   43   -0.382123799487802   -0.114155349312232    0.917033237177589
   44   -0.323091606845388    0.797060112854369    0.510202891095930
   45    0.036665648355170   -0.943937147910651   -0.328082750270417
   46    0.148677294628512    0.957910107451501   -0.245567278162628
   47    0.140769534591779   -0.895013052393779    0.423244107077209
   48   -0.329209364532530   -0.511426506099944   -0.793765786087113
   49    0.048048589976600    0.876211134448356    0.479526204570706
   50   -0.585247557951125   -0.608432431004105   -0.535999321655055
   51    0.223558808909817    0.626127718131612   -0.746984296719900
   52   -0.295668254484473   -0.832388618238539   -0.468731769263660
   53    0.580075162124118    0.481810681034925   -0.656788606727720
   54    0.223547079673134   -0.615103308864107    0.756091676051284
   55   -0.338730111111931   -0.156047709637538   -0.927852910833920
   56    0.714621180253639    0.635704647341612   -0.291883829769951
   57    0.471668805943428   -0.867147072797216    0.159951529030267
   58    0.127816264722117    0.387383090322525    0.913015522214522
   59    0.303391012041163   -0.781209090546299   -0.545587986176807
   60    0.635576430951641    0.592769852288039    0.494637748900335
   61    0.112128221368069   -0.992824462311100    0.041555372811574
   62    0.013439138901587   -0.371421573198460   -0.928367063455164
   63    0.013317566564182    0.370860459312214   -0.928593109030829
   64    0.293033988093613    0.668596647289357    0.683454171876493
   65    0.630694116692174   -0.068616979941155    0.772992005931260
   66    0.413147986279766    0.850177260819115    0.326354663853729
   67    0.341456353289938   -0.506821166634353   -0.791542711323483
   68    0.332501382198198    0.085151189408230    0.939250821548031
   69    0.594997846417472   -0.428246835135730    0.680133965447103
   70    0.017038896491183    0.000552760312773   -0.999854674671474
   71    0.358835191969248    0.254048565560015   -0.898162920266302
   72    0.466350900877373    0.882127008147025   -0.066096737804832
   73    0.633152174582494   -0.626060567989153   -0.455155455894531
   74    0.652888115486478    0.086354910861463   -0.752515739387971
   75    0.424561803438446   -0.881827702595618   -0.205249063325581
   76    0.525883535564934    0.361410547556735    0.769953844809198
   77    0.368612518592731   -0.141561207909058   -0.918741114543184
   78    0.736033363472805   -0.673986093073792   -0.063226847130285
   79    0.841379134252450    0.295685419664583   -0.452384001753353
   80    0.874033862297226   -0.390589559067327   -0.288971631661975
   81    0.876770721403911    0.393190609580200    0.276901149558496
   82    0.853670612409440   -0.224094056042573    0.470136511616444
   83    0.470658628978408   -0.728030301614153    0.498449932189554
   84    0.722275287837121    0.683976720494945    0.102441468169804
   85    0.651446542419573   -0.322368645591262   -0.686801178441941
   86    0.758501637506637   -0.572954463436093    0.310480995760464
   87    0.865753585499024   -0.081989094558882   -0.493708940134770
   88    0.803803824612279    0.179520067621366    0.567161314671490
   89    0.925614609847669    0.367317693799573   -0.091188298911158
   90    0.939719956320665   -0.332198833481960    0.081057625957790
   91    0.988305199922688   -0.004677532279493   -0.152417034801065
   92    0.974931083762483    0.034711866312343    0.219782775145881
   
 U =    3745.29163695197     


 http://math-lab.ru/  - см. Задача Томсона
