    247
    1   -0.141273120085168    0.055319250392464    0.988423839290321
    2   -0.983980160706989   -0.075722394867577   -0.161397528638347
    3   -0.955545496805514   -0.020193603481781    0.294151358849697
    4   -0.965775248339800   -0.257923344096677   -0.027453929849574
    5   -0.833013381952321    0.150607955847642   -0.532358853710307
    6   -0.842875998940457   -0.433875553127643    0.318295546321825
    7   -0.947843215178819   -0.243784103669151    0.205335214314807
    8   -0.921678921504403   -0.232590549693473   -0.310498956274844
    9   -0.997017514612250   -0.033336781624215    0.069604127372955
   10   -0.975064908740562    0.193304903072759    0.109002927441377
   11   -0.865336484823503   -0.096566307401173   -0.491800484249665
   12   -0.892592352534764   -0.417635821800815   -0.169879994540893
   13   -0.938355186611601    0.055396505608648   -0.341204881157141
   14   -0.565876071343861   -0.098617283934578    0.818571257246310
   15   -0.921991670080203    0.372605301158092   -0.105340637228022
   16   -0.818197868111084    0.499190546216471   -0.285238579414811
   17   -0.900593632555750    0.283926938962926   -0.329114877104000
   18   -0.788020506685663   -0.613221275601573   -0.054620034716671
   19   -0.731714921622944    0.002265901277175   -0.681607026933944
   20   -0.749849700283177   -0.379998907540538    0.541596027730288
   21   -0.980723894656842    0.154445029894468   -0.119697014123211
   22   -0.887977262144006   -0.452249693095105    0.083466142900093
   23   -0.812890486258391   -0.378231467245734   -0.442888264165732
   24   -0.875971963377683   -0.220513869374366    0.429006704830813
   25   -0.773126121813237    0.377257390772411   -0.509855725551470
   26   -0.585480001741948   -0.316182531788819    0.746486285307279
   27   -0.677662046695458    0.241398730125576   -0.694622777889037
   28   -0.842118437940794    0.416708010687470    0.342331667113998
   29   -0.816509118940712    0.211772940517966    0.537089452839130
   30   -0.692140762785130   -0.587693837346725    0.418995367558997
   31   -0.904282924429252    0.408745302895610    0.123286941508237
   32   -0.921745101842253    0.202356801840712    0.330813681667814
   33   -0.599302788427471   -0.364265368500687   -0.712844239013065
   34   -0.773916469565313    0.599962753694857    0.202726397675405
   35   -0.743330040369020   -0.171103345444934    0.646671552074577
   36   -0.542899205024267    0.832550841075813   -0.110088828715614
   37   -0.776150506201822   -0.556679432427874   -0.296139158563058
   38   -0.818385630826804    0.573336192268068   -0.039122498536860
   39   -0.646142161189366    0.287285630725686    0.707083639969191
   40   -0.588714964209229   -0.142482643662460   -0.795684225790032
   41   -0.596799959077304    0.462289928466498   -0.655833691482657
   42   -0.640480695769731   -0.748251066950786   -0.172930099038112
   43   -0.860818526303494   -0.006524301403578    0.508870217505284
   44   -0.730098441572278    0.420832819636874    0.538382766747051
   45   -0.620395851712752   -0.677457451276893   -0.395171341176237
   46   -0.699309487030292    0.684135603427996   -0.207182811718641
   47   -0.586853871529198   -0.513974164761608    0.625646139146402
   48   -0.392145527239919   -0.083581625941841   -0.916098246516521
   49   -0.675115189752411    0.608128078110097    0.417611926529506
   50   -0.750692046119861   -0.236871919537098   -0.616727772706230
   51   -0.675661846898211    0.580262508147870   -0.454726830398253
   52   -0.658773215029575   -0.511873925287057   -0.551364612367187
   53   -0.477357878831596    0.658660396253674   -0.581632132816227
   54   -0.392799900604172   -0.437788823391445    0.808733073516155
   55   -0.550158158542095    0.089501073027633   -0.830250298715076
   56   -0.317133318760940    0.946835363710462   -0.054122566078751
   57   -0.460119020153239   -0.827914485968520   -0.320699378260553
   58   -0.714148380836704    0.054917529342793    0.697836768248276
   59   -0.466719040250795   -0.686735752935238   -0.557285692538261
   60   -0.463896558851935    0.878369908692071    0.115179365294379
   61   -0.757775001290661   -0.624529657856062    0.189049606921382
   62   -0.104278867442509    0.204309712246012   -0.973336251912390
   63   -0.385150861857768    0.528739780198119   -0.756368335168959
   64   -0.531078009329392    0.133327609119042    0.836767528441042
   65   -0.357417151270953   -0.010090549007599    0.933890336601724
   66   -0.558257404705561    0.534224603150015    0.634785588589265
   67   -0.416657842822582   -0.315725292291434   -0.852475091613779
   68   -0.337831538571891    0.227543378368930    0.913287393160884
   69   -0.250406894416782   -0.769200158425427    0.587900930010186
   70   -0.480737823371201    0.317934552778461   -0.817195671384693
   71   -0.338462875159135    0.150396689405305   -0.928883048588430
   72   -0.670890255860642    0.739858024570335    0.050163413660992
   73   -0.245655458104792   -0.490686103564033   -0.835990755733861
   74   -0.255706109116208    0.371991341066778   -0.892321034119442
   75    0.238301729026266   -0.959372232762898    0.151053649233058
   76   -0.460942430112927    0.392339930935310    0.795990863462179
   77    0.058733082996322    0.033070867204125   -0.997725785325865
   78   -0.446498978530818   -0.530704307019703   -0.720410716662150
   79   -0.153048497281292    0.569479580542554   -0.807631825044689
   80   -0.257771071355781   -0.681501742018312   -0.684915652031765
   81   -0.585001205629842    0.763006848797504    0.274943881728133
   82   -0.497122003606864   -0.712326336493368    0.495440111282720
   83   -0.392931089056232   -0.620670556031603    0.678508084055381
   84   -0.372035273119108    0.863291019279012    0.341054792646862
   85   -0.006962075731893    0.407947359477110   -0.912978905231198
   86   -0.294458702194302   -0.823005092621408   -0.485753734130037
   87   -0.174790393836947   -0.026642470023307   -0.984245140711084
   88   -0.129824682962141    0.288200636550058    0.948728593848589
   89   -0.547697986328411    0.750206866221304   -0.370427555192935
   90   -0.627710549995066   -0.776202246490900    0.059072311342719
   91    0.236462176538627    0.423593276081383   -0.874445181543850
   92   -0.378919643168630   -0.232834405944714    0.895660674267510
   93   -0.174619651597875   -0.396362794308631    0.901334850410041
   94   -0.252005732753045    0.470914599409511    0.845418565399756
   95   -0.281297697730374   -0.932491311747948   -0.226564690025127
   96   -0.461696672085142   -0.883725234899606   -0.076589112719372
   97   -0.480135615391675    0.720814287762249    0.499896542686843
   98    0.006188781382225   -0.199042423124071   -0.979971332632696
   99   -0.347975114832608   -0.854027390874889    0.386717642592968
  100   -0.157157105542667   -0.176286829622302    0.971712199099697
  101   -0.426977156207648   -0.888858696400261    0.166194843212594
  102   -0.212605517839700   -0.263221298547804   -0.941017237767152
  103   -0.034422340855014   -0.432670680727146   -0.900894657820308
  104   -0.097111040084273   -0.878618660896905    0.467545393109033
  105   -0.579598224484979   -0.762199903001796    0.288300548105468
  106    0.029457188850529   -0.549630745614901    0.834888206588063
  107   -0.114032550067431   -0.914390817481389   -0.388440485056380
  108    0.155570148304296    0.232345215133088   -0.960111259157676
  109   -0.185833164322895   -0.949190217410718    0.253976310331366
  110   -0.245934461301934    0.712609477717735   -0.657041835053891
  111   -0.176043214067122    0.947741639087694   -0.266072494482778
  112    0.159655366841271   -0.732532870686375   -0.661744480296404
  113   -0.027895223817794   -0.737886936600174    0.674347629404127
  114   -0.389740222117797    0.881092513461869   -0.267915176847106
  115   -0.359087459106116    0.621902493769137    0.695911980753631
  116   -0.258616202844386   -0.965563478868773    0.028369488912970
  117   -0.187581849664735   -0.597911816996310    0.779303861643536
  118   -0.259826010318427    0.794148399383609    0.549380345588063
  119   -0.137218123334451    0.674526920371533    0.725385842378156
  120    0.063162648283550   -0.945228376714788    0.320240215642782
  121   -0.233333087904445    0.958023147503167    0.166575265081890
  122    0.149448342900881    0.988136134830597   -0.035386040273368
  123    0.198788652282513   -0.666014458221017    0.718963012375649
  124   -0.324740932361387    0.817694991614625   -0.475308560345188
  125    0.179582177049568   -0.353679110491865   -0.917965864554789
  126   -0.088088687629939    0.995374850545265   -0.038331318965391
  127   -0.070570370750911   -0.798344243324749   -0.598052081279142
  128   -0.101131376878280    0.875291315183582   -0.472903328572446
  129    0.075960008022178   -0.958554013213547   -0.274598399364371
  130    0.124521392799729   -0.868575756745913   -0.479656728847288
  131    0.179720541861262   -0.558352012230387   -0.809903424657145
  132   -0.084549920604582   -0.989302924562029   -0.118874027351546
  133    0.051475438449001   -0.341081677040001    0.938623230494570
  134    0.084900048063604    0.100858210336484    0.991271710100979
  135    0.421833288994916    0.283397734757552   -0.861244680813774
  136   -0.018131855647907    0.759065902760733   -0.650761239685337
  137    0.234995210436337   -0.111066203114405   -0.965630130846035
  138    0.166185852549486   -0.984111563038838   -0.062503551144367
  139   -0.138686970199229    0.914754927899638    0.379459281320521
  140    0.073254420177298    0.603500921311040   -0.793990193831897
  141    0.280734089350353   -0.237931722880512    0.929826255987504
  142    0.213685903639802    0.761535261616787   -0.611884286364581
  143    0.337160758434102    0.089384693083358   -0.937194216592556
  144    0.132502842871796   -0.832663088158161    0.537694316735640
  145   -0.010126337229959   -0.994545180728914    0.103813972003754
  146    0.297290138432661   -0.913201245964749   -0.278715012080656
  147    0.045136418279332    0.967770800689137   -0.247754679226082
  148    0.456630925721941    0.667791276122716   -0.587829064617188
  149    0.295781723237841    0.599517540491426   -0.743701479655355
  150    0.385464845915316   -0.265723377641024   -0.883633373712496
  151    0.249995358805346   -0.458492067367676    0.852811435627303
  152    0.581722113443006    0.120644476435445   -0.804390634603002
  153    0.288348796694116   -0.884301495304678    0.367240843108397
  154    0.071848762680498   -0.121977803597757    0.989928871551259
  155   -0.042566285995906   -0.633223542354743   -0.772797552211590
  156    0.380315247848028    0.923808399803125   -0.044026727194780
  157    0.494357693823953   -0.072717087866146   -0.866211692191539
  158    0.298336462427380   -0.007214437256207    0.954433500607241
  159    0.003600382284995    0.983858403482233    0.178912490186664
  160    0.392963968348154   -0.917367364394322   -0.063375376324617
  161    0.087738269638086    0.320982806411394    0.943012213085907
  162    0.355468981128176   -0.744953039833698    0.564523491006557
  163   -0.025411237687509    0.512216287756255    0.858480485250766
  164    0.382913880287038   -0.652050988497778   -0.654374868620880
  165   -0.021064683723683    0.818623019383818    0.573944798072552
  166    0.298373244377548    0.228771029667886    0.926626798136289
  167    0.103255662185752    0.669389159785423    0.735701312346490
  168    0.466784356111136   -0.338707628316063    0.816939108753167
  169    0.095802493833972    0.917033934466213    0.387131302289816
  170    0.493345621154314   -0.787972466273995    0.368387690459307
  171    0.492064887556863   -0.107871435324974    0.863849465980376
  172    0.415647643550922   -0.555251537996584    0.720369881354707
  173    0.221991321520708    0.475441401851372    0.851278642146678
  174    0.669739694418314    0.036539155688095    0.741696455311783
  175    0.216081258250268    0.790645533868315    0.572877412372898
  176    0.348151648594022   -0.802157199314587   -0.485112623180475
  177    0.559114516573870   -0.621646382996107    0.548586120736047
  178    0.239031600281818    0.955110012210383    0.175010738648218
  179    0.321605159075492    0.868362001858076    0.377514973722980
  180    0.373117100605858    0.820266443608980   -0.433528073744429
  181    0.481100798411660    0.469033800254007   -0.740641151966962
  182    0.557989099609967   -0.677147280711023   -0.479707957972478
  183    0.128367756572713    0.885265762989130   -0.447019292594585
  184    0.579625232048043   -0.297345221993607   -0.758696519914798
  185    0.275996304680315    0.927817463657373   -0.250959745647007
  186    0.584623280308351   -0.502948283618784   -0.636599280651826
  187    0.643470470662235    0.312447297240345   -0.698800715392396
  188    0.501640070940102   -0.814831117989167   -0.290529668680729
  189    0.688911169194908   -0.095225496286174   -0.718563501588799
  190    0.595062423618022    0.696072663511214   -0.401725726224063
  191    0.659321696585584   -0.198603815252273    0.725156138344528
  192    0.504399441050753    0.832498049793509   -0.229190316020754
  193    0.463448647024095    0.871648478642186    0.159512636653963
  194    0.643303475193274    0.516354624933907   -0.565277401028576
  195    0.688070263411111   -0.673364286913181   -0.270443801406629
  196    0.441450035168509    0.709050291744099    0.549881396509585
  197    0.768701067926326    0.522193200608522   -0.369341210003913
  198    0.396106497880654   -0.471193599571768   -0.788083900393431
  199    0.741402649659844   -0.314341625362852   -0.592884013649889
  200    0.437514469978028    0.380607546531216    0.814689501640554
  201    0.529921748896486    0.771579428518030    0.351920623911529
  202    0.839859113982017   -0.106270321704067   -0.532299997544858
  203    0.763086772124455    0.110340105560721   -0.636807380071501
  204    0.622121918026618   -0.422942112531461    0.658850733139386
  205    0.792612286463776    0.324482683425976   -0.516213862176660
  206    0.603801354994618    0.797018557765198   -0.013614047324219
  207    0.703059714054443    0.684238708068274   -0.193712232073105
  208    0.784893083940310    0.618933692342773    0.029392707694460
  209    0.337446753253305    0.608468049382374    0.718259230083131
  210    0.677216266427794    0.708162948411164    0.199708204596621
  211    0.864080894645283   -0.315096004579750   -0.392528617309471
  212    0.551091073239015    0.511891222812091    0.658988622818492
  213    0.494054443610613    0.130854920519913    0.859527309935138
  214    0.792444291930639   -0.278900479011174    0.542444989832043
  215    0.651716397383469    0.605226688184466    0.457128421005273
  216    0.456300518626898   -0.876172615229529    0.155278411321959
  217    0.630049107581841    0.279187148015215    0.724632774871836
  218    0.750831138585776   -0.478549062092834    0.455239932892596
  219    0.732114518758389    0.408448698798873    0.545140341446751
  220    0.795601009073678    0.528253445614916    0.296592871723031
  221    0.853486505290323    0.498839745163944   -0.150730534173019
  222    0.865751420058662    0.323910570392123    0.381518572358750
  223    0.733724738285331   -0.511433124947034   -0.447307687319404
  224    0.793898295012473    0.181913617414023    0.580200769540710
  225    0.894278529278393    0.431833547522677    0.117412517670196
  226    0.673304175936021   -0.654617469830525    0.343711295798955
  227    0.592658812702480   -0.801787475352043   -0.076761814039819
  228    0.881148641567277   -0.371132408262791    0.292980898696831
  229    0.769011471564180   -0.637767428174910   -0.043290462712421
  230    0.897842244859632   -0.440107306722678    0.013596393445607
  231    0.953781543556827    0.223205710135120    0.201196367098000
  232    0.814654871867421   -0.052788724900358    0.577538561713476
  233    0.896701240137956    0.318107650624588   -0.307789552371675
  234    0.890711304940363    0.109795369329686   -0.441110358215712
  235    0.913278285712979    0.083081722820855    0.398773369444703
  236    0.648206826915792   -0.748904205134394    0.137733079076095
  237    0.912315714986669   -0.160995265368883    0.376511036647222
  238    0.808197381486060   -0.558896093903500    0.185612900355785
  239    0.942964026840117   -0.104009256046109   -0.316229218672478
  240    0.962212794274360   -0.246600398672968    0.115476326184463
  241    0.969750738740841    0.106462824183429   -0.219656941111548
  242    0.837332705382176   -0.497306200272335   -0.227069336697092
  243    0.948749231003591    0.308417544765093   -0.068945737730234
  244    0.979626142033232   -0.032574005669119    0.198170522529852
  245    0.940304722234551   -0.298320210635123   -0.163805009905130
  246    0.992111877985539   -0.104111852143009   -0.069819365532490
  247    0.994557964492226    0.103234863212978    0.014036320118848
   
 U =    28361.7509153166     


 http://math-lab.ru/  - см. Задача Томсона
