    187
    1   -0.108200238108825    0.006179179957280    0.994109916562675
    2   -0.991749659319662   -0.123610852829366   -0.033955416388727
    3   -0.898853164155891    0.116258772048137    0.422548088634657
    4   -0.927622951043867   -0.370537538388779    0.047091329790651
    5   -0.861617332532078    0.139980780245563   -0.487873911417847
    6   -0.868140480691200   -0.382930082476415    0.315747775478874
    7   -0.964109481571911   -0.137191284316383    0.227313569878181
    8   -0.925371210652058   -0.302983490773666   -0.227791849755317
    9   -0.976390444775584    0.126003963150596    0.175455694183120
   10   -0.927702751603424    0.372998333093200    0.015487032547585
   11   -0.861517871526115   -0.185520911956276   -0.472619242380189
   12   -0.821273145083847   -0.553647411680359   -0.137785937975271
   13   -0.954623772664947   -0.020614114872353   -0.297100169860222
   14   -0.549290510583521    0.006347271002862    0.835607352249674
   15   -0.827247040163827    0.530777067482946   -0.184222797651083
   16   -0.671989721988339    0.637734239295099   -0.376463615204359
   17   -0.915737117939723    0.294057935725750   -0.273779950442249
   18   -0.653198273643334   -0.755318424357433   -0.053161011423532
   19   -0.752523517076992   -0.021910929372160   -0.658200780476688
   20   -0.735641666992172   -0.379201774443286    0.561281882875300
   21   -0.987553265456828    0.133391736377492   -0.083337821856312
   22   -0.797030640719380   -0.588446883570073    0.135913292106124
   23   -0.791886574179942   -0.467328164768681   -0.393090371349250
   24   -0.870842742572037   -0.142636057734843    0.470412449605104
   25   -0.780807542620271    0.414072034192271   -0.467850330647706
   26   -0.528117096577652   -0.279672964580378    0.801795089274818
   27   -0.689663668658694    0.256874510978742   -0.677037303065100
   28   -0.803997734371016    0.583501468561604    0.114514974185584
   29   -0.771035951862202    0.342908190131656    0.536579476011318
   30   -0.699518431296706   -0.587908914221279    0.406247551199206
   31   -0.681839207057064    0.726871871227017   -0.082174074614379
   32   -0.885174690600247    0.367205216493293    0.285702810803238
   33   -0.484822747185622   -0.416856046422716   -0.768880966321972
   34   -0.481658028090136    0.876130074932475    0.020040852654967
   35   -0.715415221431122   -0.147969638533479    0.682851409178403
   36   -0.043477670903030    0.988208252607977   -0.146813288262123
   37   -0.644935714982633   -0.695980146964227   -0.315704859911108
   38   -0.507947937161731    0.817706870299263   -0.270821652381279
   39   -0.585397346926325    0.503703400285041    0.635289564492372
   40   -0.588623410062244   -0.176131623961359   -0.788986775660676
   41   -0.584307305518359    0.510251216133399   -0.631053618286325
   42   -0.444446574359922   -0.867195892797178   -0.224585231160545
   43   -0.753414950083183    0.104932614498094    0.649118678983859
   44   -0.725671908709238    0.568208655014770    0.387993821183531
   45   -0.412364640088549   -0.780342681432428   -0.470128390059025
   46   -0.256214197908984    0.879682746855650   -0.400640174813203
   47   -0.536343975545407   -0.511829066633065    0.671093247206134
   48   -0.371896645234879   -0.128287476802924   -0.919366743230677
   49   -0.621966761174218    0.753612443757570    0.212663190534223
   50   -0.709643685092303   -0.339043465516014   -0.617620732083621
   51   -0.453014411471406    0.719007004708969   -0.527073875446936
   52   -0.594648429934000   -0.581518867270715   -0.555183800002498
   53   -0.196302655961682    0.758284152270100   -0.621667444602342
   54   -0.311973868882109   -0.416671554973493    0.853848417701116
   55   -0.545551989455614    0.088202589540080   -0.833422659878795
   56    0.071702129437639    0.990275736523939    0.119217323766632
   57   -0.189238396437062   -0.911795750857257   -0.364441131093322
   58   -0.578077782115000    0.271184583583646    0.769600545381542
   59   -0.152326616298854   -0.785818162883469   -0.599405052405626
   60   -0.203693948932645    0.974397814106702    0.095171818477458
   61   -0.611334434074292   -0.760357597658862    0.219377604594246
   62   -0.132561037267988   -0.061814347140683   -0.989245448756782
   63   -0.335906643433319    0.570346469702686   -0.749580970539570
   64   -0.361955038613217    0.405568130323171    0.839346794649668
   65   -0.347214500004945    0.147642055544423    0.926090662095744
   66   -0.512801602562430    0.719249845622689    0.468736787527010
   67   -0.261945330464826   -0.367954036815730   -0.892185222158875
   68   -0.114661793608684    0.278602013979420    0.953537409278236
   69   -0.049158700803924   -0.742077487135899    0.668509106311455
   70   -0.457789315474331    0.345098257843919   -0.819351045078137
   71   -0.300201064107645    0.150121794239552   -0.941988730295079
   72   -0.297622853200862    0.942142016448684   -0.154237019209352
   73   -0.133564878372537   -0.581758585074545   -0.802319993492243
   74   -0.182824004300865    0.389144218819885   -0.902852236199511
   75    0.689975401515436   -0.715441314750143    0.109898455185678
   76   -0.362215438289661    0.626778715031576    0.689890149696308
   77    0.141466583675249   -0.055083216356483   -0.988409350916450
   78   -0.359902300486115   -0.629986485011221   -0.688176839778853
   79   -0.053568696820374    0.598775184565000   -0.799123690720102
   80    0.098161621639447   -0.716675786277224   -0.690463694484392
   81   -0.381194592532740    0.882891474793887    0.274214015615677
   82   -0.486221788695546   -0.714652546888222    0.502851975658725
   83   -0.302486760687745   -0.645817754032953    0.701014399413070
   84   -0.084163092695085    0.938227751041513    0.335626669088712
   85   -0.014369897737409    0.180886600910575   -0.983398974806276
   86    0.078536272230902   -0.877855527929402   -0.472442299151827
   87   -0.021441804973800   -0.294306562344749   -0.955470510460831
   88    0.140667045851587    0.424033283255943    0.894655552099562
   89    0.004266585500324    0.918253152764265   -0.395970887423123
   90   -0.435276333547595   -0.899412168365571    0.039903193472518
   91    0.111327766404961    0.399257298888577   -0.910054799290394
   92   -0.330733534487450   -0.138123585246229    0.933561569669707
   93   -0.093526223367967   -0.275263460131517    0.956808691985472
   94   -0.113759105539320    0.516450706161397    0.848727007943242
   95    0.049399224504789   -0.972809156392369   -0.226278726038248
   96   -0.211873429487385   -0.971641865664458   -0.104984450112123
   97   -0.260463895007895    0.825362037159012    0.500935192429162
   98    0.258231245706515   -0.295054446986068   -0.919923636534363
   99   -0.221134115250393   -0.836772741300533    0.500910253926606
  100    0.132810091330935   -0.120699163677711    0.983764804985506
  101   -0.189134440511387   -0.965485140981209    0.179071510735067
  102    0.105142079994200   -0.503046135909636   -0.857840153036029
  103    0.337405905473761   -0.561226494317428   -0.755765887711003
  104    0.159370127712510   -0.825398817596521    0.541588362414817
  105   -0.389538958208746   -0.868066778661633    0.307765280403200
  106    0.149856468454397   -0.400157527033494    0.904111161539782
  107    0.307529709503245   -0.899048541459268   -0.311668410129761
  108    0.274720972657457    0.175930657202759   -0.945291907845585
  109   -0.011767200180157   -0.928767996199346    0.370474752494379
  110    0.060758042147673    0.785172066537805   -0.616289936834225
  111    0.353324383395093    0.928701061274120    0.112588715628164
  112    0.680786967687476   -0.364038286619776   -0.635614057822693
  113    0.184737427225909   -0.630038477533189    0.754270243221628
  114    0.211818586414344    0.970586059741208   -0.114435951892163
  115   -0.114111880382633    0.717134955959766    0.687528860264152
  116    0.024957901997719   -0.998962553000191    0.038090954716482
  117   -0.073205403262288   -0.535201759803282    0.841546222875889
  118    0.059969256496260    0.839981432290692    0.539291091788251
  119    0.138285017231571    0.650489990077226    0.746819942702787
  120    0.366295104622469   -0.845668637097577    0.388165496353219
  121    0.216150710093532    0.914297125087941    0.342548737527942
  122    0.587927377629888    0.804319206278305    0.086093048761669
  123    0.410335326619587   -0.480045508915476    0.775358774438052
  124    0.263603206692763    0.896452900313161   -0.356209975915069
  125    0.486632863637708   -0.341075614754596   -0.804273511342714
  126    0.474845467712695    0.810904346351066    0.341988191114347
  127    0.328101368324390   -0.764777167522306   -0.554495605158618
  128    0.464131484386139    0.872904397519336   -0.150399062473554
  129    0.526743040887765   -0.841761331084945   -0.118235486916625
  130    0.534806430054553   -0.759636014666716   -0.370047574770559
  131    0.633519808043065   -0.106983175138168   -0.766294494991602
  132    0.283085411468814   -0.957701184563860   -0.051682597637023
  133    0.362241774080595   -0.246900057711649    0.898788773079041
  134    0.127587816351568    0.165504501742822    0.977921064821440
  135    0.393118917082787    0.389989218405657   -0.832685971155394
  136    0.516766829070136    0.757577863148998   -0.398782930476462
  137    0.409412356583475   -0.069940084110063   -0.909664722252898
  138    0.469277976101385   -0.872019537353527    0.139140603778798
  139    0.321967113008498    0.759521847221701    0.565211236383273
  140    0.220819804823114    0.598174495229117   -0.770341409412264
  141    0.617957389797344   -0.323198601301026    0.716708677575425
  142    0.312593579949555    0.760002269775294   -0.569808567600316
  143    0.537454282299230    0.154966309662486   -0.828932046254583
  144    0.408044479487484   -0.687334203211855    0.600892166578091
  145    0.203356084179512   -0.953919381477989    0.220644774848228
  146    0.729933003245661   -0.667474838808021   -0.147224829193232
  147    0.677742131201285    0.710476469293123   -0.189443369309981
  148    0.680075566982116    0.560612592928356   -0.472451842883588
  149    0.483407674753400    0.580673996367063   -0.655083757952077
  150    0.750917173314503    0.122322933267308   -0.648968796490431
  151    0.627237707469973   -0.537275687826656    0.563833036987198
  152    0.637752006487099    0.364718147532972   -0.678419524396075
  153    0.593810603207730   -0.718586610181762    0.361969958954548
  154    0.355154158937372    0.042637233940550    0.933834883516024
  155    0.542341162012821   -0.588479691078416   -0.599631317706835
  156    0.776488840344419    0.628578762002942    0.044202044968846
  157    0.822773852619954    0.319217332498094   -0.470258952150535
  158    0.558043260994554   -0.093555612660196    0.824521113252014
  159    0.695072282095698    0.649907343639040    0.307400337257990
  160    0.879535622065438   -0.440658721033816   -0.179546598672334
  161    0.378547288315742    0.305294303747793    0.873783347637130
  162    0.781283397119642   -0.529821215169713    0.329978383142411
  163    0.378911180684845    0.545969936121409    0.747223625164248
  164    0.815963341086060   -0.123317452240461   -0.564797868247212
  165    0.559196745105277    0.627325346782023    0.541998071535756
  166    0.594406075755478    0.158693127910863    0.788351386285862
  167    0.598320462708652    0.400781700244658    0.693820331680404
  168    0.800165248817196   -0.315596161725706    0.510033956996313
  169    0.760887087701991    0.433431445104798    0.482895456763417
  170    0.859669116114118   -0.505300168653609    0.075104928987416
  171    0.755787036127869   -0.073941476932282    0.650629398359868
  172    0.916970325738582   -0.299494019265778    0.263569258713735
  173    0.782781910149428    0.185548704153488    0.593990033190604
  174    0.982128916510524   -0.046387096284102    0.182403477631853
  175    0.899098350632177   -0.063055262647664    0.433181474376424
  176    0.718793758894408   -0.570708156102722   -0.397023592160818
  177    0.968026977063604   -0.250821559812465   -0.003509531356465
  178    0.865700880760046    0.438114714102576    0.242110475481957
  179    0.910740772211051    0.196097733602420    0.363451406254553
  180    0.823934159581308    0.503249199999094   -0.260523978503546
  181    0.943714207894053    0.245017184488703   -0.222193773819448
  182    0.838793008314330   -0.342353799954319   -0.423344026602284
  183    0.907879821404888    0.418341812039321   -0.027282928462413
  184    0.911611643595138    0.063456842036357   -0.406124907461417
  185    0.973653118989007    0.204437994813103    0.101018365457853
  186    0.948699407011652   -0.164900009110089   -0.269772908445665
  187    0.995415927303013    0.019387079017476   -0.093655073747514
   
 U =    16073.1308485258     


 http://math-lab.ru/  - см. Задача Томсона
