      9
    1   -0.551232022789944    0.122127196413066    0.825365497793063
    2   -0.936139559348595    0.262509214599465   -0.233947937954131
    3    0.143002872833889    0.909294511290138    0.390811553179898
    4   -0.536412746025698   -0.821163519162629    0.194812321729444
    5   -0.150427186532203   -0.412232424798342   -0.898574476321738
    6    0.545011853090298   -0.172252964319555    0.820543110551911
    7   -0.004206894340493    0.698271386197350   -0.715820768948512
    8    0.557394492845617   -0.822800312539211   -0.110955058608221
    9    0.932736429517347    0.236488741089863   -0.272168749839070
   
 U =    25.7599883058781     


 http://math-lab.ru/  - см. Задача Томсона
