    115
    1   -0.071341685429209    0.008080160983883    0.997419207213594
    2   -0.989085371818729    0.066552578896907   -0.131456766643555
    3   -0.866053603551094    0.011166581808483    0.499826433101411
    4   -0.874074508805814   -0.476871498260503    0.092667832620911
    5   -0.689194482142679    0.429761374502954   -0.583366202971527
    6   -0.859306416138097   -0.314934736957113    0.402999497073698
    7   -0.979096222112895   -0.146202701613472    0.141404942930504
    8   -0.943397346056240   -0.262915620818055   -0.202180176535435
    9   -0.960017411820456    0.180132637002112    0.214286728679633
   10   -0.839410595708702    0.491812815336397    0.231322300012016
   11   -0.872277796331425   -0.085042639372036   -0.481559129822943
   12   -0.794679352571297   -0.564866956747041   -0.222283710091857
   13   -0.884812806758873    0.245577616682032   -0.395977185176441
   14   -0.127475156457517   -0.334474366473180    0.933743531521636
   15   -0.491614004102255    0.844051971143768   -0.214224043885991
   16   -0.230108760841189    0.861961683987929   -0.451743304898728
   17   -0.738669620155753    0.606110288904165   -0.294953403003704
   18   -0.624783862964921   -0.779587189102014   -0.043461927783427
   19   -0.694027006129512    0.122857454400307   -0.709388864207201
   20   -0.653712460074772   -0.489581284503810    0.577035688156798
   21   -0.910530729597555    0.404586758616914   -0.085107844587927
   22   -0.684958504161228   -0.672646102783236    0.279962618911413
   23   -0.751026754825975   -0.415811691514027   -0.512893215724101
   24   -0.674228129242708   -0.174584944639096    0.717590779513813
   25   -0.482680224229210    0.682508354390346   -0.548818865679216
   26   -0.438427398926568   -0.732382238069469    0.520958417947959
   27   -0.437290290531178    0.398608320610147   -0.806156689823707
   28   -0.696213020588767    0.717163568464515    0.031045869772139
   29   -0.620650018248883    0.156867513180399    0.768235730851058
   30   -0.407100304552404   -0.894183178153913    0.186294889731061
   31   -0.443482688230443    0.877252838226710    0.183713263165951
   32   -0.781342470703628    0.338319440353897    0.524446279187274
   33   -0.154157794984123   -0.619699660319817   -0.769550326648710
   34   -0.118110337432076    0.956154393153554    0.267990157738751
   35   -0.418797723768327   -0.424574809357424    0.802710843221627
   36    0.347770866161235    0.876320558365965   -0.333343221971930
   37   -0.553979846200726   -0.723815106729671   -0.411336870792463
   38   -0.221563195266817    0.972857569939758   -0.066767500432970
   39   -0.523797312290433    0.493303590987702    0.694469540553045
   40   -0.637981940844539   -0.203505327977813   -0.742673969276477
   41   -0.190392404443162    0.639839286232360   -0.744551153463626
   42   -0.348086675128507   -0.917367968781565   -0.193058738345529
   43   -0.395386485901606   -0.083724435622285    0.914691065686174
   44   -0.620198186680069    0.669096331904232    0.409468323403723
   45   -0.003442027449832   -0.955636032271672   -0.294530009118071
   46    0.036399256568626    0.955349707850129   -0.293226925489328
   47   -0.163281958900133   -0.890365401282518    0.424957002644686
   48   -0.356781926397146   -0.280381494143856   -0.891118889227470
   49   -0.330651887026206    0.786007859115349    0.522360962376511
   50   -0.474135811520787   -0.544397339864345   -0.691973098163613
   51    0.094333289137188    0.792413929252827   -0.602645331257661
   52   -0.244863259743274   -0.820870601780620   -0.515958757227960
   53    0.415754979393204    0.672805251733266   -0.611948437656224
   54   -0.179924060981479   -0.662477764442060    0.727152352605548
   55   -0.415578395029926    0.067708598423993   -0.907033705704374
   56    0.463223550591935    0.886227383994581   -0.004996602357798
   57    0.252155996106447   -0.966927448224759   -0.038323145710167
   58   -0.322016740788537    0.265494330249879    0.908745277433174
   59    0.339194316392112   -0.874952125870933   -0.345551722845108
   60    0.240256338546363    0.915658107663928    0.322253194953301
   61   -0.110516194117373   -0.993109259088754    0.038989362010638
   62   -0.097872280249994   -0.008599010512545   -0.995161832958274
   63    0.134313988917195    0.536110637743489   -0.833393746364479
   64   -0.218184187712012    0.579707057001668    0.785070307867337
   65    0.305056009817929    0.105649396075246    0.946456040174555
   66    0.000918771832384    0.825977739115099    0.563701987174633
   67   -0.046095356466094   -0.350052674398869   -0.935595181292883
   68    0.022164449756962    0.321733711249847    0.946570734922843
   69    0.121232762322907   -0.550353699197843    0.826083181718892
   70   -0.133104451835753    0.331003514390899   -0.934194775388076
   71    0.189916511597347    0.197766140902250   -0.961675762476796
   72    0.139390799120352    0.990099933627959    0.016502319549126
   73    0.205950470748523   -0.538608912192765   -0.816997456119043
   74    0.440119885600623    0.391694549684266   -0.808003629971137
   75    0.633222799021447   -0.710295458002673   -0.307423566338394
   76    0.111611666990536    0.603467555929350    0.789537677842072
   77    0.225749212372412   -0.167137448409628   -0.959740780863434
   78    0.102830076101746   -0.796563082441924   -0.595745945130582
   79    0.633440543751660    0.715799211748754   -0.293912514179752
   80    0.439923103406622   -0.661986781107912   -0.606828777108891
   81    0.358194676049521    0.722321457060672    0.591564270996420
   82    0.438726490086818   -0.673814041013674    0.594553366005881
   83    0.131155743738220   -0.798429747196105    0.587629228065486
   84    0.551799581865874    0.774902737614444    0.308290396688393
   85    0.483722852486929    0.020600741475359   -0.874978749131985
   86    0.566250095911215   -0.824218819337301   -0.004915966920698
   87    0.487238934220096   -0.339301709233110   -0.804656803296632
   88    0.379400705084068    0.408400773191165    0.830219196019082
   89    0.746743543808877    0.664936041562346    0.015301647334784
   90    0.126078164354635   -0.952976727601997    0.275571502739225
   91    0.697211246285586    0.489016660718858   -0.524174764360397
   92    0.198150638223112   -0.208519306423215    0.957734839828099
   93    0.555128941691188   -0.113682476134176    0.823958829503528
   94    0.617708926585753    0.507222033122674    0.600967129825898
   95    0.809630567828081   -0.584961442158319    0.048150335683555
   96    0.431434034548503   -0.851130725687449    0.299067152365415
   97    0.786043593496682    0.530516175351081    0.317313814407260
   98    0.694041858173154    0.202798381233164   -0.690781235756129
   99    0.422737895282116   -0.414991468012567    0.805651756883345
  100    0.638480938926618    0.191248742157994    0.745497155762763
  101    0.688621970103227   -0.636738576694578    0.346934816990331
  102    0.702302953658575   -0.446926572631999   -0.554100351883895
  103    0.740727422994714   -0.128394839113939   -0.659422209295772
  104    0.886379664409825   -0.339074795681656    0.315213219034622
  105    0.692907566115864   -0.397910574128485    0.601287185807355
  106    0.850982803371647    0.235454394220249    0.469456597150480
  107    0.851522588405972   -0.459822392115266   -0.251937788241042
  108    0.888381058171094    0.177034029779824   -0.423601283971995
  109    0.968337907316424   -0.249580493360971   -0.005592368705995
  110    0.873672608778986    0.438478148750670   -0.210791569417534
  111    0.939771862185833    0.324015721649960    0.108823982501224
  112    0.916179884656368   -0.156552894445523   -0.368924938424842
  113    0.816054870571756   -0.086359351188624    0.571486229648969
  114    0.990932296090800    0.077943782092163   -0.109443827589241
  115    0.968606364087692   -0.003328834560810    0.248577211967003
   
 U =    5932.20918554117     


 http://math-lab.ru/  - см. Задача Томсона
