    161
    1   -0.008600825884990    0.000596243336493    0.999962834453351
    2   -0.973172938721910   -0.141588414090977    0.181348152277774
    3   -0.786689991368464   -0.047347323481847    0.615529924893820
    4   -0.879322930524264   -0.429357722715985    0.206017304609014
    5   -0.962078546674829    0.221457604586436   -0.159252627604339
    6   -0.724191106432305   -0.508202839418532    0.466129934000483
    7   -0.865878316818713   -0.248809282812885    0.433991568177690
    8   -0.945148028802695   -0.318920695310019   -0.070603071840784
    9   -0.919710404198469    0.066047666396137    0.387001909779156
   10   -0.879817357679537    0.395679375608414    0.263361441452491
   11   -0.923449029442571   -0.161988900871644   -0.347852678609739
   12   -0.818164286550662   -0.573218748001228   -0.045027404466074
   13   -0.994359230929721   -0.043410842687508   -0.096774059551177
   14   -0.303831447110907   -0.012080678444427    0.952649205612860
   15   -0.750128913564524    0.647091430638348    0.136305881857399
   16   -0.744441655373834    0.639778933737039   -0.191022348667801
   17   -0.890517457201858    0.454427679352675   -0.021774817034330
   18   -0.623772238436012   -0.781576757954971   -0.006779821614474
   19   -0.902256070823831    0.111981202988404   -0.416406283380561
   20   -0.507966064428706   -0.567215421720348    0.648257003626972
   21   -0.977857161298347    0.165661726655861    0.127873235741252
   22   -0.702745892627260   -0.670374772059412    0.238213927766215
   23   -0.835424844801619   -0.448005572634120   -0.318365097925267
   24   -0.669091271560372   -0.310617077076329    0.675154724304201
   25   -0.847462214988058    0.406012324064214   -0.341996764422574
   26   -0.261672171183720   -0.558638335940482    0.787052021435462
   27   -0.740840880550946    0.293882991764659   -0.603976470448934
   28   -0.703142029323599    0.566862236677298    0.429253411434205
   29   -0.662047551366556    0.171206285215945    0.729644740700640
   30   -0.500151438267664   -0.754469234256729    0.424999662774986
   31   -0.550053226487239    0.781254138687846    0.295098998327832
   32   -0.804891830062138    0.292883554885655    0.516108869500190
   33   -0.574517167514788   -0.384308678389998   -0.722659576802881
   34   -0.299127881618287    0.849773942301200    0.434058472356470
   35   -0.425644109605845   -0.328993337671360    0.842965287378849
   36   -0.081441819437926    0.996063035793731   -0.035009409763893
   37   -0.657267082060342   -0.701516602227694   -0.275453153256219
   38   -0.578560863036009    0.815097530576474   -0.029721093707385
   39   -0.319152302904292    0.496004467209774    0.807540324726162
   40   -0.770382714661948   -0.000985471021888   -0.637580976658614
   41   -0.667123294322407    0.562500451824792   -0.488405315152613
   42   -0.419128938448972   -0.891667865967158   -0.171053645843085
   43   -0.553525264196097   -0.075211983081596    0.829429285411104
   44   -0.585219059374794    0.441399622821563    0.680209545300169
   45   -0.428769281672423   -0.784473678067514   -0.448060209696578
   46   -0.326435901255206    0.930120367264486   -0.168272709526762
   47   -0.259175856779851   -0.769404291017124    0.583819246194287
   48   -0.574268875411913   -0.122599631976661   -0.809434734226499
   49   -0.462515783551182    0.671308191885877    0.579158407927357
   50   -0.780101847308266   -0.275226790255010   -0.561864148840408
   51   -0.528262807453522    0.782349060769480   -0.329952047083262
   52   -0.645953367178534   -0.563129944247655   -0.515391999668550
   53   -0.255668015248061    0.862297396567393   -0.437123627652650
   54   -0.009997364579735   -0.481544265711250    0.876364748755946
   55   -0.562869949533290    0.159834081910202   -0.810944194240463
   56    0.151650484099629    0.972417107395600    0.177220483908386
   57   -0.185143058077171   -0.925897636444615   -0.329295634456501
   58   -0.428491377121216    0.236278727037294    0.872105213195289
   59   -0.172689272576621   -0.778818101734941   -0.603009767372752
   60   -0.113505396981400    0.961553221409912    0.250063846351917
   61   -0.439009800867547   -0.882873110100212    0.166749711256767
   62   -0.332149184400345   -0.047856840999490   -0.942012018008122
   63   -0.435311943776811    0.672145302276161   -0.598935893258487
   64   -0.029044350382993    0.504330948302511    0.863021853891963
   65   -0.152814698083021    0.259384302949951    0.953607598246241
   66   -0.180907152243569    0.712450417545592    0.678002215930179
   67   -0.340829822515481   -0.342872593676534   -0.875370445348478
   68    0.141991182078577    0.254621878799138    0.956559565865464
   69    0.255426737051369   -0.538060269587098    0.803273507773754
   70   -0.514742598791713    0.432721954303320   -0.740129561126341
   71   -0.307181343177728    0.239898862635950   -0.920917020208392
   72   -0.362771085966070    0.923712649938908    0.123093783473575
   73   -0.150084087539043   -0.553695072979437   -0.819082738693637
   74   -0.246616651818039    0.498240962652997   -0.831225703512996
   75    0.770236713258840   -0.537290347731744   -0.343590581626623
   76    0.111333993774996    0.706482093006362    0.698919018264247
   77   -0.067226655043590    0.069215992783686   -0.995333975705953
   78   -0.397323932357148   -0.610238416450766   -0.685377828547083
   79   -0.170984274608984    0.718744748771355   -0.673921630421551
   80    0.092540851646997   -0.695454701941688   -0.712586098884651
   81    0.004278619120214    0.870097584708048    0.492860920040984
   82   -0.225368008879366   -0.915274106784019    0.333890056791853
   83    0.005003200310368   -0.711415922892329    0.702753408132547
   84    0.274374511364372    0.867654387726224    0.414601605125926
   85   -0.010497700606053    0.345417285888134   -0.938390482097757
   86    0.063549107174875   -0.879815651635607   -0.471047694097199
   87   -0.095960731279357   -0.241439347221725   -0.965659660369780
   88    0.428953907833904    0.222268442588303    0.875554272665831
   89   -0.016039028247295    0.949794755622804   -0.312462272545504
   90   -0.210730951966444   -0.977532559872760    0.004749765460094
   91    0.055435543466666    0.597058061984891   -0.800280307854318
   92   -0.171537849676371   -0.258955833322941    0.950534924406477
   93    0.137568084218038   -0.255286903552117    0.957028536188629
   94    0.266466598607360    0.488024974182592    0.831160138842513
   95    0.277642513558490   -0.914421879076294   -0.294528880980292
   96    0.031660560216391   -0.987707431708750   -0.153073963410144
   97    0.376720475373691    0.691911568676848    0.615905889373825
   98    0.158465892488445   -0.113818384289639   -0.980782308321035
   99    0.023396183485519   -0.881508470522239    0.471588204894752
  100    0.292787844040375   -0.015367345851256    0.956053933135405
  101    0.256020116254175   -0.966226334477848    0.029332075185712
  102    0.096475984231261   -0.444269683366316   -0.890683351650968
  103    0.341092019140164   -0.306778508494764   -0.888562423921141
  104    0.274553944822690   -0.755528105930215    0.594808719280241
  105    0.015016479275385   -0.983623244146892    0.179610186025505
  106    0.562709921230842   -0.043493732170425    0.825509442593037
  107    0.335446991336706   -0.765768987727364   -0.548701351773586
  108    0.232357634638924    0.164549672488049   -0.958610105782888
  109    0.272377095557443   -0.905505829826972    0.325376566404311
  110    0.060084738793922    0.823171178432563   -0.564605202917944
  111    0.409868035795288    0.907098731115409    0.095812761374085
  112    0.915855496154758   -0.278012051493230   -0.289686053146588
  113    0.500504547280336   -0.553965382916064    0.665295086921859
  114    0.205980947096859    0.970992066885278   -0.121434161087135
  115    0.531576808658001    0.441175045705810    0.723042651261632
  116    0.513144804532219   -0.843173611606256    0.160438992369228
  117    0.406488177002970   -0.296762709763016    0.864117617023814
  118    0.622710916957837    0.592827403160819    0.510672873729484
  119    0.791727127833305    0.364057916127435    0.490540506745137
  120    0.510681782700810   -0.745872748817723    0.427642326469933
  121    0.531217952963482    0.783489849172030    0.322414550995575
  122    0.654983965843278    0.754370146384757    0.043837047478725
  123    0.641413570565841   -0.308193470025130    0.702570577613273
  124    0.281007619595336    0.872763826902750   -0.399146614891608
  125    0.582022078140730   -0.310097791425956   -0.751724457703412
  126    0.767235698782330    0.583279923783770    0.266709416828107
  127    0.353419658500623   -0.557922336885411   -0.750877627173447
  128    0.476033768593754    0.858891820862821   -0.188935680096103
  129    0.556702694458544   -0.745144265672477   -0.367208569232828
  130    0.587489750520185   -0.558358638056449   -0.585740065508138
  131    0.688430200327626   -0.041020809719835   -0.724141666006586
  132    0.484900359672317   -0.866725739256062   -0.116868020008429
  133    0.785487865571068   -0.047111561503138    0.617081286228438
  134    0.686381496506175    0.201083565794481    0.698889004650467
  135    0.279482051944253    0.429076363810010   -0.858943104437430
  136    0.691061632405074    0.680714896037691   -0.243024794064372
  137    0.450638471282791   -0.040513753688190   -0.891786748030044
  138    0.708287590934257   -0.699437578748925   -0.095476499529404
  139    0.919071960689924    0.332088022939951    0.212189245941952
  140    0.299706941799097    0.685082812415976   -0.663955788565511
  141    0.824182968689282   -0.293272206646470    0.484472751484780
  142    0.517072873854876    0.712330025100972   -0.474575155758399
  143    0.509901911564845    0.226236666067001   -0.829950005427680
  144    0.706351486100892   -0.541801871391821    0.455541776612619
  145    0.729379742384503   -0.657923432220262    0.187461859413123
  146    0.773968641187190   -0.319849246550510   -0.546506177403262
  147    0.846398797144616    0.532544015623010   -0.002438773516931
  148    0.709574136468130    0.486399372658675   -0.509823690242769
  149    0.514933222010767    0.488501903558203   -0.704421512369989
  150    0.889866524745326    0.206010575446751   -0.407059222892413
  151    0.882573039393425   -0.417948986236152    0.215368231269200
  152    0.729237681884329    0.229948671681466   -0.644465679235053
  153    0.876740562976022   -0.476348441656817   -0.066469145952156
  154    0.901925838723365    0.115718143800592    0.416099858974381
  155    0.865425747047456   -0.055040941374518   -0.498004790258046
  156    0.977476630113862   -0.003225707191345   -0.211019033251420
  157    0.850054663127119    0.448558212698327   -0.276048183324438
  158    0.946365092639553   -0.136492734772557    0.292852940548048
  159    0.960563761946906    0.262631355724829   -0.091334715330729
  160    0.977493330374144   -0.210964706294221    0.000825695014689
  161    0.992211153664086    0.067297054071673    0.104824296123839
   
 U =    11833.2559209792     


 http://math-lab.ru/  - см. Задача Томсона
