     51
    1   -0.189728368663581    0.014342772202884    0.981731852905768
    2   -0.986058554629961   -0.132223340465775   -0.101022349394296
    3   -0.576615793060609    0.309547328504167    0.756104938886805
    4   -0.838987100550047   -0.451334977183252    0.303969379184184
    5   -0.459621506745264   -0.001251906051219   -0.888114014791148
    6   -0.628117717200203   -0.211229533382334    0.748899337405426
    7   -0.912514574493520    0.056931790148082    0.405062862537958
    8   -0.769098556680726   -0.289179249343226   -0.569967342802123
    9   -0.746981450750476    0.564632666397882    0.351010917595354
   10   -0.319961895089254    0.794711558430095    0.515808030752239
   11   -0.370070430786498   -0.508411943467949   -0.777537891035954
   12   -0.776736257803462   -0.598986457962984   -0.194668972849889
   13   -0.932727887251580    0.357349513766806   -0.048166516936892
   14    0.318094248605989   -0.257602460228016    0.912390827161400
   15   -0.180406487968769    0.905105453300132   -0.385016386021605
   16   -0.031164658127506    0.244100494483817   -0.969249045744463
   17   -0.663955558065036    0.670273558606053   -0.331506219471255
   18   -0.363296866761430   -0.833790027285878   -0.415703712997541
   19   -0.815923964653158    0.208063679755582   -0.539423385728909
   20   -0.163109488654911   -0.467222261624769    0.868964126390135
   21   -0.459337993409386    0.886655622875922    0.053389270768104
   22   -0.466839552963046   -0.686048981183140    0.558030131092254
   23    0.106094744475947   -0.744145438448293   -0.659538832542241
   24   -0.103140424276010    0.510717257821599    0.853539650773970
   25   -0.423038621906948    0.518471835043055   -0.743118618150667
   26   -0.063274421154599   -0.938851923537387    0.338457402486190
   27    0.038055952437022   -0.291500879154753   -0.955813256832169
   28    0.051651182496368    0.994581495936216    0.090220858386544
   29    0.296652311338020    0.242241247887621    0.923751364816128
   30   -0.477847286655367   -0.874615937486097    0.081908073664442
   31    0.359814245754974    0.877758205707086   -0.316345129353456
   32    0.191006845864683    0.816297005424858    0.545138132739982
   33    0.511691251457307   -0.790560016974606   -0.336432642208163
   34    0.796381108185912    0.557102487096417   -0.235401676705083
   35    0.220562992193330   -0.714488036707752    0.663971996304232
   36    0.080566340840199    0.672359872744332   -0.735826926829161
   37    0.054970433699154   -0.983974953212534   -0.169621764138089
   38    0.535979979863881    0.514199570511733   -0.669570207573980
   39    0.575884764830315    0.528943125127205    0.623358570982223
   40    0.512668203787800   -0.426110836303930   -0.745386388398230
   41    0.416017257249711    0.062366554415132   -0.907215550219909
   42    0.433338028819691   -0.879704525217867    0.195801177447614
   43    0.721212088191785    0.027493313524978    0.692168506620651
   44    0.563076902379766    0.811099831175266    0.158308135842293
   45    0.809383966708383   -0.583189186365889    0.069195139578560
   46    0.884760391831309    0.383827314269334    0.264340011854615
   47    0.659315398235157   -0.494631621811166    0.566253268736237
   48    0.797729083856437    0.079841272212456   -0.597707018547604
   49    0.946862298321123   -0.152323083927491    0.283283367180035
   50    0.850183933168550   -0.375511736577767   -0.369023326463794
   51    0.986552726635284    0.077902181599662   -0.143683567851371
   
 U =    1099.81929052866     


 http://math-lab.ru/  - см. Задача Томсона
