     17
    1   -0.295328555280223    0.091588357530892    0.950995592629582
    2   -0.949192110643306   -0.140810725228674   -0.281436807743908
    3   -0.818132362903278    0.432831858817172    0.378571022085911
    4   -0.718063883219822   -0.485877341793932    0.498304593944840
    5   -0.343824010312790   -0.159165148608332   -0.925446651839488
    6    0.011432770269170   -0.908755309372325    0.417172721365603
    7   -0.587997008551136    0.634241562120856   -0.501993186022891
    8   -0.424969443775312   -0.851656031683540   -0.306729482695008
    9   -0.194085947982120    0.966109229239361    0.170186961822610
   10    0.338120596559696    0.604723621975685    0.721099024549835
   11    0.302365058313943   -0.654707162455100   -0.692772619941635
   12    0.732559612576613   -0.679738305451265    0.036224993082760
   13    0.175546102390756    0.505081165274949   -0.845030521590738
   14    0.440010740748583   -0.313728713729644    0.841406466701693
   15    0.569804527744011    0.806298559423008   -0.158762190822645
   16    0.812528427762353    0.012310003684059   -0.582791573280995
   17    0.949246696861268    0.141262188360845    0.281026160058947
   
 U =    106.050405284258     


 http://math-lab.ru/  - см. Задача Томсона
