    200
    1   -0.106027518092421   -0.141239014210114    0.984281314600717
    2   -0.996519740726381   -0.022232547980709   -0.080337538877612
    3   -0.933242148839714    0.111983853090555    0.341348367911767
    4   -0.958097173477021   -0.286114426452542   -0.013723744061904
    5   -0.789877464659865    0.142838834437162   -0.596398070251017
    6   -0.908855317562186   -0.343161637700878    0.237112003385299
    7   -0.980966417938119   -0.089579575393114    0.172279965608441
    8   -0.940537321763177   -0.213212353518996   -0.264442883582526
    9   -0.978128712835513    0.182668125604325    0.099481541076446
   10   -0.896500346851149    0.442979422183633   -0.007507304284757
   11   -0.833345805052561   -0.104048150670437   -0.542870842414070
   12   -0.862629460279628   -0.461866958252076   -0.206274882457009
   13   -0.938499370927418    0.023986835542492   -0.344446748408949
   14   -0.599945130401276   -0.008313910032860    0.799997949627223
   15   -0.840497762473639    0.472532301560376   -0.265097595724407
   16   -0.673355397813206    0.623998342189257   -0.396507978710238
   17   -0.880576090311072    0.262047915389013   -0.394862810622549
   18   -0.717212405081599   -0.680240102258453   -0.151260600542498
   19   -0.646467466830694    0.015627915263437   -0.762781477615985
   20   -0.797307656150224   -0.378088210040076    0.470478274602481
   21   -0.960726623249161    0.232613901621750   -0.151311361610992
   22   -0.849140316291717   -0.526005543129449    0.047737740259634
   23   -0.825138162309783   -0.341429348871204   -0.450081118054756
   24   -0.895859926670314   -0.138201874782477    0.422297565222520
   25   -0.733290724862521    0.414440520572654   -0.539002567468900
   26   -0.499261357345157   -0.239181710446862    0.832784609877959
   27   -0.608816283710832    0.280277698692725   -0.742150351548823
   28   -0.766368245181212    0.626932363802310    0.140126813976192
   29   -0.824863873774921    0.303153081666139    0.477176905159245
   30   -0.763175592047643   -0.572560366021794    0.299562419144522
   31   -0.746040986396467    0.655705933927456   -0.116071421241016
   32   -0.889788379562504    0.387104431472022    0.241716360079860
   33   -0.471605765451677   -0.412179741446198   -0.779548499282811
   34   -0.588149843538750    0.807475275274348    0.045425118227261
   35   -0.743224955962079   -0.164249013877173    0.648566824834221
   36   -0.129773110239733    0.979440040394772   -0.154454352901408
   37   -0.708362106904889   -0.588044594441636   -0.390418596443917
   38   -0.562499987314902    0.795063397421399   -0.226865507187578
   39   -0.661034080401514    0.448698892090220    0.601417699095009
   40   -0.465106600186054   -0.161188429316725   -0.870456283059510
   41   -0.540264763592824    0.527365684462669   -0.655743410238494
   42   -0.520901250013942   -0.845590034971436   -0.116787758309330
   43   -0.808912304710870    0.067888993874079    0.583996547762154
   44   -0.736362092074149    0.558630786536451    0.381709986363795
   45   -0.526322900102689   -0.767432867888268   -0.366102442100956
   46   -0.348506483417903    0.879910566938413   -0.322956073183039
   47   -0.631917269161737   -0.387163460920856    0.671405257250014
   48   -0.234028004826576   -0.077980902393321   -0.969097452178477
   49   -0.578204261530952    0.755615399549924    0.307774592698056
   50   -0.672489540912227   -0.226538997506291   -0.704583493968250
   51   -0.468645459340465    0.725979311614827   -0.503314486724580
   52   -0.657003416860386   -0.453366389151462   -0.602333319202535
   53   -0.231691714265299    0.782535954739096   -0.577889633997166
   54   -0.418371741156599   -0.490857405274294    0.764214690966474
   55   -0.440241284003062    0.104107974152034   -0.891823492389214
   56    0.089130505811047    0.974141116320695    0.207617047535450
   57   -0.312898201225709   -0.903111005332843   -0.294083708689239
   58   -0.655213778382524    0.225570015260511    0.720980632772524
   59   -0.297370551800351   -0.789450393295800   -0.536971909364970
   60   -0.149082596777653    0.984310289808195    0.094380255963514
   61   -0.681486412807434   -0.724967939387350    0.099988779467078
   62    0.014266951104766    0.001397913754823   -0.999897244692328
   63   -0.313814320459371    0.596705350550178   -0.738554870608415
   64   -0.437925339469360    0.191224081007934    0.878438812834062
   65   -0.350839378362881   -0.059276607361032    0.934557657081527
   66   -0.521376188466582    0.650366396558692    0.552440422423380
   67   -0.258955966915731   -0.336826190310262   -0.905256828043740
   68   -0.192154801148322    0.141426853429305    0.971120475288589
   69   -0.134054465451212   -0.789025235711576    0.599556984533482
   70   -0.390069164334338    0.364292191127219   -0.845657877938378
   71   -0.208539534243137    0.185725928705639   -0.960217236912608
   72   -0.375273671581034    0.924879086871965   -0.061386855962577
   73   -0.283952592267997   -0.590508844892622   -0.755427183418671
   74   -0.143942354739090    0.445076077280643   -0.883848337637539
   75    0.566877495559615   -0.784933225769376    0.250059465150471
   76   -0.470279095053524    0.436923550009362    0.766769446576254
   77    0.242273113335010   -0.165365236090002   -0.956011546608020
   78   -0.489274557534577   -0.638052495271000   -0.594558172618789
   79   -0.056671048961467    0.670392525459014   -0.739839343383610
   80   -0.085205892255082   -0.734427797432815   -0.673316987965549
   81   -0.385889717356964    0.900039913719597    0.202527232118997
   82   -0.611301177497176   -0.589329913263613    0.528205569568580
   83   -0.386753843307300   -0.690751918134810    0.610969109104637
   84   -0.160013652573660    0.924882815784312    0.344945514620670
   85    0.033340118014742    0.259972566941924   -0.965040258729339
   86   -0.087140810060116   -0.900938881041441   -0.425106588810222
   87   -0.014298043548767   -0.255463710682066   -0.966712914196985
   88   -0.004098201371996    0.335317785579540    0.942096166757698
   89   -0.109740615477927    0.911718504039561   -0.395886810472881
   90   -0.472823896557440   -0.870235275062787    0.138304478888553
   91    0.110261301074355    0.512800838828297   -0.851397524768768
   92   -0.259327971348977   -0.333011572668164    0.906560696117530
   93   -0.021009768429862   -0.426829322127549    0.904088114844267
   94   -0.252160613773838    0.392161840584701    0.884660452179491
   95   -0.059839832768164   -0.983098638235690   -0.173020986916067
   96   -0.282945722629676   -0.958031512073756   -0.046014562034681
   97   -0.354369848332281    0.811613071024120    0.464441851619504
   98    0.196772874445816   -0.408137791738314   -0.891461709125694
   99   -0.329141011449063   -0.844859580711461    0.421756426699514
  100    0.132047857594764   -0.229920674174693    0.964209441403520
  101   -0.243756759215454   -0.946827405350183    0.210001206698008
  102   -0.063992401371892   -0.502077706525876   -0.862451708315529
  103    0.133080073856598   -0.629588329107922   -0.765446425162086
  104    0.131084446026655   -0.838260278726842    0.529279295947500
  105   -0.558729665034383   -0.752344839841019    0.348996279887275
  106    0.216113626672557   -0.500271671844967    0.838464760568908
  107    0.161615872989539   -0.939945984483122   -0.300635752783801
  108    0.266620535716376    0.082676042888113   -0.960249010344023
  109   -0.055234693256873   -0.923050089997437    0.380693656391255
  110    0.060476550161791    0.826505315115871   -0.559670930963672
  111    0.315887164344214    0.898394841669931    0.305126216283411
  112    0.552362757609237   -0.634522919397096   -0.540625608685073
  113    0.053128812543512   -0.671030392326451    0.739523861583874
  114    0.112395208300429    0.992554032550040   -0.046944750715681
  115   -0.312173692923988    0.632821351076305    0.708579369632055
  116   -0.027011617884230   -0.995190435707985    0.094161399599980
  117   -0.185754398364811   -0.591350732582084    0.784729007086369
  118   -0.134862043022638    0.784309319131603    0.605533749080166
  119   -0.082391811957944    0.572998072533285    0.815404683697259
  120    0.360102206749104   -0.841697396807931    0.402333062152712
  121    0.058123610145547    0.886901036929739    0.458288333515705
  122    0.546224082458218    0.813448644057603    0.199851332803975
  123    0.467552941076757   -0.501187520033693    0.728151987604890
  124    0.124659444782644    0.945280417410415   -0.301504486346181
  125    0.404098952467391   -0.506199890005101   -0.761883001499299
  126    0.275040468132729    0.798061344095736    0.536144413334165
  127    0.122567310509619   -0.829848005770129   -0.544361590961173
  128    0.346174206229340    0.936535640622442    0.055357138522492
  129    0.398778528128511   -0.902750529006769   -0.161298381522124
  130    0.375888976195227   -0.831181173929642   -0.409689313602204
  131    0.627891619604197   -0.409241568514425   -0.662022244815589
  132    0.187557544261663   -0.981664756308148   -0.034006967124386
  133    0.365334115188306   -0.302489421687986    0.880358525855487
  134    0.049776392044952    0.066433463956251    0.996548496392303
  135    0.272556045094281    0.326140457860925   -0.905177111966951
  136    0.356694624383952    0.912422058414755   -0.200636318381725
  137    0.456184833361873   -0.274164601430339   -0.846598587958392
  138    0.391176779932718   -0.912660313232955    0.118456234496095
  139    0.096287094747072    0.709498158599030    0.698098244038583
  140    0.226377390989736    0.687136913124813   -0.690359427740350
  141    0.616306215414130   -0.276901293209264    0.737219317883728
  142    0.307066280063887    0.832836175030291   -0.460536866286122
  143    0.489964133822459   -0.019274818859125   -0.871529476796715
  144    0.302204596452454   -0.693252489758550    0.654273159564552
  145    0.174553896592470   -0.950163516936005    0.258302590517763
  146    0.593366596129655   -0.804212877047663   -0.034025446187043
  147    0.566703230439934    0.821142805765934   -0.067616130825368
  148    0.470568145507974    0.664416419942722   -0.580617293355687
  149    0.395419650999879    0.502644764130096   -0.768759741854199
  150    0.667969908177333   -0.156011073663565   -0.727651528318265
  151    0.683533201549953   -0.453494915767693    0.571948182750610
  152    0.498027333509343    0.240232386248026   -0.833220964495705
  153    0.520798508459136   -0.675891606149773    0.521478139832361
  154    0.281674022468395   -0.017662463485903    0.959347581666876
  155    0.328112640161257   -0.706365331504118   -0.627208190169330
  156    0.733103815587239    0.675200791059945    0.081625286054356
  157    0.684434770428693    0.120012290694724   -0.719128705525254
  158    0.501404110412007   -0.091796277777164    0.860329798070601
  159    0.504902174968244    0.736460784208722    0.450221397797806
  160    0.768907109444017   -0.615747748434545   -0.172152744225108
  161    0.242437942112428    0.254502775360135    0.936190248591748
  162    0.709145727861798   -0.602888146749016    0.365565615402896
  163    0.181394699148636    0.501354440100353    0.846014000187017
  164    0.806605220693883   -0.280629175707352   -0.520226185126416
  165    0.367813403530697    0.623253567523307    0.690121939046018
  166    0.476187562191191    0.168726353929649    0.863004532493322
  167    0.436107810536685    0.410484918774352    0.800819648265272
  168    0.786516589327878   -0.141290852220097    0.601189279504351
  169    0.598932790401573    0.537347524958713    0.593748389473631
  170    0.748984664683741   -0.656108466078858    0.092431881990098
  171    0.676322195253684    0.042440136631328    0.735382297182868
  172    0.845815055334954   -0.313947303064488    0.431316569432781
  173    0.656507671299766    0.303307551993792    0.690653463343297
  174    0.920949625256031   -0.052322085304835    0.386153061790437
  175    0.824579703440498    0.138656189273956    0.548491361691326
  176    0.594412912080533   -0.746096213669085   -0.300022882294993
  177    0.858588138025698   -0.459989969447412    0.226352904221115
  178    0.703855065652744    0.621571720205873    0.343855555713853
  179    0.788413361556912    0.396582579645928    0.470241032705475
  180    0.537888029100652    0.772197693761622   -0.338211753047478
  181    0.616182665575574    0.413910340796815   -0.670072497887837
  182    0.740353812430951   -0.523041392461354   -0.422260505128107
  183    0.727077012512862    0.655474345900770   -0.204236137207225
  184    0.826556796690602   -0.020293344714851   -0.562487370529202
  185    0.864766074002484    0.499615333797865   -0.050637490936847
  186    0.886170890518229   -0.373456545044543   -0.274283360343865
  187    0.789266174477502    0.284984563049182   -0.543914243837497
  188    0.895964292410527   -0.443496111626499   -0.023647107592267
  189    0.914294612143017    0.137204923713546   -0.381103884938228
  190    0.674403955421989    0.570648709908693   -0.468550269224894
  191    0.955587310644752   -0.229278643740264    0.185159918069099
  192    0.832637037936534    0.439857085232125   -0.336513458315375
  193    0.859953887812174    0.462010636650891    0.216853596830130
  194    0.941418433629338    0.286429635400146   -0.178015158869754
  195    0.976360499063669   -0.203313622683928   -0.073374019238966
  196    0.922310155002036    0.212929179116015    0.322498283190935
  197    0.961174193552575    0.266138191881123    0.072901525846885
  198    0.934003675346792   -0.124875351710784   -0.334728667690403
  199    0.991064459879175    0.042077231354040   -0.126573073621437
  200    0.990805978093854    0.016850014948685    0.134237069283080
   
 U =    18438.9471895640     


 http://math-lab.ru/  - см. Задача Томсона
