    204
    1   -0.156034061543890   -0.049282109839106    0.986521487494278
    2   -0.998291179657929   -0.029635712176674   -0.050363133152758
    3   -0.930619425002079    0.087842766800664    0.355290211136762
    4   -0.955979365220466   -0.293170348376817    0.012433829067952
    5   -0.800941041294300    0.139621789518657   -0.582236381774628
    6   -0.895786725165200   -0.358955426910317    0.262139551593115
    7   -0.974552873052613   -0.107458026553672    0.196721809045382
    8   -0.947346692901707   -0.217183292468501   -0.235299088227599
    9   -0.977942602300716    0.170837245666372    0.120178625796898
   10   -0.901657133598913    0.432447904951571    0.001795252959716
   11   -0.850911458894683   -0.097730605442840   -0.516137983374115
   12   -0.866417013766328   -0.462032127841274   -0.189335340332183
   13   -0.949540297035171    0.017353017171262   -0.313164648549949
   14   -0.618386186522536    0.005068636838624    0.785858023588685
   15   -0.850725169258941    0.458393782250474   -0.257180533445771
   16   -0.685519785415993    0.612153181912568   -0.394120674004206
   17   -0.891646541838062    0.247792649630663   -0.378900049112217
   18   -0.719219857322475   -0.678995181625974   -0.147269617239094
   19   -0.662983004724369    0.014670679959726   -0.748490685711030
   20   -0.771292197549644   -0.403558841117333    0.492187573751183
   21   -0.965804944771000    0.223884958848028   -0.130752949708608
   22   -0.847311677394550   -0.527626927875628    0.060603187468657
   23   -0.838828880092723   -0.334958540253614   -0.429149025670052
   24   -0.881641676298441   -0.165607758236966    0.441907258398638
   25   -0.747815374693560    0.403890700350940   -0.526919792323232
   26   -0.505158828360938   -0.223382953716530    0.833615387404697
   27   -0.623502250819629    0.276211283402691   -0.731404313730713
   28   -0.772741204631469    0.621162138912365    0.130493784704566
   29   -0.832242870703573    0.283271903638269    0.476580352902035
   30   -0.751690894285991   -0.584129743316291    0.306191512653065
   31   -0.755671563267221    0.643922372704866   -0.119684862866655
   32   -0.893101520506998    0.374992749368138    0.248495698130599
   33   -0.494746420056521   -0.410959901683534   -0.765727065637304
   34   -0.595564105396856    0.802393048321554    0.038324827045755
   35   -0.723952770843423   -0.201244831960641    0.659843089830653
   36   -0.158920604923463    0.971989893113951   -0.173147015611271
   37   -0.719785460426353   -0.581610607983735   -0.378996031166045
   38   -0.576963877418438    0.784096079127689   -0.228705100185514
   39   -0.677649651190962    0.455130335942937    0.577622132146299
   40   -0.496218077242908   -0.169249259161895   -0.851541137051230
   41   -0.556306289066495    0.518056166350139   -0.649723880776798
   42   -0.521442390022888   -0.840989894188057   -0.144339293890399
   43   -0.807127977363916    0.039080847577189    0.589081586462421
   44   -0.747061875457755    0.555648966209902    0.364901055886946
   45   -0.533243178081478   -0.755726348972426   -0.380170223055898
   46   -0.370955885930427    0.867971663216577   -0.330177107847623
   47   -0.592445465909331   -0.427420008678740    0.682876640473623
   48   -0.278087365691784   -0.087932917314944   -0.956522461364649
   49   -0.586059297884131    0.756120062254767    0.291233498793334
   50   -0.698656107880790   -0.221485642037810   -0.680311511950198
   51   -0.483238820739236    0.714987171247804   -0.505246065874457
   52   -0.675777779852094   -0.447326953084235   -0.585852361352713
   53   -0.253040623488561    0.758917347910725   -0.600012418125385
   54   -0.370508691215501   -0.423962239519020    0.826425634401423
   55   -0.460679285332066    0.098509398148183   -0.882083042883390
   56    0.081774167255032    0.976736094989427    0.198241232629720
   57   -0.318752551725373   -0.893954290543787   -0.315027835574761
   58   -0.671955090007638    0.236988763824753    0.701649971733515
   59   -0.302060386927771   -0.779094337983268   -0.549337360072532
   60   -0.160570136130901    0.983530688570218    0.082973586300084
   61   -0.682630605736251   -0.724361412940602    0.096519425790115
   62   -0.040064657551466   -0.003490895673910   -0.999190991183706
   63   -0.331603463762327    0.577281673346405   -0.746180281459649
   64   -0.464060779456397    0.224511506640603    0.856879324267010
   65   -0.389290181725798   -0.028923458021194    0.920660951701543
   66   -0.534904624665044    0.658501576441102    0.529389002848125
   67   -0.283058378952288   -0.348836575090734   -0.893415355802591
   68   -0.230317261491696    0.197812120709709    0.952798154888691
   69   -0.159262153311160   -0.740091966784856    0.653375425940719
   70   -0.407264168672407    0.352418199915794   -0.842577776400307
   71   -0.227412891311805    0.181803041078169   -0.956677077764454
   72   -0.389703685108040    0.918485563622342   -0.067196035824766
   73   -0.296285354499325   -0.589709544696739   -0.751303960859235
   74   -0.156624834079777    0.432127191893845   -0.888107398559106
   75    0.442704314706031   -0.858832997782796    0.257718396045141
   76   -0.489143161000769    0.461498926486544    0.740106552394953
   77    0.204569035836950   -0.169693580881037   -0.964030911425827
   78   -0.502138017228172   -0.627409048147348   -0.595159892765800
   79   -0.065849414706638    0.639799234685548   -0.765715870201591
   80   -0.078744484328947   -0.727201739091878   -0.681892173917194
   81   -0.386324965299858    0.901907714704334    0.193172190914917
   82   -0.592702240415361   -0.619552743292181    0.514644005586137
   83   -0.390228803784228   -0.626701929708470    0.674511802711272
   84   -0.148023651550118    0.930493349427482    0.335068836588836
   85    0.023753348953604    0.265076883500049   -0.963934657664818
   86   -0.081918682919423   -0.883330307958968   -0.461537535233984
   87   -0.055397054018316   -0.256561894935770   -0.964938941318599
   88   -0.033929192321051    0.366998825766923    0.929602426736366
   89   -0.144905726837664    0.895934587590685   -0.419885157023151
   90   -0.477426425086847   -0.873049167535385    0.099242932718481
   91    0.121625280025875    0.483309181989907   -0.866959933251171
   92   -0.199234434853869   -0.284338575676820    0.937793801616612
   93    0.050523298690932   -0.402221121435165    0.914147452964140
   94   -0.271704071768530    0.441089565813108    0.855346065820850
   95   -0.095552684412522   -0.972819728986917   -0.210929986951552
   96   -0.288694581217042   -0.956133235570557   -0.049645489354966
   97   -0.362557890416948    0.821346358524905    0.440388391575312
   98    0.151699842136623   -0.403517858555527   -0.902308426050918
   99   -0.353030551532354   -0.800588158034013    0.484177685256630
  100    0.066986850884734   -0.158973531280838    0.985007704619942
  101   -0.291820025735976   -0.922465352605879    0.252782012455723
  102   -0.076356439515278   -0.513503730847336   -0.854683340512974
  103    0.149532476494018   -0.630331893940882   -0.761788515241905
  104    0.067181471024234   -0.817313696514680    0.572263026448965
  105   -0.545126705609408   -0.773473879639923    0.323380630752987
  106    0.288321181602256   -0.493143612603857    0.820780283381305
  107    0.139765317722744   -0.934838393581517   -0.326408997804577
  108    0.197882111331486    0.076609096520504   -0.977227566304444
  109   -0.111384118261080   -0.900723577020687    0.419869760757142
  110    0.019560389390638    0.806777341067908   -0.590531720660527
  111    0.326805646237890    0.898486560282287    0.293121085183476
  112    0.569920726931192   -0.676364832009345   -0.466605806902563
  113    0.075272100153172   -0.634499341153282    0.769249437448337
  114    0.075349702185061    0.995132983229572   -0.063504079154300
  115   -0.324299653620761    0.659705924396833    0.677951198816829
  116   -0.092585767134833   -0.989966868168294    0.106740225093983
  117   -0.152087844933914   -0.541210392894048    0.827019103797988
  118   -0.139894786861044    0.807934298146504    0.572426081243351
  119   -0.093186648067996    0.613563475166898    0.784127611146917
  120    0.261998787361580   -0.865633788282540    0.426655341001001
  121    0.091446394573534    0.892149759396122    0.442387119759316
  122    0.544502397510222    0.822711327684541    0.163288733246233
  123    0.501451488825761   -0.555446373274041    0.663344353086044
  124    0.078901063425517    0.941894800781949   -0.326510040351373
  125    0.367456932408798   -0.466808668665044   -0.804403549024919
  126    0.328769272553634    0.791455124075554    0.515276190017647
  127    0.150452944515580   -0.810702468813275   -0.565796269470427
  128    0.307065280789126    0.950400116050562    0.049502855927452
  129    0.341139179086897   -0.926247870619838   -0.160277704825511
  130    0.366293269155885   -0.834189620059157   -0.412258315570048
  131    0.567172216140478   -0.482208198690029   -0.667675767385949
  132    0.098954454508792   -0.993358928791536   -0.058703104883820
  133    0.292190493599204   -0.253567940346301    0.922132319723579
  134    0.035964293293794    0.121641065320550    0.991922386497835
  135    0.302706204901462    0.290729594079501   -0.907659218341621
  136    0.299572959837107    0.929030863100912   -0.217158230653159
  137    0.434664695047965   -0.232830427558477   -0.869975054172128
  138    0.275715692803171   -0.955508021077790    0.104810678836050
  139    0.088535907291687    0.746008832374912    0.660024404956861
  140    0.206903547277336    0.671684704630614   -0.711358263949566
  141    0.506051492804014   -0.330086962741400    0.796840312521264
  142    0.251003768761037    0.833185425183573   -0.492746542686424
  143    0.429695144116790    0.020678428377421   -0.902737218531667
  144    0.294472679477366   -0.705044068859635    0.645134638666434
  145    0.086837061136097   -0.957840818012806    0.273861812164099
  146    0.521497118885414   -0.853163516301316    0.012359993793965
  147    0.508401297362146    0.856908088412147   -0.085068495075013
  148    0.444465510387343    0.667518357232309   -0.597385681812008
  149    0.387759059311422    0.489732545265815   -0.780900087097823
  150    0.638317862228152   -0.247944497461048   -0.728748127228654
  151    0.687851631584309   -0.394442519837849    0.609323585191623
  152    0.536400143917628    0.246113758349335   -0.807281179983971
  153    0.498264450031396   -0.727501632276908    0.471671403489066
  154    0.271403827930010    0.017411476665960    0.962308060168493
  155    0.372989274729923   -0.677094669740746   -0.634367251003011
  156    0.721346820161605    0.692558384390410    0.004652875808048
  157    0.638817142650901    0.000081233308057   -0.769358597571047
  158    0.490503245775528   -0.072702744147815    0.868401333990828
  159    0.552202896160407    0.733586768076794    0.396134339807474
  160    0.723039933745422   -0.690192327481709   -0.029117096263138
  161    0.233392971415237    0.280574907981470    0.931023867527120
  162    0.697500482863656   -0.573396440180677    0.429778546222464
  163    0.142516368907075    0.516608050953230    0.844277920049937
  164    0.732949088618963   -0.477957811696411   -0.484088797361610
  165    0.309813842660863    0.634584256856597    0.708038278517109
  166    0.475131810709431    0.181256680935394    0.861043424031716
  167    0.413263804851824    0.422266801878596    0.806786077985122
  168    0.680709380456114   -0.139282912924637    0.719190523801782
  169    0.532209351544690    0.588514722714425    0.608607942173567
  170    0.653043508538074   -0.723186846768640    0.224799823436572
  171    0.682255431797896    0.113582211147128    0.722237223558295
  172    0.826938083840215   -0.202353142480829    0.524620444914994
  173    0.633437495587126    0.357883548763246    0.686058528632168
  174    0.845144270192766    0.042632968249338    0.532835427293069
  175    0.812343593208480    0.283776244308571    0.509479076841490
  176    0.564982382693699   -0.790972642868732   -0.234855669463189
  177    0.853568480091084   -0.381059053398882    0.355267290385344
  178    0.741694070079760    0.626506289186453    0.239540760661606
  179    0.721995632114709    0.514004862059581    0.463164451341415
  180    0.467095143403388    0.802282576478525   -0.371705252166212
  181    0.610041026012131    0.447624731731966   -0.653821111714781
  182    0.753339421552481   -0.602443283623071   -0.263707804117408
  183    0.656464641310921    0.716616634008293   -0.235615734982083
  184    0.803103449041994   -0.249498931524172   -0.541086992363659
  185    0.818630972939001    0.529654226334944   -0.222057944398476
  186    0.882764105576399   -0.464224727048120   -0.072269887940951
  187    0.738965781132042    0.226619938441941   -0.634486388992294
  188    0.824394383218086   -0.541211016670899    0.165724278102286
  189    0.811692724702206   -0.008569217998319   -0.584021822510431
  190    0.656029462532127    0.599745616348224   -0.458181776111728
  191    0.942601055525004   -0.113306851089367    0.314109547163663
  192    0.806148522184941    0.391269136622862   -0.443884019655401
  193    0.875523501584264    0.482288049641012    0.029271749983517
  194    0.900959222084952    0.158819149827081   -0.403793211666915
  195    0.947474247928951   -0.294870386660003    0.123870919034489
  196    0.877204434528184    0.395868681275453    0.271662230038190
  197    0.930900140143419    0.311371469673103   -0.190978367766024
  198    0.883280638012111   -0.356984064170747   -0.303936987615944
  199    0.973111625958063   -0.201066351258913   -0.112365856988152
  200    0.941327152147198    0.146888749816555    0.303853398545707
  201    0.969006364354499    0.239703079684278    0.059741940296156
  202    0.929279438111543   -0.099996926321275   -0.355584505609275
  203    0.985209654092795    0.064208705558106   -0.158868434916780
  204    0.996208514867272   -0.020472888927051    0.084554454199201
   
 U =    19199.9530496310     


 http://math-lab.ru/  - см. Задача Томсона
