    151
    1   -0.277742699507179    0.096212024283235    0.955825423000344
    2   -0.981696777476107   -0.144510619728130   -0.124048852791227
    3   -0.884329778173445   -0.103390146978303    0.455270601888054
    4   -0.906317413770716   -0.421551885297830   -0.029711167897046
    5   -0.861925992254268    0.286097625559774   -0.418606894980905
    6   -0.795819275573014   -0.567014217420929    0.212524252425396
    7   -0.943147823091790   -0.261514979616565    0.205139219149740
    8   -0.885102834000491   -0.296374642136639   -0.358824531968870
    9   -0.992660346050113    0.016324223859083    0.119828865867408
   10   -0.936803182205847    0.330504788281074    0.114744859284767
   11   -0.764707154306123   -0.187318029803023   -0.616550828288914
   12   -0.792118237764763   -0.554691129339227   -0.254688924833452
   13   -0.912846706398610   -0.004334637334666   -0.408279440501708
   14   -0.479277993243043   -0.118670144321415    0.869603359031953
   15   -0.715390253139595    0.694342388134583   -0.078137275051222
   16   -0.564207047598770    0.757678933260435   -0.328013782535442
   17   -0.877911306803016    0.456965374345763   -0.143018824063330
   18   -0.463931235274148   -0.879572241700185   -0.105453689207700
   19   -0.749646708741955    0.125031401343632   -0.649920734205643
   20   -0.618433038460429   -0.641636356589032    0.453699639457378
   21   -0.974271802732640    0.165101885931653   -0.153413890055314
   22   -0.702209001124485   -0.711274805128007   -0.031474915883433
   23   -0.695366982177092   -0.490244073226184   -0.525476458810977
   24   -0.805066512331785   -0.386621076973900    0.449880043524357
   25   -0.738378431030160    0.545364091252058   -0.396705559026158
   26   -0.398379812886039   -0.639543050591815    0.657478677315546
   27   -0.643346923470979    0.409687116131063   -0.646731167438712
   28   -0.793876253956835    0.580192831754626    0.182035082838480
   29   -0.766436053566716    0.162071726599109    0.621537232376518
   30   -0.560219010380130   -0.802378387512173    0.205775566241654
   31   -0.575512996922681    0.797560108223447    0.180783473093305
   32   -0.919128056970247    0.162917731910234    0.358694058383078
   33   -0.261431203759431   -0.513169506030502   -0.817502772950224
   34   -0.386870361922253    0.817101927998769    0.427405852003502
   35   -0.621636727370416   -0.406841084224716    0.669363960316849
   36    0.140225514265401    0.974974880598890   -0.172513151238343
   37   -0.579974338069716   -0.737105099298862   -0.346851322281188
   38   -0.454593370385868    0.885206749397904   -0.098761725489244
   39   -0.603078128486676    0.427962966050559    0.673160063157505
   40   -0.576160693739836   -0.058537315389515   -0.815237534523662
   41   -0.473683281426825    0.658143705050638   -0.585210229232995
   42   -0.187309301555199   -0.967757337713774   -0.168407128269712
   43   -0.710321539324857   -0.125829758900507    0.692538939371792
   44   -0.800758455720039    0.415085934464840    0.431844373127991
   45   -0.321465449205212   -0.851594539845129   -0.414061232999727
   46   -0.163679415638103    0.974231547478378   -0.155183571276902
   47   -0.354631223110199   -0.831880748924836    0.426861939230494
   48   -0.352392029277226   -0.242393343299853   -0.903916658119430
   49   -0.618648752408896    0.643723480977697    0.450437344345330
   50   -0.550461018875227   -0.378047876011819   -0.744360443697675
   51   -0.297720565712820    0.866142300100602   -0.401447357355953
   52   -0.444602460071839   -0.650392855453339   -0.615887803153562
   53   -0.004158305197036    0.901880831204620   -0.431964899967061
   54   -0.387742349851422   -0.391158037231254    0.834656372431847
   55   -0.499063626841262    0.231180765545083   -0.835159236317264
   56    0.012132568491140    0.995133834223549    0.097782681316000
   57    0.127260076254017   -0.976111437455502   -0.176100353947333
   58   -0.549282599020000    0.162944318103983    0.819596105170993
   59   -0.028178695168445   -0.899470157774273   -0.436072696247001
   60   -0.122077667330762    0.925704768952237    0.358005200909380
   61   -0.299407477452277   -0.943618085869383    0.141209314373616
   62   -0.291425637830582    0.029039567053969   -0.956152603489818
   63   -0.179041812799405    0.738839399984360   -0.649661735290185
   64   -0.346910193250785    0.390352586539857    0.852806060016195
   65    0.011266783838549   -0.001395431380237    0.999935554099962
   66   -0.378803826601877    0.634420609321318    0.673808690519901
   67   -0.073323509883326   -0.276714119109822   -0.958150801901071
   68   -0.066421782122871    0.312132692239429    0.947713738053315
   69   -0.141224394827191   -0.540423990684290    0.829456195708104
   70   -0.353259445148529    0.500962643636155   -0.790091256814318
   71   -0.198797456295910    0.296990053948828   -0.933957429022195
   72   -0.302588736423233    0.943647288178631    0.134051676986551
   73    0.039250109440489   -0.541866202155745   -0.839547763900434
   74   -0.043113071952014    0.548040467442386   -0.835339996092844
   75    0.699850417090500   -0.599883997180163   -0.387748093000343
   76   -0.093670391733977    0.575110266580919    0.812695538923174
   77    0.002927321710104    0.002876444441780   -0.999991578392028
   78   -0.145920514868626   -0.738465996852186   -0.658312368738110
   79    0.131180432382339    0.744300428934094   -0.654834762095375
   80    0.163394344432885   -0.736955115036053   -0.655895911429204
   81   -0.115581490505739    0.782859964444579    0.611368297446232
   82   -0.070539804607869   -0.928018655930575    0.365794355083142
   83   -0.122455656810415   -0.767879597930877    0.628780991440298
   84    0.151769507543566    0.902033424501726    0.404106072290028
   85    0.088430301791891    0.282241036053470   -0.955259168651345
   86    0.267016950973212   -0.871028744845190   -0.412323748462761
   87    0.213335066984337   -0.300551207089520   -0.929600516948985
   88    0.209545260438755    0.217222261239525    0.953365235914150
   89    0.299129924463369    0.856664063852272   -0.420295098704052
   90   -0.011617859297574   -0.996932707557372    0.077396394926827
   91    0.257461836627824    0.517850578444115   -0.815808912114426
   92   -0.187264367640537   -0.211225992771265    0.959330827499035
   93    0.068171967768473   -0.357049924157891    0.931594297143031
   94    0.196976453117737    0.498723070147363    0.844082683284016
   95    0.503994454064277   -0.821426950217176   -0.266922003082099
   96    0.367917492630543   -0.929418492261420   -0.028600434593970
   97    0.172648953109514    0.730968624899456    0.660209972965258
   98    0.293487399323405   -0.024267872494870   -0.955654862805059
   99    0.156877482932951   -0.828122871447935    0.538146787720087
  100    0.263930428917946   -0.143773561151405    0.953766162015110
  101    0.561692323498069   -0.813484956535464    0.150811004949359
  102    0.353363545461950   -0.518677417972233   -0.778529344870325
  103    0.497647502385505   -0.238368196957124   -0.833982953092495
  104    0.137301165248661   -0.625617424742499    0.767952620856211
  105    0.224330879273773   -0.946525613309563    0.231872637353379
  106    0.449117015493359    0.068704559374128    0.890827474831993
  107    0.465737635168941   -0.687163614787796   -0.557579251496156
  108    0.367487387976441    0.249168330347297   -0.896029108249388
  109    0.415910621592624   -0.816185638292856    0.401072759846540
  110    0.434404719099954    0.653641384957211   -0.619714030739106
  111    0.298132371513163    0.944224016704798    0.139850260399454
  112    0.832235979481160   -0.332177796097513   -0.443893214902902
  113    0.359329005499650   -0.415619934231363    0.835549361842943
  114    0.416803859364631    0.899393271219095   -0.131781206947594
  115    0.468525179419917    0.352804896789775    0.809946208739007
  116    0.647256723547005   -0.634573505212469    0.422344883129364
  117    0.558503045378302   -0.190563654849200    0.807316444619876
  118    0.451352148404934    0.601191125033981    0.659431929247157
  119    0.691956887052469    0.392807919810721    0.605720731521244
  120    0.411855610367410   -0.643516221754431    0.645183561901410
  121    0.410507044248228    0.798324124460565    0.440638807785759
  122    0.557097770933927    0.810169213486225    0.182394953711886
  123    0.629973508824394   -0.430077482259599    0.646658130261057
  124    0.572363113976323    0.733056339681230   -0.367462744523147
  125    0.575985543375989    0.056346535340361   -0.815515617126370
  126    0.658294198941557    0.627695750103469    0.415507873501739
  127    0.626094549209455   -0.436189285154938   -0.646331589020863
  128    0.658949721470185    0.747447492700857   -0.084306050966510
  129    0.695793431222135   -0.712226681273372   -0.092761282604583
  130    0.739077626953227   -0.139740404907836   -0.658966524622746
  131    0.898952035576452   -0.012840765645069   -0.437858827101387
  132    0.787432066474046   -0.594666838673368    0.162240844643500
  133    0.781185702979602   -0.154627307124841    0.604846503959133
  134    0.682957304470748    0.110798208890171    0.722006286106139
  135    0.556916360950879    0.390815611995761   -0.732876063414278
  136    0.792390588227700    0.596418776252876    0.128069508553685
  137    0.759241475750282    0.189376096113658   -0.622646830652244
  138    0.865370750675908   -0.476655300098135   -0.154703551229352
  139    0.860739277596453    0.139769034206294    0.489481882279392
  140    0.702356942929656    0.498589349297934   -0.508038763762344
  141    0.931883826189509   -0.114509898779128    0.344209264210007
  142    0.808952288975626    0.543574326623475   -0.223881990336272
  143    0.881566502671140    0.294984928350292   -0.368543611278704
  144    0.827027808957285   -0.389822448031742    0.405047481441191
  145    0.930826546499486   -0.348314765261954    0.110628950245181
  146    0.957656110730254   -0.199654733804493   -0.207443391918039
  147    0.849950749725239    0.403589383661226    0.338672898882471
  148    0.927123002646073    0.374384974744689   -0.016698163071088
  149    0.979479080612118    0.120577972466763   -0.161498245188744
  150    0.964692615174477    0.176371058274453    0.195605235182952
  151    0.995807836702626   -0.073213772312887    0.054831522916599
   
 U =    10376.6157383977     


 http://math-lab.ru/  - см. Задача Томсона
