     69
    1   -0.182016112547770   -0.003006550599008    0.983290951563419
    2   -0.984449421263363   -0.030973112825286   -0.172916174073282
    3   -0.788086074114100    0.332135204110349    0.518272656019978
    4   -0.804671003746522   -0.179131637517581    0.566053382791619
    5   -0.473204664785409   -0.076726735006424   -0.877604895930158
    6   -0.567496219756063    0.078018763241205    0.819671344591776
    7   -0.969064537651528    0.055366777815442    0.240517030125863
    8   -0.846843947039586   -0.429659672625125   -0.313445202678370
    9   -0.890043546350106    0.449322920613123    0.077015573829060
   10   -0.586140945819796    0.704939606740133    0.399373186984983
   11   -0.566234453757335   -0.451762759641746   -0.689412033822304
   12   -0.914562789286588   -0.377889994929233    0.144132078957878
   13   -0.871872446343183    0.345515966126485   -0.347069379892890
   14    0.243214736918608   -0.063271811215285    0.967906643045263
   15   -0.265690909344395    0.656296233989196   -0.706175328047750
   16   -0.185319240149528    0.296553356588890   -0.936863322969933
   17   -0.604535370397263    0.665142072460212   -0.438318388140377
   18   -0.686673867721486   -0.726698437285552    0.019707375146168
   19   -0.809815748258986   -0.059832790447811   -0.583625300221783
   20   -0.446193453387493   -0.355739863347053    0.821194588255404
   21   -0.636830549302046    0.770547747610146   -0.026514526746389
   22   -0.662031527649946   -0.579730399683805    0.475002021132473
   23   -0.538183897007261   -0.749576832299499   -0.385347460718150
   24   -0.429447276590070    0.477824549621633    0.766328086662792
   25   -0.601771018372120    0.322621096751001   -0.730607466002479
   26   -0.243781784649419   -0.715098583262179    0.655136976280204
   27   -0.069266746300871   -0.132204817155974   -0.988799273956877
   28   -0.263405536775418    0.949198820362505    0.172160165597278
   29   -0.040957314726574    0.404583685175061    0.913583351457630
   30   -0.383169090421620   -0.876826017561295    0.290443769210271
   31   -0.275885112209269    0.923314798999353   -0.267165092798562
   32   -0.173198115960305    0.783798151853678    0.596374772922664
   33    0.172746794983936   -0.955921599290379   -0.237428812137243
   34    0.161353296649910    0.980594315309418   -0.111354849212147
   35   -0.000294701215718   -0.432474282103937    0.901646221347307
   36    0.186558234582599    0.544532773475300   -0.817728612511952
   37   -0.248995470157972   -0.962107357967244   -0.111133647407529
   38    0.070198276572098    0.853693347480818   -0.516023129746431
   39    0.248369317715754    0.689019594974396    0.680855843595933
   40   -0.160958862835311   -0.527089158112075   -0.834427506662782
   41    0.266962453578970    0.139296812614424   -0.953586622376048
   42    0.040061256374652   -0.965703520111062    0.256538119940854
   43    0.382320940586312    0.322514861141131    0.865918508135907
   44    0.148481204453324    0.939618977461246    0.308333438210604
   45    0.428851892596635   -0.896910815598239    0.107875127249918
   46    0.566487963264059    0.820284524023139   -0.078896686401077
   47    0.181553823545752   -0.764989005171727    0.617923968722924
   48    0.276540312062197   -0.370004721162143   -0.886917111190368
   49    0.537874953540656    0.769758976083822    0.343746495388715
   50   -0.148705609956062   -0.828668474124555   -0.539625056460203
   51    0.602743013617590    0.367209356706696   -0.708419471698965
   52    0.263276224755366   -0.728844647930546   -0.632037268411887
   53    0.474008873044411    0.732046873322578   -0.489308658756213
   54    0.445640551367339   -0.417743922494124    0.791766704399874
   55    0.605546211179745   -0.075289974969980   -0.792240623671165
   56    0.810273587686818    0.492317840291314   -0.317930585549785
   57    0.567265629218834   -0.687939644454262    0.452712658863327
   58    0.661425071329847   -0.007422067869666    0.749974524850574
   59    0.585773026263766   -0.753324841125644   -0.298950908084945
   60    0.846734015187295    0.513356304525118    0.139666789642766
   61    0.787810071245655   -0.612378086393217    0.065942178833414
   62    0.636915294633421   -0.462537275115549   -0.616764279600160
   63    0.872473253500152    0.053998959891600   -0.485669161320219
   64    0.686165767937970    0.439544379585666    0.579635469312178
   65    0.804354858712425   -0.329195967335206    0.494614270271241
   66    0.984565212758788    0.154073925473600   -0.083021487064484
   67    0.890051924031932   -0.341826730116320   -0.301599169602704
   68    0.914263648083991    0.124041718841519    0.385662590587931
   69    0.968922633196883   -0.222562932101262    0.107956806794700
   
 U =    2064.53606636161     


 http://math-lab.ru/  - см. Задача Томсона
