      8
    1   -0.393480280146232   -0.113408587916720    0.912311219553272
    2   -0.956736319694241    0.212368656126537   -0.198884812072034
    3   -0.164706523217111    0.957474311318526    0.236885424572397
    4   -0.394753243238284   -0.916839621996196    0.059791174020321
    5   -0.166284290101990   -0.176666232991248   -0.970122970033160
    6    0.726007146179815    0.135152815555021    0.674275418611261
    7    0.625825278363954    0.568199240906054   -0.534314835648855
    8    0.723916579051219   -0.666016061567456   -0.179909400279573
   
 U =    19.6752888733094     


 http://math-lab.ru/  - см. Задача Томсона
