    140
    1   -0.212380128425266    0.143091926774185    0.966653703009573
    2   -0.979574339868136   -0.148217525273112   -0.135888475868340
    3   -0.881524478310071   -0.093604719541394    0.462766410427264
    4   -0.898393597702019   -0.435788244179607   -0.054566929938176
    5   -0.841566849820031    0.325963283700690   -0.430712404004171
    6   -0.821171835703608   -0.513741387468898    0.248488637665182
    7   -0.949148449892150   -0.242755533131054    0.200466883054501
    8   -0.869618595755682   -0.320515711249213   -0.375543841326584
    9   -0.993780578828101    0.040308715932929    0.103804472754897
   10   -0.925888117620881    0.362881115254607    0.105111796864263
   11   -0.744291334115916   -0.187302659421534   -0.641052356468308
   12   -0.751261430642613   -0.595258083918689   -0.285086085872786
   13   -0.910224145503927   -0.005673902042176   -0.414077060192014
   14   -0.403763606185508   -0.125194145427292    0.906256793779116
   15   -0.668573083220685    0.735689609799650   -0.108493457985378
   16   -0.446157133826275    0.819840847724506   -0.358893851073388
   17   -0.855055870825523    0.492814545737191   -0.161286333198609
   18   -0.497633772757446   -0.848582746529378   -0.179632821343559
   19   -0.750992711773509    0.122225268320593   -0.648899784748793
   20   -0.583412201356245   -0.604408042912530    0.542513705791205
   21   -0.966916936981925    0.187525888892286   -0.172932582160360
   22   -0.710978171948774   -0.703191578871009   -0.005625159311202
   23   -0.662302478902671   -0.478563612269966   -0.576482693105784
   24   -0.776919968843721   -0.365682130111027    0.512515308775585
   25   -0.678483090600595    0.615106363866165   -0.401627759125797
   26   -0.315545225947621   -0.657879581669104    0.683831606760428
   27   -0.625306711082217    0.442714348675517   -0.642647276935298
   28   -0.766079645544177    0.622435250145628    0.160300767493664
   29   -0.758436350979468    0.178139269485389    0.626929583111342
   30   -0.616712411414316   -0.735345449226407    0.280949945558906
   31   -0.523940375901348    0.829207415203544    0.194683191549275
   32   -0.916357288131010    0.180993614490623    0.357114312234613
   33   -0.195086460490932   -0.463268836741148   -0.864478604615304
   34   -0.298328926462656    0.860010881807299    0.413982046481090
   35   -0.546216345618593   -0.379769193912761    0.746607703639549
   36    0.127259698895332    0.944304483037614   -0.303469952964265
   37   -0.524549953532306   -0.722805983854105   -0.449887603690027
   38   -0.415048640590226    0.906845451382214   -0.073252667197819
   39   -0.592580839143152    0.437412396561785    0.676401023368884
   40   -0.528710032674390   -0.075908933659438   -0.845401404742228
   41   -0.406875586495394    0.668274318618124   -0.622785430296431
   42   -0.209492282280697   -0.972764333416154   -0.099209552454641
   43   -0.684214039789839   -0.110514331504067    0.720859022477126
   44   -0.789325000228622    0.447399553584162    0.420475544433656
   45   -0.256551153029303   -0.872919257221133   -0.414962017842406
   46   -0.149584595398368    0.968836104151913   -0.197436197570885
   47   -0.351367292106663   -0.833479880553649    0.426441455243163
   48   -0.242082634623844   -0.173016056791433   -0.954704897916588
   49   -0.586090088869085    0.675591678703021    0.447296648094598
   50   -0.483259265402301   -0.368312597803645   -0.794233160162656
   51   -0.168349529770052    0.855347074128505   -0.489938586565712
   52   -0.352367919215997   -0.644431486285017   -0.678634591655828
   53    0.115021466760085    0.803306259979231   -0.584353587190614
   54   -0.274004490004259   -0.410889111494334    0.869535322751700
   55   -0.522473024658054    0.224103477815901   -0.822678290545875
   56    0.090174671843638    0.995620678342691    0.024657522469465
   57    0.102612846007986   -0.994719099874403    0.002125130395950
   58   -0.524482371166156    0.148775725975343    0.838322149114788
   59    0.017188406398679   -0.952639846276517   -0.303614693273775
   60    0.030939735433012    0.939109309982741    0.342222788070981
   61   -0.423919970070363   -0.898384486957356    0.114878947461710
   62   -0.265246514001815    0.131284384349152   -0.955200867480735
   63   -0.106292027097994    0.654840120237032   -0.748255585948644
   64   -0.335741757772768    0.396695460120975    0.854347812080689
   65    0.150712900915245    0.076483530733565    0.985614473830534
   66   -0.361579578831555    0.662853891386323    0.655656104101841
   67    0.063605190434018   -0.274976843602077   -0.959344627979170
   68    0.025766819164746    0.343422172685606    0.938827610553731
   69    0.016567245540530   -0.396326513950230    0.917960141136454
   70   -0.321615703447428    0.452017527671705   -0.832011715045873
   71   -0.045201672540132    0.350581983443768   -0.935440581589343
   72   -0.202441894567094    0.969344845065350    0.139240262385985
   73    0.074349437757879   -0.567969352913012   -0.819684680384269
   74    0.168532628866728    0.534557014585438   -0.828157926463771
   75    0.501026621006140   -0.743489804010269   -0.442939314552164
   76   -0.100206066376540    0.581292445802783    0.807500982484826
   77    0.028498787442019    0.033069849409092   -0.999046647646843
   78   -0.072869730734521   -0.766086883068975   -0.638592898435569
   79    0.372429823371456    0.664712286580458   -0.647652378002648
   80    0.192749606466027   -0.838033596231093   -0.510438322224315
   81   -0.055588732757195    0.796052570952614    0.602669226914883
   82   -0.061713314443757   -0.853304367850152    0.517748126629366
   83   -0.020900252326075   -0.655140367924660    0.755218033264730
   84    0.322190298795233    0.913917380963349    0.246877362541265
   85    0.260847721833119    0.241461393895544   -0.934695063254585
   86    0.329442674551480   -0.916853494429892   -0.225493223703205
   87    0.324954070446403   -0.075324780111284   -0.942725320335410
   88    0.344883639400229    0.319637840970044    0.882545707538177
   89    0.402104478574504    0.829914789340136   -0.386721386459095
   90   -0.132213092170883   -0.966682688251041    0.219190051084338
   91    0.480760819535806    0.410796334744275   -0.774671159757435
   92   -0.091132997531023   -0.126651559016561    0.987752073832136
   93    0.257647457976052   -0.206866533019212    0.943834744494549
   94    0.201426094174666    0.590297805695429    0.781649556500034
   95    0.610558037207755   -0.776395948215996   -0.156295280782238
   96    0.400149773748698   -0.913093068793308    0.078365849006340
   97    0.246174601245654    0.795849094794702    0.553192809078351
   98    0.546146796782442    0.117191611782261   -0.829451507016627
   99    0.233499086095646   -0.764693177966770    0.600601798501786
  100    0.464586985914283    0.019394265794334    0.885315082314415
  101    0.659044724404493   -0.739127911635168    0.139104210850863
  102    0.348261405774848   -0.377336713189185   -0.858097312737495
  103    0.591512746751623   -0.198782315471801   -0.781407871400090
  104    0.276055415921515   -0.512425005317857    0.813150675622540
  105    0.167874154606989   -0.934946302886464    0.312559880557185
  106    0.623843943528513    0.242706644180042    0.742907947860067
  107    0.326561896062319   -0.644920299299316   -0.690966812221733
  108    0.726072663941843    0.327333430077578   -0.604707625410861
  109    0.443620872959147   -0.811356775511012    0.380658250806860
  110    0.624643861608515    0.601490776113872   -0.498024991747136
  111    0.369771149672007    0.925310536558673   -0.084081554479820
  112    0.747998379763734   -0.562168339327697   -0.352796233155015
  113    0.524755846520767   -0.291677841727220    0.799722038077996
  114    0.632682161886661    0.748348139816807   -0.199219335565466
  115    0.483622002785989    0.543253133929315    0.686284045346565
  116    0.681135681066752   -0.608598569831212    0.407015926933008
  117    0.719824474663491   -0.057382921000452    0.691780258501849
  118    0.513418434363424    0.735465864588447    0.442144177029369
  119    0.726928461733207    0.434840756759165    0.531496498373517
  120    0.501976695735482   -0.581717735787880    0.640018650359745
  121    0.580668282372389    0.806779658534182    0.109228789346802
  122    0.814196280549024    0.580589016495413    0.000900369381477
  123    0.738518554263922   -0.349635816928511    0.576493833903416
  124    0.817767062019957    0.493731516178707   -0.295780699517603
  125    0.769730119767006    0.022884462814541   -0.637959124149157
  126    0.736176538769229    0.611459454335191    0.290105910780646
  127    0.584969533330208   -0.495652718889700   -0.641980550587544
  128    0.951167193631352    0.304087305015531   -0.053027169336564
  129    0.832480115679811   -0.553103581214097   -0.032454359427807
  130    0.786027514672037   -0.303085329132140   -0.538794979044315
  131    0.918586343947787   -0.329843478699624   -0.217720941280274
  132    0.862542932941991   -0.434789787405976    0.258800173105224
  133    0.900125519836032   -0.151424959023045    0.408466069979849
  134    0.852477279416166    0.147855956946889    0.501419090257373
  135    0.903224767636200    0.218595721711499   -0.369324964736965
  136    0.900504258654810    0.352620544970633    0.254461846666970
  137    0.917798943829617   -0.079704188273753   -0.388963161593564
  138    0.969337450521782   -0.233619404290975    0.076202893348356
  139    0.977462162137959    0.064132257763316    0.201133724429211
  140    0.993905084833569    0.008305820622281   -0.109925864498605
   
 U =    8885.98060915065     


 http://math-lab.ru/  - см. Задача Томсона
