    193
    1   -0.111614004572390    0.011700907982848    0.993682747528451
    2   -0.992796611655255   -0.115342174956842   -0.032420218414889
    3   -0.914736869089377    0.059067795599095    0.399709214118999
    4   -0.929787147768705   -0.367047189382623    0.027788857667289
    5   -0.836734966604878    0.133848779998512   -0.530998210687799
    6   -0.862084920999791   -0.419563338454379    0.284211530395584
    7   -0.960080590570166   -0.165561381076330    0.225465493383221
    8   -0.934408295410370   -0.265194646539737   -0.237808614046989
    9   -0.982884114290963    0.101766768218458    0.153565434785434
   10   -0.935269492190976    0.353926741079767   -0.002615133933425
   11   -0.844857613295923   -0.141152018974939   -0.516034612012814
   12   -0.835868054240663   -0.518035207310859   -0.181560237624660
   13   -0.947354362198309   -0.012994676880321   -0.319923195152540
   14   -0.585684146485039   -0.005962588723599    0.810517444656069
   15   -0.841916270703731    0.498349575732982   -0.206941280297284
   16   -0.681319816737985    0.623880400193175   -0.382853174957348
   17   -0.910720491386460    0.271932348872179   -0.310871330626780
   18   -0.664723570293908   -0.734456708888730   -0.136806132406612
   19   -0.695499581500770   -0.000173116497268   -0.718526479792452
   20   -0.728049450969259   -0.453702973363784    0.513904279904558
   21   -0.985461079731148    0.131186589795261   -0.107965452775460
   22   -0.799748400376944   -0.595512348383974    0.075944315236382
   23   -0.816508462865220   -0.388780198239074   -0.426806616076488
   24   -0.862852681906568   -0.204687654211447    0.462156048905624
   25   -0.772878627166728    0.403930857217453   -0.489385829644103
   26   -0.505496756511569   -0.247938447747719    0.826437871400346
   27   -0.664765142431347    0.267623608198180   -0.697470364777758
   28   -0.828699431441092    0.548422250451876    0.111759954986173
   29   -0.806634924143049    0.276599183051456    0.522334175684499
   30   -0.695742263230382   -0.640700723384809    0.324723399540668
   31   -0.720976374075738    0.687472945945904   -0.087028826356916
   32   -0.906074375595365    0.323665950477601    0.272524454665815
   33   -0.468326612581994   -0.436385897518231   -0.768269179646485
   34   -0.544791974745455    0.837893446041581    0.033708713020698
   35   -0.708434619369696   -0.232765343575635    0.666288739893322
   36   -0.101808691424897    0.985642231739760   -0.134701081515387
   37   -0.676394231181882   -0.635999909569186   -0.371476727470051
   38   -0.542041436994150    0.799896640660170   -0.257597447273633
   39   -0.633906064132515    0.465739154466794    0.617454566630274
   40   -0.499417832682077   -0.174008016146861   -0.848706685914380
   41   -0.575227371266969    0.527298109237730   -0.625356038860750
   42   -0.443944485850523   -0.885880215476806   -0.134645970269009
   43   -0.780718033072010    0.023991834141642    0.624422729191284
   44   -0.764335387123054    0.516354043418579    0.386225216469270
   45   -0.467831789720224   -0.800960969781288   -0.373624064286806
   46   -0.278935382401735    0.893535612533897   -0.351836839427129
   47   -0.533263049275053   -0.471271474010700    0.702519549949789
   48   -0.283699262214249   -0.087476325159357   -0.954914981113871
   49   -0.665918529118988    0.711642686847908    0.223868708916397
   50   -0.683433067398246   -0.261069413200884   -0.681734555290819
   51   -0.449967526704888    0.737796976237099   -0.503174767617057
   52   -0.643175701352421   -0.495418147420252   -0.583854328061809
   53   -0.177312507010689    0.807306647423590   -0.562864328131804
   54   -0.300015573432343   -0.407738191433802    0.862403747060711
   55   -0.497295372795081    0.098431019916820   -0.861979493094085
   56    0.015792499668136    0.993923771604526    0.108931782293627
   57   -0.232304972649882   -0.920874093323186   -0.313089929458516
   58   -0.632003386416475    0.235298937219691    0.738380748463414
   59   -0.224094927636096   -0.805062664393116   -0.549231799705761
   60   -0.254132834734883    0.960583563956448    0.112675281079486
   61   -0.611066966628690   -0.783914098963550    0.109890162168304
   62   -0.045709914122662    0.005801201165588   -0.998937910891330
   63   -0.335669381231366    0.617604416804078   -0.711260044461832
   64   -0.425521991006260    0.375847215198183    0.823207085731069
   65   -0.389054739466150    0.131384702156131    0.911797384147526
   66   -0.557676807778201    0.686645918953944    0.466383919159109
   67   -0.267564887980240   -0.356906923785398   -0.895000825962840
   68   -0.171272944228319    0.270101074702851    0.947476114748930
   69   -0.045973616252842   -0.738904841758572    0.672239586333902
   70   -0.453789650733700    0.367459848468496   -0.811817844501152
   71   -0.268384934304442    0.186009525039750   -0.945182513397750
   72   -0.359356230417993    0.926146154204495   -0.114526855854833
   73   -0.253309132311493   -0.612501471230339   -0.748783300580527
   74   -0.215023926266242    0.443047534506075   -0.870329588892127
   75    0.586709688424065   -0.799100238397932    0.131188987730315
   76   -0.419276685878580    0.599427339098029    0.681831303051224
   77    0.183705864756197   -0.130899966828455   -0.974226541384748
   78   -0.452228654899391   -0.668188707173333   -0.590773302793819
   79   -0.066331295723477    0.671060282205797   -0.738429588284165
   80    0.002976190218113   -0.732919786129047   -0.680308554548844
   81   -0.433713002451123    0.858171452201204    0.274653946142612
   82   -0.524674396115863   -0.662097492245993    0.535110912635896
   83   -0.305871454935353   -0.631609902789400    0.712398472593881
   84   -0.138106468518973    0.930831315724676    0.338348437294288
   85   -0.009931389602783    0.258394840173074   -0.965988340546867
   86    0.021495821506917   -0.885660541929144   -0.463835460187681
   87   -0.042898055520724   -0.264959083318953   -0.963304957424865
   88    0.067803458553795    0.434040665517281    0.898338127703294
   89   -0.002725532860202    0.927573674829663   -0.373630364442750
   90   -0.381903454710336   -0.917744566292161    0.109062653193121
   91    0.042417675179981    0.488397319519826   -0.871589811274877
   92   -0.318062202875223   -0.122460370092880    0.940127593924822
   93   -0.089799861376159   -0.275201183887681    0.957183521214005
   94   -0.187666371945072    0.503011400333015    0.843659210804928
   95    0.007947185407770   -0.976101572314412   -0.217169433322065
   96   -0.183864444060887   -0.981965043702251   -0.044028617477932
   97   -0.315488925118712    0.808659090794378    0.496525138339490
   98    0.179930620633982   -0.417223625324739   -0.890813907743448
   99   -0.276529598162199   -0.807537281860624    0.520974970363652
  100    0.122318492654048   -0.121994606580829    0.984964721358095
  101   -0.199149225706113   -0.938718990541141    0.281329420249780
  102   -0.040337393735165   -0.526568390645424   -0.849175261438852
  103    0.234821892037551   -0.628964799050159   -0.741122095592689
  104    0.214887978766144   -0.802034254658250    0.557282882328702
  105   -0.466331339082523   -0.817609876734190    0.337711669410762
  106    0.139749786782137   -0.410104765643752    0.901268039093049
  107    0.259534149675557   -0.915050192341873   -0.308747745979281
  108    0.222267965704133    0.131738881813751   -0.966044418461289
  109   -0.025449532777992   -0.887827001167435    0.459473108331076
  110    0.113812580487307    0.807056097442322   -0.579402409473753
  111    0.277410344302991    0.954127501625634    0.112624204837688
  112    0.674726903589293   -0.449099861867802   -0.585707196168125
  113    0.191071153601313   -0.629604247965842    0.753053985584586
  114    0.160144543761432    0.977319412620111   -0.138565835685871
  115   -0.181642627151406    0.704486658862246    0.686079079615932
  116    0.007274291326353   -0.991412573095821    0.130568735129137
  117   -0.072989787998813   -0.540820091258114    0.837965464526703
  118   -0.008476807674587    0.838305216214523    0.545135311825578
  119    0.063326750836355    0.654830961525576    0.753117609976025
  120    0.429028838410003   -0.820256133882544    0.378304283138092
  121    0.141611228750214    0.927834759227399    0.345063645522516
  122    0.512520707825405    0.848218160288526    0.133598190881816
  123    0.408073125120980   -0.484007385572197    0.774088609440523
  124    0.267383972112153    0.889212964937265   -0.371222459510474
  125    0.454385430898084   -0.485302816721810   -0.747004053716873
  126    0.388161395268073    0.844215614109206    0.369635939970345
  127    0.264173081232895   -0.796463931525293   -0.543928110076314
  128    0.413533712537869    0.901903618719163   -0.124738651331199
  129    0.451445249172524   -0.885781155134536   -0.107651902946879
  130    0.497161862333016   -0.794400157532838   -0.348939066820226
  131    0.606841791351411   -0.241430175578928   -0.757267793181078
  132    0.194299052653301   -0.979855095162811   -0.046172184500076
  133    0.338839162161655   -0.260104003196481    0.904175828977281
  134    0.085653911106903    0.182663985683501    0.979437224045681
  135    0.271979123556436    0.382135344683453   -0.883176049660050
  136    0.512606272896253    0.784272503189087   -0.349501716346194
  137    0.385291374415944   -0.274917297942978   -0.880892181877217
  138    0.358791210830139   -0.922818392782439    0.140267890030039
  139    0.244785503818549    0.775261982915393    0.582279069661955
  140    0.227150344071109    0.629119744716285   -0.743378146031005
  141    0.595165091579360   -0.304962731735209    0.743489237324879
  142    0.389991622513725    0.724722547228277   -0.568052606637863
  143    0.439166878716253   -0.024851919622149   -0.898061709867267
  144    0.445458334090925   -0.669440705989925    0.594488026584765
  145    0.177690064510584   -0.932153859334384    0.315460652859017
  146    0.669167401129079   -0.732525703245496   -0.124984332421491
  147    0.642254946485640    0.759967832402771   -0.099787160635833
  148    0.618847469523622    0.572243672131152   -0.538112431718562
  149    0.466577527669854    0.496422215901366   -0.732031689363968
  150    0.656397630461720    0.024322743495019   -0.754022914023915
  151    0.645670821953777   -0.502841867745105    0.574681864791424
  152    0.472258290437949    0.226587113273708   -0.851839413980660
  153    0.644722824673464   -0.670813450100859    0.366526662753001
  154    0.308753663528400    0.057699655893779    0.949390291169828
  155    0.493046882423538   -0.660387751376842   -0.566385725070705
  156    0.718777447042468    0.682463500587681    0.132674609434960
  157    0.654112216456106    0.300544225351816   -0.694125620396306
  158    0.503882412722355   -0.081250287485844    0.859942384658743
  159    0.609394347889303    0.699651274416712    0.372996813615936
  160    0.836202784739089   -0.529752874811610   -0.141868933961695
  161    0.316505128607624    0.323665815950200    0.891664142572955
  162    0.812166222049899   -0.464876014461285    0.352528465431921
  163    0.301848477075695    0.560779510988214    0.770982384327232
  164    0.786014294914711   -0.189148804702487   -0.588561175978632
  165    0.477758947290855    0.652503526850631    0.588205351668125
  166    0.538494727893676    0.178289992585803    0.823550913164736
  167    0.531236798816028    0.423365368864583    0.733859133642047
  168    0.786007887910473   -0.269624580905487    0.556322016024943
  169    0.694399402970131    0.478839300563708    0.537142805397582
  170    0.773239505248318   -0.623163869419015    0.117334817399006
  171    0.702174105219448   -0.041918533466819    0.710770260007591
  172    0.917036271272231   -0.219365356887294    0.333051523594824
  173    0.729338285486099    0.228041844004917    0.645029133223480
  174    0.951547976152345    0.053436881014401    0.302821645243252
  175    0.853482832520805   -0.001249464156011    0.521119461766289
  176    0.697480967658601   -0.613777227721027   -0.369861885688580
  177    0.907817910168536   -0.406790897962614    0.101920593169404
  178    0.804021997118223    0.511822019161025    0.302633191920443
  179    0.863251599138128    0.274066487754525    0.423891774956019
  180    0.717440132418010    0.627631566357906   -0.302255311462262
  181    0.786332573953066    0.363833867231661   -0.499305517890200
  182    0.839822778288248   -0.383456435958955   -0.384264053470869
  183    0.844203835480954    0.535306384980081   -0.027694013049812
  184    0.817759531061646    0.088558315713814   -0.568706228272356
  185    0.925287072918723    0.342938601683793    0.161978233613862
  186    0.915128220170271   -0.117593115642038   -0.385632207941181
  187    0.923238033682705    0.164147282591301   -0.347400637275732
  188    0.944595897384119   -0.289003208379812   -0.155614061675882
  189    0.986843759486160   -0.019554081944097   -0.160489975520424
  190    0.859757206058980    0.432321428668530   -0.271874472769435
  191    0.983054553875048   -0.162365544831520    0.085095087737740
  192    0.955034401879820    0.278532831813499   -0.101630471946197
  193    0.992560208445964    0.099815239390899    0.069721952031207
   
 U =    17145.0791145587     


 http://math-lab.ru/  - см. Задача Томсона
