    244
    1   -0.102950515833174    0.036976361466974    0.993998963773276
    2   -0.997756669254089    0.058276292494929   -0.032946967873108
    3   -0.909493681688575   -0.042544582598109    0.413535006329711
    4   -0.983797925045757   -0.175688906496893    0.035707853612193
    5   -0.845626707922908    0.172787082015821   -0.505034746463967
    6   -0.826500559638398   -0.447193777369684    0.341927697619319
    7   -0.934353108914677   -0.232207877909869    0.270303106341885
    8   -0.973021428754417   -0.106086998124456   -0.204877641566020
    9   -0.980180548244976    0.004362915604002    0.198058218232950
   10   -0.959884223172814    0.233773021603439    0.154830399064015
   11   -0.895292172976897   -0.043711264411036   -0.443329730978980
   12   -0.932600211258070   -0.335026618744446   -0.134216283267221
   13   -0.954081992221606    0.118882353945412   -0.274944609037619
   14   -0.505979360178738   -0.135419467416277    0.851848845111506
   15   -0.863663732482045    0.484839068654383   -0.137898639230172
   16   -0.764665342916080    0.553058175539377   -0.330777217794831
   17   -0.884329731648616    0.334628260626957   -0.325553149135537
   18   -0.836667660914067   -0.543561969668292   -0.067287519726247
   19   -0.750037497179578    0.020705631441280   -0.661071122989964
   20   -0.685180130031175   -0.430476495981983    0.587552700459743
   21   -0.956464895233564    0.279004028314409   -0.085625091942601
   22   -0.910539547167071   -0.399129492970751    0.107765397441368
   23   -0.893177984118394   -0.265094968586079   -0.363259888119439
   24   -0.828046561165468   -0.273490496089392    0.489430118700128
   25   -0.757054357166472    0.388879382740826   -0.525015738787299
   26   -0.508657244522085   -0.391311537433529    0.766904875631005
   27   -0.677735342988278    0.241891953717066   -0.694379642264592
   28   -0.851842868353593    0.401346572083587    0.336577861291972
   29   -0.795432730120780    0.150894176537650    0.586956318084768
   30   -0.672431311331013   -0.598830398575281    0.435015270173157
   31   -0.889135485176801    0.446489916978223    0.100423319185304
   32   -0.905316693991541    0.186146194723113    0.381773856845033
   33   -0.631185154780324   -0.379005137456192   -0.676727719372239
   34   -0.763091375873589    0.596463157999765    0.248843832988283
   35   -0.665470550782502   -0.231203370041605    0.709713990085188
   36   -0.539900396607101    0.839898851220399   -0.055475052610607
   37   -0.818940597319488   -0.493604973693809   -0.292729274256497
   38   -0.769813056007499    0.638269236221795   -0.000490808762741
   39   -0.624788622746087    0.264223723186481    0.734727841443702
   40   -0.618981818325396   -0.158136561568968   -0.769320698069232
   41   -0.566999255520225    0.457032913935961   -0.685297570270547
   42   -0.688320871838970   -0.677909385688680   -0.258172892043370
   43   -0.792078416065087   -0.075717605545140    0.605705066029940
   44   -0.751974940285519    0.366369257558874    0.548002971067082
   45   -0.638560161487767   -0.596668666054764   -0.486032327226436
   46   -0.672619241792167    0.713978549876162   -0.194468470163321
   47   -0.508389668673770   -0.592654097007225    0.624740799120984
   48   -0.421502361647507   -0.107739443419233   -0.900404337760147
   49   -0.678069023533367    0.565714896340204    0.469243066420057
   50   -0.783906093347565   -0.195956517786286   -0.589145380996602
   51   -0.629226907038617    0.588163261920645   -0.508072314523712
   52   -0.763493856523513   -0.411764414908706   -0.497521052484963
   53   -0.432183202170936    0.677151920900994   -0.595552647363245
   54   -0.327651836024703   -0.538243279782907    0.776491111422520
   55   -0.565106303158851    0.072003244654641   -0.821870062047122
   56   -0.317310676890165    0.947861629540771   -0.029534142544169
   57   -0.501049771845737   -0.787691702203952   -0.358456285218121
   58   -0.649999348212354    0.029565989548951    0.759359400801430
   59   -0.445748477677696   -0.701522491910665   -0.556034610425887
   60   -0.437748784127051    0.882176281431841    0.173611665720876
   61   -0.783125991498454   -0.597392040085330    0.172732254898297
   62   -0.125532312641914    0.192070277071208   -0.973319396266489
   63   -0.359811271203873    0.534806597219129   -0.764537607110042
   64   -0.469810898203994    0.123059797170700    0.874147588367698
   65   -0.313619651944075   -0.045869652837253    0.948440134569951
   66   -0.562924704287704    0.483941951391025    0.670011914063061
   67   -0.447163384501441   -0.332348655709239   -0.830415124265857
   68   -0.264413542458696    0.210190473900980    0.941225500741307
   69   -0.236065212279822   -0.871914599125778    0.428996675258232
   70   -0.473041775829088    0.301237217182169   -0.827941795843649
   71   -0.350548319891997    0.128946790434648   -0.927625247962506
   72   -0.635531589098529    0.760505484962221    0.133157825906991
   73   -0.267618873021708   -0.508938458278351   -0.818145332131062
   74   -0.254199884691901    0.370394694958955   -0.893414902813293
   75    0.419719264341299   -0.892663965547307    0.164276546573620
   76   -0.423651758076074    0.361507067866383    0.830561152331183
   77    0.018483815859606    0.008889682011912   -0.999789638926607
   78   -0.472227265014276   -0.535650059425904   -0.700057443367444
   79   -0.133772350781629    0.579074888819024   -0.804224614958776
   80   -0.251086827850047   -0.698150581892777   -0.670478314252577
   81   -0.572120146273243    0.740243361519566    0.353154787528777
   82   -0.473889095547335   -0.755850824533884    0.451794927121561
   83   -0.303811102533294   -0.730704169286090    0.611367508921949
   84   -0.366696019775233    0.841874627516284    0.395955983191718
   85   -0.013381066101331    0.401711131995960   -0.915668670153411
   86   -0.277095177763935   -0.845102357487957   -0.457187344343946
   87   -0.205716895819495   -0.056252707395920   -0.976993445057345
   88   -0.041389754845775    0.285648312591647    0.957440300858153
   89   -0.539954586492231    0.751889647948359   -0.378300147811359
   90   -0.698266807047380   -0.715611060190412   -0.018007684721044
   91    0.226484244350612    0.394841418653541   -0.890396058603469
   92   -0.336740044177341   -0.293527329008313    0.894677511605544
   93   -0.150682475083471   -0.432900577353945    0.888758618427602
   94   -0.201047253964287    0.444014836234019    0.873172850515576
   95   -0.316586100400986   -0.919493036841592   -0.233036040630466
   96   -0.525070097565231   -0.839029838508302   -0.142584440720482
   97   -0.472899380725767    0.679072343226461    0.561450735482740
   98   -0.010671339719832   -0.219990225992477   -0.975443705693139
   99   -0.395923885160070   -0.879117225824948    0.265324669824731
  100   -0.124088483777111   -0.204169333828202    0.971039098758668
  101   -0.534326946630628   -0.840733906387241    0.087528354007377
  102   -0.236667348533950   -0.289561700266547   -0.927438724594060
  103   -0.051957944107008   -0.450403367810597   -0.891312054394557
  104   -0.018482063788762   -0.937593975135221    0.347240480226950
  105   -0.623455983291743   -0.736338728054896    0.262883842151290
  106    0.046662386000626   -0.544672334292632    0.837349789507912
  107   -0.097655829738147   -0.940274231800447   -0.326109962942309
  108    0.128285110563308    0.205061400809717   -0.970305494319040
  109   -0.189583907266769   -0.963914430454420    0.186887433679195
  110   -0.210795586056675    0.732556070011145   -0.647245567917502
  111   -0.192458555554961    0.946694500095814   -0.258320010610937
  112    0.135068335364450   -0.753206334410390   -0.643767630893275
  113   -0.060383575315466   -0.818465810993559    0.571373380607443
  114   -0.413568760152092    0.878519229623543   -0.239091705853458
  115   -0.346671789275207    0.577905863067944    0.738812211561518
  116   -0.340317277045069   -0.940274603345914    0.008235365645418
  117   -0.126449035350964   -0.659803783117510    0.740722356381008
  118   -0.252142747043378    0.762499199582830    0.595834713447414
  119   -0.114231009046670    0.646187747333388    0.754581123384611
  120    0.205260205953898   -0.944281117410700    0.257296364438682
  121   -0.219019540196997    0.956648974358108    0.191971823118590
  122    0.142340362249591    0.988282508460763   -0.055108118686419
  123    0.119157890603096   -0.712402181293905    0.691581180480431
  124   -0.314026995922223    0.834438160396277   -0.452879677515497
  125    0.164448691118201   -0.355278162496790   -0.920181533852106
  126   -0.091315382084689    0.994923326681662   -0.042297458782093
  127   -0.070859757116701   -0.823936693664598   -0.562234132416747
  128   -0.084730934127315    0.878095331670865   -0.470923833862490
  129    0.078300562573374   -0.982759625395609   -0.167488926777191
  130    0.108035157660385   -0.899558963200151   -0.423228161203345
  131    0.162485571891941   -0.567372380733489   -0.807271342553272
  132   -0.132848163423884   -0.988045883975095   -0.078209312967021
  133    0.081533730859771   -0.342030266819683    0.936145046085991
  134    0.115503995231749    0.109363926260371    0.987268129090786
  135    0.434414262124539    0.309562530878062   -0.845845901059502
  136    0.018006510361714    0.758778472380256   -0.651099835230265
  137    0.219558410614189   -0.084531018445732   -0.971930353085600
  138    0.233380211665726   -0.972317936089950    0.011467692036355
  139   -0.148069904208055    0.900543155125625    0.408775401931430
  140    0.095693992851632    0.593900721757825   -0.798827010326796
  141    0.307152439108780   -0.310320501423077    0.899643576949259
  142    0.248498496122912    0.741044112951825   -0.623780506335436
  143    0.336492735954602    0.119760497813945   -0.934039646810103
  144    0.159012774879641   -0.860504792358201    0.483990123611677
  145    0.023473316789904   -0.994661163320866    0.100489669021559
  146    0.278355075667429   -0.924857317309990   -0.259147437703614
  147    0.037466971065939    0.962880960202713   -0.267313453754662
  148    0.472488403637081    0.666284808154117   -0.576904899313149
  149    0.319933095133486    0.564923129715289   -0.760594946177655
  150    0.360525741554665   -0.244950345187093   -0.900011398855138
  151    0.267078369790775   -0.525622638159032    0.807706621642191
  152    0.581730610913709    0.135684297047287   -0.801984580812341
  153    0.384591255339798   -0.835789568063713    0.391848649649364
  154    0.103906903712299   -0.121551409378935    0.987131506051204
  155   -0.050615200913166   -0.649450237714174   -0.758717661696050
  156    0.385693562035465    0.922234765636278   -0.026898201727891
  157    0.480336356598943   -0.054228232778029   -0.875406353243467
  158    0.328561991399074   -0.086533261307968    0.940509974692072
  159    0.005190107564160    0.984464104126369    0.175509231865844
  160    0.428455412746475   -0.900203489613253   -0.077843667541875
  161    0.197359751099503    0.338762437586089    0.919939747769751
  162    0.322852255320254   -0.731239333092228    0.600878905415609
  163    0.037826192605199    0.499536803682975    0.865466441243791
  164    0.354652931436650   -0.649478398476100   -0.672606205841361
  165   -0.016550340427059    0.804531266476628    0.593679650563552
  166    0.331158632415031    0.141545411663047    0.932898095514266
  167    0.133890420525665    0.667889655552152    0.732117998206497
  168    0.501837354375197   -0.363927874399464    0.784675583912734
  169    0.074240477340780    0.917979345046592    0.389618112505107
  170    0.593287361423853   -0.748851118023916    0.295350824967618
  171    0.529523858713821   -0.144504064309810    0.835896559659610
  172    0.450346280495293   -0.565234933701810    0.691156782045265
  173    0.298256868630300    0.516912204110845    0.802399285615407
  174    0.702642401580248   -0.000189922368309    0.711543125489267
  175    0.222804503052626    0.796967979151071    0.561426926346902
  176    0.311208551672016   -0.809669265456208   -0.497579056976689
  177    0.542794510652758   -0.672402841971645    0.503238052330791
  178    0.234045679766960    0.959823300736718    0.154796159982388
  179    0.296456312307784    0.884560978803028    0.360091001931315
  180    0.387202710122501    0.819513943962357   -0.422458230982725
  181    0.518761937235816    0.474920815000780   -0.710870080925015
  182    0.531012751006930   -0.671098374081095   -0.517351360850402
  183    0.152601550647021    0.875844985153856   -0.457830021646644
  184    0.559508464736985   -0.281362849212949   -0.779605813838271
  185    0.277942269884872    0.928671062669637   -0.245597540645853
  186    0.564632210326245   -0.490417994413173   -0.663837824937582
  187    0.668149016829068    0.312148946236986   -0.675381319458489
  188    0.471463176210718   -0.815849655741411   -0.334831021119493
  189    0.679100710876042   -0.082056585054629   -0.729444268835411
  190    0.605341606248832    0.700719661747340   -0.377562571482897
  191    0.692511265973768   -0.240297627585474    0.680209671113401
  192    0.507297582219199    0.836225228889778   -0.208270328282244
  193    0.465325384898776    0.862685831662886    0.198104623916051
  194    0.669480701525231    0.521767969101235   -0.528728452710138
  195    0.678747514053090   -0.655346674248325   -0.331394853186363
  196    0.468556900716644    0.764279719707352    0.443092474360449
  197    0.782077839447800    0.532760668275337   -0.323296030571793
  198    0.375550090261270   -0.458266069958802   -0.805577022282331
  199    0.729908213320707   -0.296193390273121   -0.616038534253733
  200    0.440255315151125    0.326842191576124    0.836271151772497
  201    0.637167037256391    0.720079230715779    0.274780035893594
  202    0.838818342917135   -0.101275305389436   -0.534908496945064
  203    0.769199124166535    0.110549765179220   -0.629373860912776
  204    0.647467897427792   -0.464911707269011    0.603856296021369
  205    0.809467282868968    0.330811119576235   -0.485104855808976
  206    0.599706521386102    0.799898488752470    0.022682502033402
  207    0.702556215362007    0.694291592924281   -0.156121581630721
  208    0.848275945220412    0.521554238658450   -0.091701128116403
  209    0.392576925802281    0.658505863008323    0.642069611266017
  210    0.762484749871041    0.640023687532139    0.094798130845812
  211    0.860588744947118   -0.309357407386665   -0.404580037279825
  212    0.537198286587274    0.479989796790656    0.693561674160678
  213    0.531270284922608    0.087165223423577    0.842706418738916
  214    0.806196524669509   -0.339723619712238    0.484391397343533
  215    0.616071430505834    0.603960452571832    0.505655776436622
  216    0.614364100620585   -0.785579328966451    0.073633346856435
  217    0.645135906932052    0.253609445298674    0.720750935373835
  218    0.728938657088497   -0.558960527186662    0.395236085459346
  219    0.727465752102331    0.401760616443173    0.556221166977122
  220    0.772773031342133    0.536325306839033    0.339377381795411
  221    0.945757469654909    0.322598537535433   -0.038379580142882
  222    0.864071529594929    0.318027792408680    0.390177799213564
  223    0.722975944783780   -0.491341618934900   -0.485684256247237
  224    0.806186574059635    0.160827752483777    0.569383563019698
  225    0.882201159807299    0.444009983613271    0.156768134792756
  226    0.767594533132786   -0.618650091092623    0.167543121302396
  227    0.606746461963050   -0.779769114657443   -0.154333595570336
  228    0.870807344951983   -0.418863132924519    0.257387342063153
  229    0.831788671981325   -0.494818436613418   -0.251559774111436
  230    0.936640386614583   -0.308442721907482   -0.166035759596505
  231    0.953308481826710    0.220630416751070    0.206216288594044
  232    0.834790452347785   -0.096990193210606    0.541957381248701
  233    0.902304542263630    0.335397042103002   -0.270841904363005
  234    0.894383727107076    0.116274126572522   -0.431923692538222
  235    0.919136229907104    0.064246151446205    0.388665695548896
  236    0.767774685406630   -0.636477966052869   -0.073605918090559
  237    0.919736428323514   -0.194910725569121    0.340726740178730
  238    0.887290748645979   -0.461058348473798    0.011845955844629
  239    0.942789558592593   -0.103910375565919   -0.316781442099334
  240    0.960788170151362   -0.259445108015794    0.097848495256036
  241    0.969277408858601    0.115655566649927   -0.217083151302078
  242    0.991303678030934   -0.105003574154588   -0.079317509650161
  243    0.994292235415024    0.106246449541366    0.009728440432434
  244    0.982062187794756   -0.039053513310065    0.184468648832039
   
 U =    27664.2324979398     


 http://math-lab.ru/  - см. Задача Томсона
