    110
    1   -0.017320240806983   -0.002770988257941    0.999846153606875
    2   -0.981991763618419    0.109225129553500   -0.154149431590283
    3   -0.862528862425041    0.060323962479301    0.502399224755135
    4   -0.885563407553156   -0.439676005018498    0.149874820479684
    5   -0.605379553314989    0.482341811123453   -0.633136615329023
    6   -0.846853288270378   -0.276648629672241    0.454208150351928
    7   -0.981691835520803   -0.102015853416158    0.160853677992047
    8   -0.957665555869359   -0.223490190638538   -0.181462992893265
    9   -0.950303268304905    0.232261361956945    0.207312223447921
   10   -0.806607848966012    0.554633100199523    0.204367076970556
   11   -0.872157889602541   -0.049633066784322   -0.486700292054181
   12   -0.827555177239073   -0.532941500377449   -0.176425014666971
   13   -0.847003165510843    0.303855651025264   -0.436185030640236
   14   -0.038249718692423   -0.329148681054623    0.943503102686977
   15   -0.384840810741112    0.909024335802187   -0.159913436919844
   16   -0.139062545920661    0.897721668205396   -0.418039967893724
   17   -0.716434186789365    0.629535811242982   -0.300677099829871
   18   -0.666996209025663   -0.743518607914966    0.047918021970703
   19   -0.680219374858668    0.148163370632583   -0.717878274967056
   20   -0.615774957800893   -0.450738584979086    0.646263049660399
   21   -0.895441433161477    0.434001910152660   -0.099131134168643
   22   -0.678239646282678   -0.634115430910529    0.371333546143493
   23   -0.779312604471376   -0.396304515051403   -0.485401479047925
   24   -0.647013429461637   -0.131529525440875    0.751048338013998
   25   -0.458621523293772    0.759080804769236   -0.462020162116968
   26   -0.379592888219874   -0.706738737403140    0.597017249555413
   27   -0.371197332799648    0.345125616055704   -0.862032974580786
   28   -0.635964765206871    0.771624246410874    0.012034939394149
   29   -0.629632559550082    0.203156664197806    0.749860126787945
   30   -0.410191600553620   -0.869206029387673    0.276086452603847
   31   -0.333204694141980    0.923701252572142    0.189078364173178
   32   -0.761183758743320    0.407236709722326    0.504735126259234
   33   -0.143074782599075   -0.673968645875889   -0.724772978911637
   34    0.019199228976363    0.958655182523117    0.283921874163091
   35   -0.349185068212684   -0.406874193518961    0.844110880622681
   36    0.397017706853727    0.765800152524438   -0.505892347083997
   37   -0.597993979870052   -0.730673729743539   -0.329422374318808
   38   -0.058646237553964    0.996856566390373   -0.053269173685726
   39   -0.484128731298786    0.549872838199597    0.680631495995702
   40   -0.638983509441728   -0.216984072465782   -0.737982375777157
   41   -0.264959214995408    0.646990845710070   -0.714982139606568
   42   -0.399135381538454   -0.912648465656364   -0.088112004512646
   43   -0.355651334363732   -0.063243363687530    0.932476490489055
   44   -0.566375653648971    0.728592323454875    0.385190660785445
   45   -0.091995840976308   -0.970646320059258   -0.222221705957096
   46    0.186332664790999    0.933969207831468   -0.304928937384673
   47   -0.099606227558910   -0.881936085097373    0.460724799890999
   48   -0.346099600646024   -0.393743296509123   -0.851575764619210
   49   -0.253966824636304    0.818603800382128    0.515158878390045
   50   -0.513036409401264   -0.580215158154759   -0.632569373963130
   51    0.071474162112338    0.758036359926900   -0.648284136146423
   52   -0.298884514679474   -0.832398340759040   -0.466670171734185
   53    0.348579135131768    0.545262505655338   -0.762352534249905
   54   -0.075053963099139   -0.647716731879909    0.758175400462138
   55   -0.424351462979410    0.002125153446486   -0.905495068782853
   56    0.547832412181503    0.814553314243580   -0.190742093986083
   57    0.220747182015748   -0.969648062112009   -0.105134757689986
   58   -0.342805795031962    0.284898914172976    0.895162999456280
   59    0.079151254715097   -0.865879521550359   -0.493951144382465
   60    0.372388894462498    0.868045737872847    0.328364291971254
   61   -0.097926993958648   -0.986982454979213    0.127577182197402
   62   -0.135512068286678   -0.163919219527124   -0.977121777885584
   63    0.000492518816870    0.487075064506656   -0.873359971009121
   64   -0.154817708449009    0.606539755212560    0.779833958286817
   65    0.311251584428956    0.186735308079898    0.931800609522644
   66    0.089274773038654    0.802952444903426    0.589319426221898
   67    0.044913410616139   -0.446327218986331   -0.893742020461583
   68   -0.018578443097277    0.323199260436313    0.946148550443059
   69    0.242539306302943   -0.495394736245496    0.834121538025690
   70   -0.079397336105540    0.174076790865029   -0.981526023038349
   71    0.276016014852937    0.250519189735647   -0.927930652106556
   72    0.301486087752736    0.953272516769517    0.019433158864715
   73    0.386453217436326   -0.371317949907339   -0.844261150835287
   74    0.608809109441858    0.330270584120682   -0.721299389660906
   75    0.407369673350771   -0.834215726265702   -0.371663922495949
   76    0.211039409308262    0.534816075448657    0.818189545985841
   77    0.200120812919518   -0.097454823205600   -0.974912415384273
   78    0.251045383717876   -0.668091400732436   -0.700449923678571
   79    0.668257049292938    0.575138130749174   -0.471856595406530
   80    0.567347426022569   -0.593404178138582   -0.570953920691714
   81    0.422992712720663    0.682990277575892    0.595484211144193
   82    0.485576483753101   -0.607373103015139    0.628739526481146
   83    0.204926264391042   -0.791014261165927    0.576456125646051
   84    0.644965793768220    0.751468503135677    0.138975586575322
   85    0.513466101032982    0.002517909851528   -0.858106184117075
   86    0.523267802245596   -0.852153767647098   -0.004976285554390
   87    0.670531167858742   -0.272585473489259   -0.689989211924816
   88    0.544787865312521    0.386369171174955    0.744261409300391
   89    0.806482883787576    0.575157822629988   -0.137035897578725
   90    0.227918758443029   -0.940990668179991    0.250179139713850
   91    0.860871069162797    0.305186371207422   -0.407139142195574
   92    0.309234962336254   -0.161841452457988    0.937113164103026
   93    0.608445361884357    0.042790080355809    0.792441323142955
   94    0.693004099422315    0.573883918841323    0.436351424747521
   95    0.769866450951591   -0.623025745279028    0.138363898538290
   96    0.524448112033361   -0.781655090336619    0.337593687049234
   97    0.876846453745436    0.440643275799743    0.192285725020152
   98    0.781568482537542    0.043453578823378   -0.622304180920716
   99    0.582059089222230   -0.299222821822846    0.756090549837889
  100    0.800538024370314    0.251457627692483    0.543974202524847
  101    0.748299516172991   -0.473234240425245    0.464862547194769
  102    0.703670838143897   -0.669386621038871   -0.238262257019505
  103    0.828131486164394   -0.376813421882330   -0.414981790820371
  104    0.925095067045540   -0.280721876304878    0.255723180591584
  105    0.825053590667913   -0.114182278595312    0.553397668752558
  106    0.954501139875449    0.101374771362486    0.280447374221390
  107    0.909218524422315   -0.406880931167064   -0.088145236399542
  108    0.938380374061276   -0.056874470539264   -0.340892311701947
  109    0.996817620079821   -0.078587826473700   -0.013363600882267
  110    0.963650880716786    0.253198354264784   -0.085250064465472
   
 U =    5413.66350061543     


 http://math-lab.ru/  - см. Задача Томсона
