    243
    1   -0.055714476956610   -0.005193289604492    0.998433236025592
    2   -0.998221787275584    0.042298731666970   -0.042000960795021
    3   -0.913154458014629   -0.037979591461842    0.405840469199906
    4   -0.982831269622479   -0.183689042581802    0.017350247480838
    5   -0.832695666725140    0.199324579248856   -0.516611690464358
    6   -0.835638522929823   -0.443141942366070    0.324551194592918
    7   -0.938780118096016   -0.230856257071045    0.255728915922267
    8   -0.967668082873722   -0.106936333493113   -0.228436209841054
    9   -0.981825052264892    0.000911771253225    0.189786025350191
   10   -0.960316068825394    0.227877141111338    0.160826168625212
   11   -0.891633778059054   -0.018668267308277   -0.452372304213956
   12   -0.928618042231998   -0.333242295507761   -0.163150556621574
   13   -0.951688883567046    0.127302660875745   -0.279432105222120
   14   -0.503743755021117   -0.155616782830067    0.849720922526240
   15   -0.876630489079227    0.460685364954676   -0.138881172709956
   16   -0.763599598167705    0.568340772079664   -0.306438281665346
   17   -0.879099778681932    0.338920210867657   -0.335136792648617
   18   -0.836705342844768   -0.539265612974415   -0.095481767465561
   19   -0.738607948433292    0.050224498293860   -0.672261703715371
   20   -0.699852358166938   -0.435635910508563    0.566063627380836
   21   -0.962088914955652    0.261383382749025   -0.077869422382174
   22   -0.912676099377133   -0.399636860922317    0.085514425788275
   23   -0.881952936713074   -0.260776083555778   -0.392625587129131
   24   -0.836523679243625   -0.269666018931918    0.476978377180893
   25   -0.743724009826208    0.431272635967807   -0.510762675489709
   26   -0.522548175307231   -0.400876490166631    0.752490162138195
   27   -0.669521423676343    0.277370126381671   -0.689062316651708
   28   -0.854447962699477    0.407297687783560    0.322532591477014
   29   -0.790745595457309    0.147879401358438    0.594014381912371
   30   -0.686500595510938   -0.605155561291183    0.403117450628822
   31   -0.890417668045693    0.445165713419850    0.094783247609826
   32   -0.901617609301773    0.190471082468773    0.388338065788210
   33   -0.639361213320993   -0.304985649865301   -0.705833544312643
   34   -0.762541540339696    0.614526690697372    0.202206195940926
   35   -0.673636674417608   -0.238777891914879    0.699427443851235
   36   -0.476737686133397    0.873622875226687   -0.097489745618866
   37   -0.810844565501959   -0.487587691726471   -0.323711806199266
   38   -0.770458244412304    0.636238620622415   -0.039931331628136
   39   -0.622237423318501    0.247082435762641    0.742812802097240
   40   -0.599513822835367   -0.101435239551424   -0.793910617391196
   41   -0.569485002249266    0.495268257727842   -0.656045871186139
   42   -0.682313364796374   -0.676801790900210   -0.276383443886420
   43   -0.796606165493895   -0.076796964341475    0.599600569850502
   44   -0.756782469870839    0.362684500827419    0.543820049424218
   45   -0.624526944651146   -0.606671199161723   -0.491849724522015
   46   -0.638447692526441    0.741885460335619   -0.204915855048530
   47   -0.530214544170896   -0.597465802269555    0.601587194235421
   48   -0.393033418853997   -0.089693613402060   -0.915139217484870
   49   -0.706031187990717    0.559620981686223    0.433986541774011
   50   -0.786064904923390   -0.164822695044210   -0.595764588110225
   51   -0.613418690882604    0.643141326677462   -0.458352204745898
   52   -0.743055791124375   -0.409579465737337   -0.529256792609076
   53   -0.427174076029104    0.687254375004385   -0.587540409509009
   54   -0.346358079394279   -0.549849932776870    0.760066531471803
   55   -0.544137190726763    0.115160680281561   -0.831055193946271
   56   -0.290948410182088    0.956525699438838    0.020189327020894
   57   -0.474466072697632   -0.774289469655247   -0.418757403564261
   58   -0.647839700835450    0.013452955119449    0.761657889094565
   59   -0.400490643609069   -0.675241614992689   -0.619399714048738
   60   -0.448688978754388    0.876624424148485    0.173803968109710
   61   -0.790451547017103   -0.593690985785245    0.150722809208206
   62   -0.088945653441219    0.179018667335682   -0.979816813225447
   63   -0.360792354226098    0.535343011651792   -0.763699376068607
   64   -0.460552179279865    0.087137728924762    0.883345179620289
   65   -0.292252743140010   -0.084322956947016    0.952616382946908
   66   -0.582225173542222    0.463626587592096    0.667880404392462
   67   -0.445316715852153   -0.310224105291201   -0.839913106862208
   68   -0.244085301110905    0.148063503406678    0.958383829548756
   69   -0.272998402640760   -0.875905001450981    0.397821945836011
   70   -0.467585932915080    0.331340738195755   -0.819497840480270
   71   -0.328027003495503    0.134460915320096   -0.935050023917995
   72   -0.624810460301134    0.778245347216321    0.062817738214870
   73   -0.315943140582262   -0.505266742362771   -0.803047601939717
   74   -0.245038586087560    0.350389489122111   -0.903981912009834
   75    0.369387561800216   -0.905024544479096    0.210910888950040
   76   -0.424285383534328    0.316745820796407    0.848324229482536
   77    0.068880083870446   -0.000373975904096   -0.997624876488163
   78   -0.529307416503095   -0.501386740072957   -0.684430416999298
   79   -0.134221225098234    0.546302015247331   -0.826764035786411
   80   -0.185013637488592   -0.679299534090325   -0.710156389063639
   81   -0.595632790347029    0.740339042532873    0.311640307349548
   82   -0.497383765730764   -0.759824727739814    0.418659494939028
   83   -0.333398052520953   -0.737159236180675    0.587743140401280
   84   -0.397435618438839    0.820507511386130    0.410867804719568
   85    0.004347193570420    0.395424227988504   -0.918488313386598
   86   -0.247606792346145   -0.824366780002541   -0.509028769729467
   87   -0.167265336919998   -0.053325032883280   -0.984468764325734
   88   -0.009758119868688    0.227693290316510    0.973684006565513
   89   -0.472522323201696    0.806346381891959   -0.355707979227088
   90   -0.700665135183282   -0.712273394597743   -0.041653087362164
   91    0.221744711475249    0.431193164873558   -0.874586609489925
   92   -0.339009220081700   -0.315753422492409    0.886212460352442
   93   -0.159062785142355   -0.455554616811526    0.875881853610668
   94   -0.201386024721188    0.369044727300256    0.907331063228233
   95   -0.306179895905071   -0.906993259174456   -0.289166213717401
   96   -0.519257485108481   -0.830888361437162   -0.199990487241477
   97   -0.528660495132926    0.652853279298445    0.542494863196948
   98   -0.007564225886693   -0.239776420209314   -0.970798666458881
   99   -0.413350369537226   -0.883414139782514    0.220728180429595
  100   -0.107584052197708   -0.235504155204159    0.965900338851942
  101   -0.533749825457358   -0.845024216304490    0.032329517212960
  102   -0.231773515862684   -0.287293308978170   -0.929378067290715
  103   -0.095725638742313   -0.476393989780201   -0.874005359588074
  104   -0.060088858953219   -0.944325497982796    0.323479030061060
  105   -0.630359130918612   -0.744438390591404    0.220133706372313
  106    0.027105290870208   -0.577004620388296    0.816290984427367
  107   -0.079046552248660   -0.928293578771292   -0.363349245478214
  108    0.161646589537970    0.215719231977058   -0.962982654592476
  109   -0.208643832477811   -0.967457338953087    0.143157425496486
  110   -0.198131465592826    0.708954870179217   -0.676850732725619
  111   -0.113007096913209    0.986515798428890   -0.118389085212528
  112    0.201143033799098   -0.762002980584327   -0.615542799108800
  113   -0.094906116443197   -0.833285063837122    0.544636421337790
  114   -0.297742146520937    0.922219859482727   -0.246698489984768
  115   -0.380867568615625    0.526358339450365    0.760188656629311
  116   -0.341611892341485   -0.938624844211811   -0.047798711690000
  117   -0.151832927988766   -0.678432251392786    0.718802088372366
  118   -0.327961630343745    0.709119660127413    0.624171832625484
  119   -0.156364330980819    0.567797961339865    0.808180469384911
  120    0.156629726794647   -0.955194816604346    0.251137394699442
  121   -0.232777725881023    0.937770916440448    0.257682437531356
  122    0.146816975464095    0.988903528596011   -0.022684506737721
  123    0.094926203780353   -0.741642090477710    0.664045198362056
  124   -0.272125540746328    0.830797429588415   -0.485513461258079
  125    0.127002155739953   -0.417252049134570   -0.899872868760030
  126   -0.050240427953989    0.992347631625899    0.112792186810387
  127   -0.023332005950811   -0.813943925579367   -0.580474722542473
  128   -0.093346407651895    0.918297775638204   -0.384728012284540
  129    0.088387121372587   -0.978570563903577   -0.185976794888241
  130    0.147425764769096   -0.896861684179830   -0.417018900449807
  131    0.245773476080673   -0.578986651082345   -0.777412282076681
  132   -0.132965552542107   -0.983192295489181   -0.125112237322682
  133    0.082803075137050   -0.377470642295677    0.922312075684113
  134    0.182794956837985    0.070630170854213    0.980610719255967
  135    0.400240134871165    0.274014307179410   -0.874484987806709
  136   -0.015233143619797    0.807024364244615   -0.590321630004385
  137    0.222007512803319   -0.167581829639373   -0.960535785191580
  138    0.233612635332290   -0.972279428868768    0.009891855828138
  139   -0.175193392788096    0.861754538744437    0.476115941842697
  140    0.058336344660345    0.639810147723048   -0.766315761133934
  141    0.310355867347163   -0.330189064108751    0.891433910924515
  142    0.222697940556882    0.762835819378909   -0.607031415945033
  143    0.325176269980506    0.053218752104030   -0.944154731951313
  144    0.133642972928404   -0.871349267530825    0.472112285119073
  145    0.007395898817274   -0.997803493900167    0.065829235460423
  146    0.309992755540942   -0.923122231199760   -0.227485906765475
  147    0.076898416320976    0.968631899196100   -0.236302512528078
  148    0.455300672131073    0.667052013382773   -0.589697303197990
  149    0.284556732237971    0.599274257334585   -0.748263209461837
  150    0.346927311106829   -0.335390654198496   -0.875873592411879
  151    0.247806213655518   -0.552387612504435    0.795902007803326
  152    0.551165536222777    0.102397663100645   -0.828088926548221
  153    0.353255859420588   -0.829897905893946    0.431833027428270
  154    0.135822952532926   -0.157702076017278    0.978101314172044
  155    0.031723127580087   -0.644332793183641   -0.764086968089827
  156    0.379986133591914    0.924973862205696    0.005821727763045
  157    0.463303094030780   -0.121267801546746   -0.877863522063382
  158    0.366678767635320   -0.102830983813532    0.924647213878560
  159    0.005114127407386    0.940696414452992    0.339210998548318
  160    0.450636849128256   -0.892101517050709   -0.032883331394196
  161    0.219574200551754    0.300239049311944    0.928247641376113
  162    0.318099496759946   -0.709836392182824    0.628446502491614
  163    0.039239955958149    0.450938893943151    0.891691841269017
  164    0.420798853353272   -0.672782555319852   -0.608516193929021
  165   -0.108220812021571    0.738072094795926    0.665986365272553
  166    0.405848250011015    0.127763987400618    0.904966055433292
  167    0.085371110145523    0.648496943430082    0.756414891388557
  168    0.528175529935715   -0.263719417136783    0.807144769296167
  169    0.067173394791692    0.830411815587784    0.553085844660989
  170    0.556058496429859   -0.738379069031584    0.381569520486392
  171    0.577892006263300   -0.037585604427012    0.815247294651650
  172    0.453136212175286   -0.482044559108864    0.749867065718301
  173    0.268385270288775    0.522098528948482    0.809556960788957
  174    0.756029768681598    0.028455540864728    0.653918397861189
  175    0.267532990547088    0.729816830549347    0.629121206776435
  176    0.373237056983549   -0.820076210753932   -0.433784633026264
  177    0.522457514931269   -0.626650810553936    0.578227383235988
  178    0.199404201844946    0.960578282912598    0.193719711653887
  179    0.237986974508061    0.881116376149180    0.408651601790860
  180    0.389925810314100    0.820292147210832   -0.418424014218992
  181    0.468879780780182    0.466136436144052   -0.750245675811897
  182    0.587406213232113   -0.680589699020979   -0.437894510405008
  183    0.156808678305728    0.887955221297561   -0.432373176062542
  184    0.579655906413218   -0.295679972885425   -0.759323635740877
  185    0.307401960114116    0.925731305824568   -0.220285234036100
  186    0.624809078987142   -0.503154411054035   -0.597033712157116
  187    0.622617639938793    0.306925216093457   -0.719822329580732
  188    0.529030781695665   -0.812413915065203   -0.245173535739284
  189    0.669296245159490   -0.083896592234130   -0.738243793083902
  190    0.595455426209327    0.701066451395894   -0.392350183031737
  191    0.717543646202369   -0.197586863588793    0.667900102658888
  192    0.518385604009290    0.832134405890761   -0.197049983731930
  193    0.423363257527140    0.875762101433551    0.231957526001420
  194    0.634805289932989    0.519703917346031   -0.571778000773274
  195    0.717847748584262   -0.654343602161905   -0.237758407132722
  196    0.431723958471943    0.776939747769981    0.458234712801676
  197    0.759988761955929    0.541662631812702   -0.359191696728128
  198    0.452192856632779   -0.488553465319757   -0.746215204839961
  199    0.748246408153874   -0.298564194198146   -0.592441334334158
  200    0.427164811580761    0.356340291238706    0.830994476869183
  201    0.611538914639386    0.745759581019821    0.264315726355478
  202    0.825326015944190   -0.081446678688689   -0.558751649604967
  203    0.745893748887371    0.127051905604171   -0.653835092858353
  204    0.648185921547173   -0.419032631679836    0.635819679386785
  205    0.777315345702875    0.345452176048269   -0.525779086117293
  206    0.584738135322785    0.810524940059328    0.033624911019306
  207    0.702084870146435    0.692117194145200   -0.167483207158328
  208    0.848625744034324    0.515111852170661   -0.120391554170137
  209    0.446693332168223    0.594022246465774    0.669031118633659
  210    0.755135857569001    0.652302275167285    0.065357313478394
  211    0.873975010273410   -0.290133846336538   -0.389858990697355
  212    0.592830999483443    0.419770185110286    0.687273160936711
  213    0.603409606073558    0.190810567889790    0.774266216801256
  214    0.810529765636582   -0.336474629444334    0.479402047093466
  215    0.597360904669405    0.637523596599027    0.486542509295942
  216    0.565171976956866   -0.808751757946226    0.162791985311183
  217    0.761116339235413    0.251349474498274    0.597934243724446
  218    0.709174186274198   -0.552251212297341    0.438281384544731
  219    0.727793420824311    0.462011365026794    0.506815780329427
  220    0.764651051536166    0.573790135872240    0.293383110216578
  221    0.948740796369380    0.311836843688503   -0.051465369160117
  222    0.862088297988093    0.354282505448011    0.362336408335506
  223    0.764037394673548   -0.494285327911835   -0.414643068375134
  224    0.886902864657630    0.128949459614403    0.443593671649229
  225    0.882309899131961    0.454177801171881    0.123498043775699
  226    0.726963004656576   -0.652232177760979    0.214750963103436
  227    0.658701176422872   -0.751418705551752   -0.038505702513451
  228    0.848887856206246   -0.460440813194034    0.259583638025936
  229    0.858807071493242   -0.474572039542432   -0.192955417746531
  230    0.948287639848256   -0.272980169210246   -0.161964129760172
  231    0.951519230799923    0.231872434049486    0.202104744491291
  232    0.868047189990458   -0.104412297314712    0.485378355635203
  233    0.883649078203405    0.356748736380693   -0.303141296561606
  234    0.878895865389468    0.146916620874401   -0.453825477812942
  235    0.963233779597338   -0.004901216419127    0.268619924652360
  236    0.813432885069408   -0.581550905114326    0.011202064468986
  237    0.925675307966248   -0.242504660349218    0.290373404309868
  238    0.923363845582148   -0.380273976582750    0.052829077274636
  239    0.931922967568567   -0.067382443724909   -0.356341393604300
  240    0.984342721037306   -0.157083258008284    0.079964101910646
  241    0.961574294290477    0.154764527572537   -0.226765997373989
  242    0.989241224910518   -0.056348982918308   -0.135005892692175
  243    0.995165933535918    0.091552536852883    0.035537272340273
   
 U =    27433.8583990537     


 http://math-lab.ru/  - см. Задача Томсона
