     42
    1   -0.400379973524145    0.043370136443921    0.915322297371609
    2   -0.862318785689053    0.096757772804863   -0.497035456732817
    3   -0.844866400788839    0.184602993972608    0.502118013453473
    4   -0.983682309122697   -0.179231697420037    0.015656096543254
    5   -0.532612632328038   -0.203301822578136   -0.821579060602816
    6   -0.748061799807772   -0.340946760247968    0.569349497536242
    7   -0.927102622491483    0.374775266752326   -0.004922072748167
    8   -0.750297194027784   -0.511147373606116   -0.419264216323791
    9   -0.607615024252516    0.767574029629095    0.204044336705452
   10   -0.477834832161662    0.546224244845906    0.687977432417340
   11   -0.225577806396622   -0.650915243933569   -0.724861365004502
   12   -0.735478714359116   -0.665317663062668    0.128154078910859
   13   -0.648597260427706    0.644210432510013   -0.405357265151293
   14    0.153077628726690   -0.166405913099364    0.974102823971361
   15   -0.148007786542435    0.778434395672637   -0.610027529507141
   16   -0.013250072332485   -0.129363415071677   -0.991508720296588
   17   -0.213904555493791    0.971547782387963   -0.101684549839372
   18   -0.362453454623654   -0.908801315948636   -0.206658320329492
   19   -0.406895917348076    0.332699256176023   -0.850733164620605
   20   -0.286256603430787   -0.493870652699139    0.821065731470262
   21   -0.065244642566105    0.866820335306748    0.494333534079085
   22   -0.308229463639230   -0.857476347882347    0.411981687174351
   23    0.162117067763577   -0.904415909978661   -0.394651641472844
   24    0.041100127255641    0.441512415094035    0.896313319580493
   25    0.179735552179755    0.423584004040923   -0.887846677531260
   26    0.220845411377520   -0.686206566429776    0.693071318452980
   27    0.356678354629812   -0.536249287004123   -0.764994936928434
   28    0.301342164553531    0.949899855339107    0.082964840076595
   29    0.532697600296418    0.203236184792192    0.821540211937037
   30    0.145302940017089   -0.978282099241693    0.147821479919724
   31    0.372406723213540    0.815393275588369   -0.443223463538004
   32    0.496547925581025    0.677476571978924    0.542646894417416
   33    0.654367214577201   -0.714548652330946   -0.247434379055345
   34    0.763098123695148    0.646174409144593    0.011827365707560
   35    0.677765834745875   -0.306179821181587    0.668496365249983
   36    0.525321128894076   -0.012027736791386   -0.850819043677991
   37    0.611364914401962   -0.732972533175405    0.298302207582699
   38    0.712603717934014    0.415985259765822   -0.564935575835141
   39    0.890041161134530    0.215395040703615    0.401785649229269
   40    0.837854378062833   -0.263687921167279   -0.477984017924680
   41    0.974495895191183    0.159335687631953   -0.158018634668152
   42    0.939939358831411   -0.313659315134604    0.134654505119166
   
 U =    732.078107670294     


 http://math-lab.ru/  - см. Задача Томсона
