    123
    1   -0.166609129669794   -0.044344506070433    0.985025361446112
    2   -0.994895820163218   -0.006629572556256   -0.100689402567897
    3   -0.886329757046705   -0.021964278098364    0.462533385023337
    4   -0.828207549241243   -0.535594232304970    0.164957793697248
    5   -0.742078450382830    0.414940089495207   -0.526444959712910
    6   -0.806328250842883   -0.383228370187122    0.450522772095240
    7   -0.957216942273879   -0.220930008352651    0.186884073246338
    8   -0.934522165007621   -0.331349024362166   -0.129908225927806
    9   -0.972869695517234    0.125057895440501    0.194640895836916
   10   -0.871135860019907    0.429668682090230    0.237712298836684
   11   -0.903101836997603   -0.130377393658695   -0.409156213730552
   12   -0.777159828467099   -0.611441651109970   -0.148868090284330
   13   -0.912029655114299    0.197794500781618   -0.359275999271651
   14   -0.235956774548391   -0.380687214461976    0.894092637979925
   15   -0.545923861457804    0.823635623668666   -0.153595237279438
   16   -0.291261208162800    0.883805689202162   -0.366134418422301
   17   -0.778304543899808    0.576128478411399   -0.249635761276859
   18   -0.549664687606767   -0.825317830835226   -0.129302781499830
   19   -0.750272485477854    0.109653484031007   -0.651971863637339
   20   -0.601351669256531   -0.639016155268809    0.479619143892165
   21   -0.934112559113882    0.348952321170776   -0.075272866660177
   22   -0.605619211838357   -0.773619842453433    0.186380550526636
   23   -0.780238301533329   -0.446053455175204   -0.438479769141802
   24   -0.714460533267578   -0.171040323852208    0.678447753345488
   25   -0.545885741717376    0.690196545002068   -0.475013143246457
   26   -0.343545921842488   -0.850517962828069    0.398240372755183
   27   -0.512402106573242    0.437819772388340   -0.738754308336085
   28   -0.744939258852148    0.664132553166735    0.063193769036561
   29   -0.646420658747019    0.141093454504406    0.749821958228140
   30   -0.317801031750687   -0.946069103382542    0.062894799810104
   31   -0.510069308068805    0.833618097862125    0.211920192249210
   32   -0.801836578170225    0.296792575863665    0.518625364613489
   33   -0.237803989794026   -0.503199828244880   -0.830806352462694
   34   -0.221646466483584    0.917317344556673    0.330759328320210
   35   -0.533283680770760   -0.431901262485020    0.727371854890905
   36    0.270382968265221    0.894656893863302   -0.355643209881697
   37   -0.560258343972827   -0.704075564488502   -0.436334948748118
   38   -0.279958882187550    0.959952149300830   -0.010718924247069
   39   -0.546231295247143    0.461821779689075    0.698821877088464
   40   -0.712637650311604   -0.207983201526516   -0.669992960590734
   41   -0.278935102058281    0.690664726645602   -0.667216190006876
   42   -0.287562843186018   -0.909872723202430   -0.299063937630347
   43   -0.457373719582538   -0.119889980787020    0.881155873351657
   44   -0.665266192613398    0.616477507815711    0.421160747604764
   45    0.001614231243229   -0.897298376184504   -0.441421588001930
   46   -0.010086237804074    0.976587134765908   -0.214885634737815
   47   -0.055148187160177   -0.968334718892065    0.243488294669728
   48   -0.463500857247092   -0.196382465760108   -0.864060693743901
   49   -0.389491733546067    0.735949378816955    0.553782178584881
   50   -0.529905898795984   -0.494361381707877   -0.689062089145165
   51   -0.003447991890788    0.839319502092687   -0.543627523915783
   52   -0.275861537904734   -0.749118892516737   -0.602263477872710
   53    0.329333773880250    0.718416329938269   -0.612713017863845
   54   -0.306193077940430   -0.658701937218631    0.687282734342853
   55   -0.503653212855199    0.129790536564469   -0.854100613393377
   56    0.334014854240105    0.941862994434323   -0.036444160878975
   57    0.290190709971004   -0.928774027749543   -0.230582213590763
   58   -0.366613605292405    0.226678628011280    0.902336558063248
   59    0.293821375106126   -0.793350668375278   -0.533163873981767
   60    0.091677966573334    0.904612436020094    0.416258923078857
   61   -0.018999753471845   -0.994428009695004   -0.103691575848966
   62   -0.205109089722088    0.111791620273272   -0.972333736404354
   63    0.038146329520478    0.614573863487168   -0.787936433897159
   64   -0.240787304409584    0.534354854395252    0.810238460960349
   65    0.143354906670910    0.033771853311060    0.989094956340043
   66   -0.069688183229627    0.758810076756035    0.647573026408338
   67   -0.167079129531150   -0.206473805147769   -0.964081496691496
   68   -0.045777709823458    0.303616771061271    0.951693888607911
   69    0.018908652049408   -0.583276492411614    0.812053567369591
   70   -0.225538806134712    0.422981541154692   -0.877621138515778
   71    0.082315716219162    0.301085554379197   -0.950037689677361
   72    0.044295057838853    0.993219423696963    0.107485460608049
   73    0.088500945234739   -0.396733169588574   -0.913657690188596
   74    0.340708812494159    0.470191134385592   -0.814148513622674
   75    0.565016974494965   -0.622140167477275   -0.541938585583186
   76    0.130970260758758    0.557321943743133    0.819901848893609
   77    0.118523538185227   -0.036908097993071   -0.992265067005076
   78    0.032223094473835   -0.687126014566067   -0.725823334075919
   79    0.614725305485281    0.598305964570806   -0.513948218748762
   80    0.342542317842222   -0.535848864088432   -0.771706391927924
   81    0.306717514581537    0.735572202156360    0.604034685811807
   82    0.217681804133914   -0.889283131573131    0.402231455816784
   83   -0.049585475399358   -0.818579044581062    0.572249620709507
   84    0.381424675091366    0.878627420488924    0.287278737807768
   85    0.388480976243090    0.146048590689731   -0.909808958108656
   86    0.576780687903828   -0.774790148934849   -0.258890446279313
   87    0.381804700224152   -0.215848049419328   -0.898685034062890
   88    0.313420359687730    0.293393495856528    0.903154435698734
   89    0.558652898141210    0.787559158417022   -0.260110575317305
   90    0.267305154895706   -0.959405665906489    0.089937324802937
   91    0.612883598668940    0.341706717244285   -0.712467693213344
   92    0.089949805952051   -0.290754009140696    0.952560307055569
   93    0.366373285975710   -0.415181832774938    0.832703225079022
   94    0.494390936749262    0.493826306596106    0.715341303556446
   95    0.798918245272718   -0.597618644976450   -0.067687462257591
   96    0.561482180481188   -0.825402929358511    0.058717673731851
   97    0.603442502696140    0.668881047936871    0.434114373927762
   98    0.632251366190851   -0.022064454026678   -0.774449075032250
   99    0.285693792937048   -0.692393722327705    0.662548103882599
  100    0.418524506584047   -0.089847095864363    0.903750373030806
  101    0.751878869873476   -0.602938636114749    0.266726763032641
  102    0.631607923291802   -0.342382578231787   -0.695590110164292
  103    0.845481271073720   -0.178332150004388   -0.503347856395931
  104    0.583577304497530   -0.539873743680941    0.606608498588112
  105    0.506549244107441   -0.773446030072853    0.381036877295000
  106    0.594569219103796    0.167233552697007    0.786460668149806
  107    0.793265331758167   -0.482017091001557   -0.372007577090845
  108    0.813082478609862    0.143905107263095   -0.564081734397809
  109    0.809947586437556   -0.347897435822335    0.472178230514943
  110    0.835613796255576    0.402384023782563   -0.373947430679632
  111    0.618562176733571    0.780698605237076    0.088828606290482
  112    0.947560950701444   -0.259788617990275   -0.186113187787644
  113    0.651736986099471   -0.215445136043785    0.727201687501516
  114    0.788622569768458    0.601071764337250   -0.129565337063195
  115    0.752722735233430    0.379153927783001    0.538192143113801
  116    0.927175995515156   -0.353100241586481    0.125159469206485
  117    0.808095963360008    0.043942425515110    0.587409548135804
  118    0.816529149543705    0.535655952413412    0.215297117002328
  119    0.926521622999235    0.236244681094090    0.292824406034770
  120    0.937997131819315   -0.092850789265655    0.333976214170236
  121    0.944966966214305    0.324840012785020   -0.038940966315189
  122    0.956962321322419    0.078604567885702   -0.279364345392731
  123    0.999462661286704   -0.003004905474540    0.032639841249420
   
 U =    6811.95131946878     


 http://math-lab.ru/  - см. Задача Томсона
