    278
    1    0.032198272883050   -0.008268736188047    0.999447296872227
    2   -0.983268027178495   -0.046250059971968   -0.176195682924129
    3   -0.967561947215591   -0.059906871765313    0.245428288947442
    4   -0.964408613317381   -0.259819083120574   -0.049092469948368
    5   -0.817507373343484   -0.032694223392772   -0.574989375802528
    6   -0.858141086013809   -0.396686822252511    0.325934719761864
    7   -0.949289769751851   -0.262640286891417    0.172826539472596
    8   -0.931320747630732   -0.250711674066594   -0.264169115377366
    9   -0.997866629198912   -0.055143847983498    0.034947766177165
   10   -0.986501670868184    0.156195585998221   -0.049166983728443
   11   -0.852521853759663   -0.242095515875094   -0.463245345422229
   12   -0.882155166416353   -0.444533380399273   -0.155538857124940
   13   -0.923403191160632   -0.038479416486102   -0.381897736391892
   14   -0.551556980034312   -0.027688440708820    0.833677544393841
   15   -0.863191380896333    0.354015830058695   -0.359963098128314
   16   -0.733829879112026    0.515055125386504   -0.442958154158519
   17   -0.861799303740032    0.164221527455123   -0.479930463706465
   18   -0.793033525331980   -0.608529656199704   -0.028097779716569
   19   -0.733567633584420   -0.221002769098335   -0.642679004642460
   20   -0.783875491504075   -0.291517622742550    0.548230507587619
   21   -0.948925780436392    0.163764189903850   -0.269668599077311
   22   -0.891507625166962   -0.446251453214157    0.077934554424955
   23   -0.817541009377426   -0.438917593307529   -0.372797591557760
   24   -0.896848487265170   -0.189802315737567    0.399547083371700
   25   -0.750728166697312    0.329672786558328   -0.572471024183897
   26   -0.506936314356630   -0.248556034018823    0.825369899584029
   27   -0.722588665633888    0.128557317813114   -0.679219137196631
   28   -0.935411329087901    0.340259698677568    0.096067595316304
   29   -0.912056184062952    0.069516312692730    0.404129928837414
   30   -0.731017372337155   -0.491980208296928    0.472830916909408
   31   -0.925988097389861    0.352438672194967   -0.135399504555052
   32   -0.973773374242616    0.144917618494701    0.175397546921200
   33   -0.531007251527564   -0.502403920007346   -0.682364711856053
   34   -0.853793805570608    0.520486699631580    0.011390042839476
   35   -0.686494452981218   -0.155153439221707    0.710389172442608
   36   -0.567589781043819    0.806511004942714   -0.165474588263346
   37   -0.750332289222754   -0.610832793260494   -0.252754336119725
   38   -0.820290066808162    0.527567382065269   -0.220900121495347
   39   -0.816747494016104    0.201698838622193    0.540593293999170
   40   -0.573061084413994   -0.303139803014503   -0.761385088741949
   41   -0.605178868788614    0.487986081783149   -0.628989762045189
   42   -0.642969656767795   -0.756889142222398   -0.117084784928468
   43   -0.825058308364417   -0.056021645706424    0.562263606337090
   44   -0.899052825350791    0.283892736601956    0.333330063650748
   45   -0.580464392931193   -0.741364193224237   -0.336808879847308
   46   -0.673060677954249    0.676015626006510   -0.299986995029440
   47   -0.632613693054728   -0.373296493510575    0.678564398780519
   48   -0.462458385053552   -0.142093732710495   -0.875180903138351
   49   -0.841336468072739    0.478913492981746    0.250588933775840
   50   -0.705413952410453   -0.417432263862176   -0.572836329881025
   51   -0.561762256630316    0.669462475845788   -0.486048516570150
   52   -0.657658162326278   -0.590834474064318   -0.467333249173183
   53   -0.428553089034695    0.629912106375984   -0.647729100874580
   54   -0.302448817933605   -0.328921808107267    0.894614529661804
   55   -0.645616667041617   -0.068091875571918   -0.760619889116221
   56   -0.443525617119264    0.896086549596841   -0.017717860779571
   57   -0.455859210053293   -0.867240079104113   -0.200217446305458
   58   -0.715618019453373    0.076001881868842    0.694344701273097
   59   -0.394536178362561   -0.816407860873992   -0.421686386626623
   60   -0.605562866339398    0.791934675293085    0.078314015215978
   61   -0.787191652456476   -0.574244795379004    0.224882674483758
   62   -0.390841087259947    0.237681707686034   -0.889241615277261
   63   -0.278727246353316    0.555964099236183   -0.783080482773513
   64   -0.573039894656780    0.196258549300816    0.795680753165543
   65   -0.384669493908797    0.096515277578644    0.917994652299166
   66   -0.778484975136856    0.420159235742587    0.466291068010502
   67   -0.385991779652256   -0.362431468317862   -0.848324098923190
   68   -0.401556796462369    0.304420149908963    0.863759521825539
   69   -0.362859029574485   -0.650075318061700    0.667634185391404
   70   -0.598100579200219    0.283256782444304   -0.749694132536506
   71   -0.530629516694300    0.086292114269343   -0.843199849992693
   72   -0.730123508435283    0.679381216854521   -0.073217652348479
   73   -0.335381139482417   -0.555954967406783   -0.760548200638986
   74   -0.448869014884249    0.427854004415105   -0.784511031396502
   75    0.031799394721912   -0.966007807282910    0.256549634113528
   76   -0.683443843649696    0.327105385921669    0.652615184529418
   77   -0.176646648794571    0.178239696959174   -0.968001328458566
   78   -0.477752339057750   -0.673216510274930   -0.564386598722980
   79   -0.068463796137652    0.556465314265026   -0.828045326439530
   80   -0.278439117760609   -0.721313792596704   -0.634175110131621
   81   -0.741453350893348    0.650597379556724    0.164225388302020
   82   -0.568139120221858   -0.565813793804045    0.597555596421460
   83   -0.446202735042633   -0.460547673649028    0.767332365756158
   84   -0.564791425527135    0.770657307179367    0.295123636027469
   85   -0.225315411824366    0.380840698638796   -0.896768268536934
   86   -0.250042540086594   -0.928781290546388   -0.273576392398960
   87   -0.328814402659392    0.018632205556409   -0.944210744230254
   88   -0.205941378153927    0.272302173057486    0.939914717042047
   89   -0.459825415563029    0.814299845203365   -0.354226409664869
   90   -0.677806626691494   -0.726601601822265    0.112375660364759
   91    0.139283676105495    0.534864385230433   -0.833378753618432
   92   -0.351020478018992   -0.116609106558502    0.929078543654381
   93   -0.139329557813957   -0.170412583581428    0.975472616569256
   94   -0.514125228062176    0.437835343814271    0.737546921610452
   95   -0.302105116469554   -0.951493335072569   -0.058248879091340
   96   -0.506993068562683   -0.861647161723411    0.022851632838465
   97   -0.693402764250403    0.612448830013632    0.379603789687132
   98   -0.107371751371986   -0.037869247521567   -0.993497472115286
   99   -0.480789992642891   -0.727861751114587    0.488935838570722
  100   -0.178532844431828    0.050848045138680    0.982619203844834
  101   -0.536353930125922   -0.807044033936369    0.246990665666115
  102   -0.253442692369726   -0.200466417978647   -0.946350895253550
  103   -0.177370219122307   -0.409500725280593   -0.894901648988967
  104   -0.252706174267751   -0.803935894157658    0.538355521539330
  105   -0.651622673514834   -0.663506421113972    0.367623612546729
  106   -0.025216446893605   -0.575721117497200    0.817257196770905
  107   -0.031163497921237   -0.950437130087726   -0.309351092042554
  108   -0.011436860776605    0.360511828748272   -0.932684523055976
  109   -0.365190336518352   -0.856925900376622    0.363749940724847
  110   -0.186746246817909    0.713853078191480   -0.674936754115505
  111   -0.116997219630552    0.978490881752863   -0.169903634231951
  112   -0.059678159966611   -0.749042507499464   -0.659828643802249
  113   -0.239480096632485   -0.530569969986995    0.813108104906657
  114   -0.336497288132610    0.919989085080343   -0.200971785115306
  115   -0.615621756600137    0.541270152111583    0.572744685906090
  116   -0.343347906593846   -0.925881688343790    0.157655682508680
  117   -0.087354428997439   -0.382661628818808    0.919749575462945
  118   -0.496610138600015    0.713536236433544    0.494210895808589
  119   -0.406534843166058    0.618573637528806    0.672380901161187
  120   -0.167583300249186   -0.929494163748071    0.328567248878924
  121   -0.406988382297011    0.892904307999641    0.192567789183302
  122   -0.036007389543817    0.998093862224059    0.050120954588874
  123    0.068531388051213   -0.762546393106972    0.643293437873667
  124   -0.331150962430921    0.784450037365368   -0.524382664624364
  125   -0.029293043755188   -0.254710841192006   -0.966573486583828
  126   -0.244439760170071    0.969488344574818    0.018481162884842
  127   -0.193225024794740   -0.855904266937117   -0.479679033971581
  128   -0.218362998448107    0.901221938674262   -0.374321543810874
  129    0.148369881241416   -0.973828143146881   -0.172177600039915
  130    0.019857406733280   -0.866417089323511   -0.498925957157978
  131    0.044278275168879   -0.462649635609470   -0.885434779652626
  132   -0.082922205445872   -0.990914732662131   -0.105886261795990
  133    0.136331358975361   -0.431832295449163    0.891591066109928
  134   -0.004815389539966    0.220394667995584    0.975398893962206
  135    0.197850972499975    0.330203882881567   -0.922941161944113
  136   -0.083701003418109    0.840309643814977   -0.535606053493001
  137    0.111586838969245   -0.078961815982454   -0.990612643259516
  138    0.092457855364649   -0.994871664446647    0.041011172411033
  139   -0.349160253997592    0.851146261052660    0.391965762949283
  140    0.035139936006510    0.713070740036653   -0.700210900087280
  141    0.244141212607184   -0.079414134212283    0.966482521101136
  142    0.134292494938923    0.836378200597000   -0.531448051430432
  143    0.036935583196332    0.146307244102381   -0.988549418601373
  144   -0.138146659710322   -0.709876379013136    0.690645369875220
  145   -0.134863344661376   -0.985136594964434    0.106384996727111
  146    0.362622361597444   -0.901047584523997   -0.237945946157866
  147    0.105523523030181    0.984363885631619   -0.141040869082402
  148    0.341831380608504    0.794169471373547   -0.502440203377023
  149    0.246307029157984    0.685025899112372   -0.685618235560180
  150    0.188853799582619   -0.301060552054194   -0.934717490143429
  151    0.175540731815162   -0.621119219517851    0.763803879683347
  152    0.399411405522571    0.287781026445666   -0.870432426990380
  153   -0.044932052711970   -0.866835290690192    0.496565896385504
  154    0.078416839791678   -0.230559219573036    0.969893419663707
  155   -0.120976818779924   -0.594845085738343   -0.794684801220479
  156    0.172867797735313    0.981842719144545    0.078112734998781
  157    0.320195876063136   -0.121852535022489   -0.939482070430699
  158    0.197980581559126    0.151045716646648    0.968498260611866
  159   -0.193960556627186    0.952409596886577    0.235149446589226
  160    0.312839335897576   -0.949632882042629   -0.018136682678299
  161   -0.084365667096352    0.451343967907512    0.888353002386377
  162    0.266003034697134   -0.788294741342592    0.554827708665971
  163   -0.291732879128433    0.484754513043686    0.824563514423973
  164    0.186066999475874   -0.780345746536876   -0.597025617178904
  165   -0.272740038288145    0.770484838339394    0.576164894282617
  166    0.120253196352664    0.392628931579326    0.911801343963609
  167   -0.183095179035894    0.646624350856426    0.740508679417952
  168    0.349614834411732   -0.472264072477713    0.809157656706048
  169   -0.126765987787705    0.890008613205539    0.437966953959040
  170    0.487462889357028   -0.715739590586598    0.500096760604013
  171    0.305051496933376   -0.282905408988905    0.909344881650261
  172    0.365887819548795   -0.644293302687213    0.671574451284615
  173    0.022872471748978    0.614204985596836    0.788814988260290
  174    0.468028476255862   -0.145286958997299    0.871688616972215
  175   -0.047861993969717    0.781215466053314    0.622423991449836
  176    0.198001231191035   -0.903590642919936   -0.379894014791456
  177    0.542261179199365   -0.529757031038749    0.652158187557531
  178    0.023060357805771    0.962984218326829    0.268569572273807
  179    0.094140281919116    0.876612589749533    0.471898267439928
  180    0.219350229804833    0.917623708199142   -0.331439597567072
  181    0.341383053310549    0.494670106339524   -0.799224059201430
  182    0.371574341387423   -0.802346447320401   -0.467089592364070
  183    0.006491563926139    0.936391824401068   -0.350896296350692
  184    0.262080860452439   -0.503508237570417   -0.823281894179170
  185    0.321731721996931    0.939927615063871   -0.114126147316175
  186    0.340442788109719   -0.659702511891407   -0.669993510288159
  187    0.535617884055039    0.437376280573633   -0.722367961271800
  188    0.533720958786233   -0.785418690409268   -0.313463584660315
  189    0.243316098724475    0.110282730230617   -0.963657094362088
  190    0.420794739966766    0.857490764205318   -0.296042861962387
  191    0.520013983955946   -0.343619875856580    0.781991583974261
  192    0.531323129151370    0.843995496303986   -0.073262095570525
  193    0.236032985287130    0.925782412825155    0.295322457595219
  194    0.448231243921282    0.627223293851922   -0.636929895374936
  195    0.523647004349305   -0.665299411773835   -0.532137677231548
  196    0.303195622583480    0.814118221492748    0.495261482329991
  197    0.539100338816520    0.710761464203009   -0.451872731741924
  198    0.109335051682587   -0.642798633722211   -0.758192431351319
  199    0.396647233192032   -0.339715915355595   -0.852797789194611
  200    0.223575159531951    0.552206839340258    0.803169816804706
  201    0.437682495989619    0.842695611975937    0.313525339104830
  202    0.515718608164904   -0.164097783657231   -0.840896090246137
  203    0.437041309012846    0.067208852731728   -0.896926900215856
  204    0.690548607660305   -0.387402569373238    0.610787908935195
  205    0.643677553701479    0.534149482094321   -0.548054319971340
  206    0.374062541713104    0.921938890929076    0.100528087018494
  207    0.718047620065889    0.691486654595158    0.079081109213947
  208    0.560564411973000    0.817701272247877    0.130889913261363
  209    0.162834338093360    0.736221418592712    0.656858433106428
  210    0.708320283369987    0.552727751677440    0.439060825731770
  211    0.605903936618813   -0.332172806051013   -0.722870421659388
  212    0.369082464911349    0.659373244922981    0.654984776903022
  213    0.396671053689474    0.064453976445122    0.915695233189129
  214    0.800877584382616   -0.429353846884579    0.417433071280749
  215    0.509693347390216    0.715424069997732    0.477892343205074
  216    0.155233659698503   -0.896619011297057    0.414700927750708
  217    0.319687119623012    0.314490928336035    0.893809600273728
  218    0.661623070557120   -0.587774461883071    0.465592197598537
  219    0.416679884766252    0.470308366593832    0.777938245584458
  220    0.566720138928908    0.555885147860059    0.608128264859478
  221    0.604235199223169    0.757546655470355   -0.247028113390796
  222    0.595017288810104    0.371415304571664    0.712744763254709
  223    0.478606390273944   -0.507293385638466   -0.716651480202482
  224    0.508140666051110    0.221781994493640    0.832229421748328
  225    0.852088686687890    0.370304913481168    0.369890715036497
  226    0.377418551273219   -0.853269295007674    0.359842670276791
  227    0.511069052378259   -0.855803534186941   -0.080054572476087
  228    0.579170064710823   -0.756700877347955    0.303258665768510
  229    0.673843111995497   -0.724577940275258   -0.144645320984429
  230    0.678800651750777   -0.634668622436784   -0.369358111968474
  231    0.742884948523130    0.371392317245272    0.556946765812472
  232    0.660731443821476   -0.188542126039820    0.726557517237260
  233    0.722079354171835    0.598131531008367   -0.347620594747166
  234    0.587536731244653    0.232667683240997   -0.775026669614418
  235    0.601101282800969    0.014247505532716    0.799045841238864
  236    0.249701638906780   -0.947180551238397    0.201241384618061
  237    0.742397149210070   -0.617799500866259    0.259172239204284
  238    0.456346682423885   -0.877831307857169    0.145464429969962
  239    0.713563006388843   -0.139363506145619   -0.686589869622409
  240    0.637727884478134   -0.765323671255855    0.087079409589780
  241    0.714381446159385    0.332146526587662   -0.615904078780923
  242    0.654794782092806   -0.497058482500731   -0.569365136198297
  243    0.642464508525002    0.704706436400925    0.301045169004313
  244    0.783574805200644   -0.620152348436013    0.037703970401934
  245    0.773252003698090   -0.300303153411834   -0.558479502603092
  246    0.613615236561429    0.018891770500138   -0.789379150007797
  247    0.842094052542635    0.174537790677685    0.510307913222668
  248    0.701708196607716    0.178955119786130    0.689623572621962
  249    0.808432713847246   -0.219514069500826    0.546122807134772
  250    0.803507821412162    0.547362993790784    0.234027635030289
  251    0.796959817007364   -0.451539379847249   -0.401207226408935
  252    0.805949011607158   -0.560178976232531   -0.191430680081638
  253    0.868724160660624   -0.448906434574225    0.209287710299367
  254    0.856337482529217    0.516170239373319    0.015949921655396
  255    0.740595379865395    0.660738918384234   -0.122239785072062
  256    0.774130461775672   -0.017904746040168    0.632772825127804
  257    0.752123432913804    0.107488287315026   -0.650197362154013
  258    0.854319271217066    0.476980346899497   -0.206466296278055
  259    0.893168325333707   -0.213858410877761   -0.395619669275203
  260    0.896837969141507   -0.030281849132367    0.441321500404480
  261    0.945059657551217    0.321119878418355   -0.061190418806841
  262    0.901957228825034   -0.361797476187371   -0.235745081803870
  263    0.903716989147495   -0.242911011268960    0.352547648028573
  264    0.845562824636638   -0.053645136963641   -0.531173897017411
  265    0.933110580947881    0.047041009334843   -0.356499350860372
  266    0.969810765046223   -0.107737540071190   -0.218768604831380
  267    0.919964568021847    0.356529967383622    0.162946543203007
  268    0.936043286457926    0.167414991212375    0.309507975009379
  269    0.806747880331885    0.411240589590253   -0.424310069469806
  270    0.851885277382964    0.199548523535276   -0.484222945483836
  271    0.920398880842313    0.272020373134380   -0.280839485728148
  272    0.894416939775612   -0.447122891968546   -0.009972829092703
  273    0.955814604797222   -0.253748248437984    0.148425966970022
  274    0.971060209709871   -0.042352175098074    0.235049701941279
  275    0.984170908507464    0.110406139544200   -0.138629387932496
  276    0.965782483223897   -0.251500602744014   -0.063337523769728
  277    0.983653749435624    0.154568445617091    0.092379093093377
  278    0.998605119373959   -0.050343562601367    0.015916697670170
   
 U =    36083.3752170667     


 http://math-lab.ru/  - см. Задача Томсона
