    147
    1   -0.284790688802636    0.070157380047616    0.956018935793729
    2   -0.983152358315231   -0.127014853066196   -0.131448345138963
    3   -0.896789914169758   -0.089839737337533    0.433239738988152
    4   -0.907092141617368   -0.418848335910181   -0.041832022677472
    5   -0.849362400181954    0.322552663299087   -0.417783786851305
    6   -0.797130990784186   -0.567812696796646    0.205355605932593
    7   -0.946803905230411   -0.258601160388470    0.191540608974127
    8   -0.887117766106644   -0.288120592419294   -0.360567044087383
    9   -0.993279510740246    0.034531916990012    0.110468820273474
   10   -0.926192723006487    0.362786633102944    0.102727302561968
   11   -0.767379909364036   -0.176573020767013   -0.616400878521159
   12   -0.786673528860337   -0.560009928976963   -0.259872350275364
   13   -0.911667870692677    0.019045729717035   -0.410486240605244
   14   -0.483238721934679   -0.152046424438445    0.862184564022357
   15   -0.669071874440903    0.738774168175999   -0.080966383567487
   16   -0.506749083217156    0.802303009115378   -0.315460375044127
   17   -0.853986673503577    0.498720904114286   -0.148270770139376
   18   -0.440021128495712   -0.892227797869121   -0.101542913031783
   19   -0.746906977099767    0.142611405421262   -0.649455121315907
   20   -0.620734798370721   -0.641815982121427    0.450289412694957
   21   -0.967709977916063    0.195481628726989   -0.159136204152090
   22   -0.694026551487492   -0.719096006781018   -0.035043956140443
   23   -0.696760978033245   -0.486785143910774   -0.526843774906683
   24   -0.809088819486637   -0.382156373238112    0.446465887358948
   25   -0.704540143703841    0.591103473586370   -0.392708377073750
   26   -0.380979789116016   -0.649198906503988    0.658327562904017
   27   -0.635190968420058    0.430664262101010   -0.641140177329873
   28   -0.768542844899676    0.617846783937461    0.166154287129913
   29   -0.777484641332267    0.166163806840844    0.606553560527506
   30   -0.551396575589377   -0.809673521072287    0.200974141875795
   31   -0.520989964873541    0.835150934118678    0.176330297288261
   32   -0.918911274192680    0.192011536280249    0.344577480542306
   33   -0.263359215614249   -0.520193033571389   -0.812429154680483
   34   -0.334316663892468    0.841535962484767    0.424322509523884
   35   -0.613435723203961   -0.417858775158910    0.670142266626967
   36    0.248766662569293    0.954500298267653   -0.164451598353732
   37   -0.567514939699757   -0.748981991586176   -0.341983580742098
   38   -0.375920511397129    0.923514724107280   -0.076186110728769
   39   -0.615185925451630    0.424361759510253    0.664427102240407
   40   -0.576122024402889   -0.052290201885043   -0.815689369665155
   41   -0.446146783234892    0.684901652178105   -0.576075320294891
   42   -0.145030416098868   -0.976913564267028   -0.156863209062164
   43   -0.724366510685387   -0.136550852652311    0.675756629887865
   44   -0.791666583496387    0.446541519532178    0.416970852589305
   45   -0.297065630501015   -0.867492584420653   -0.399009557717870
   46   -0.066992565278733    0.990491781679574   -0.120158339796278
   47   -0.355676410757838   -0.830102644351456    0.429446027657891
   48   -0.348692620951825   -0.239120539034471   -0.906220074764188
   49   -0.598744690827631    0.675811822955096    0.429864135698518
   50   -0.549957509818160   -0.375615244037827   -0.745962415836758
   51   -0.233583639918966    0.899618318872006   -0.368951979954184
   52   -0.448114598684458   -0.656732822588486   -0.606543738060848
   53    0.062453407032354    0.913544455640707   -0.401915537791431
   54   -0.362238138871182   -0.416715828587728    0.833745434141373
   55   -0.492479758680291    0.239318258883445   -0.836773839370710
   56    0.112074402067561    0.985757678302707    0.125383922687299
   57    0.189965090196872   -0.968649082052628   -0.160100656916501
   58   -0.569469406264179    0.128958958930853    0.811833839058581
   59    0.014522998013099   -0.910233985298719   -0.413839551681474
   60   -0.025201526298487    0.916452725463761    0.399348575886119
   61   -0.273734852244410   -0.950769185143904    0.145283127883204
   62   -0.287764356727720    0.037027475896856   -0.956985183284354
   63   -0.158187829688812    0.764503253280375   -0.624909102399754
   64   -0.379588697724520    0.354416233954249    0.854576827248135
   65    0.031106902400443   -0.002140056079367    0.999513772182768
   66   -0.402520074046295    0.636021726931088    0.658372199338157
   67   -0.069995214662798   -0.285578375116647   -0.955795826309178
   68   -0.069275417855166    0.286934417850097    0.955442073772146
   69   -0.090227028200581   -0.521805768321648    0.848279331074585
   70   -0.355495060148069    0.506171757945011   -0.785756586780651
   71   -0.174499979187884    0.303279207818488   -0.936787851847161
   72   -0.209816120107792    0.963720491136624    0.164984880235422
   73    0.040606098651395   -0.542349686646744   -0.839170996964559
   74   -0.061629880912431    0.563428853532829   -0.823862661361347
   75    0.620972300989248   -0.671189890568246   -0.404842601764074
   76   -0.159740168830830    0.546956235271262    0.821779748570008
   77    0.008622629085145    0.008107869914107   -0.999929953903330
   78   -0.154089000271454   -0.750036481227198   -0.643196592671065
   79    0.150634569423829    0.755145123765933   -0.638016511186843
   80    0.141912704849259   -0.749649549791953   -0.646441286350964
   81   -0.109784869931356    0.764654651019864    0.635020115435602
   82   -0.076140367709220   -0.915959275575419    0.393981281144749
   83   -0.096559252073677   -0.751149899558860    0.653031499417668
   84    0.263743292959449    0.882395225160948    0.389638476067323
   85    0.124452542248704    0.281131359675411   -0.951565406756093
   86    0.328201427952832   -0.856782259396256   -0.397753670848641
   87    0.216411267038828   -0.234704433243374   -0.947670824978038
   88    0.234526670190526    0.230823866598875    0.944307991906078
   89    0.369346058612763    0.826782723041123   -0.424280352912933
   90    0.025137292792316   -0.995715805291435    0.088983996335874
   91    0.227556918305270    0.526920101508882   -0.818885251764420
   92   -0.171336373377179   -0.219774076171705    0.960387006680551
   93    0.124780101561889   -0.310211108702763    0.942443098702308
   94    0.128292592853018    0.522457929644164    0.842958315915433
   95    0.526122605585651   -0.833443906645593   -0.169015556583105
   96    0.381485213282974   -0.921788694326728    0.069098734126395
   97    0.184697657801094    0.739896145164394    0.646869746992128
   98    0.327339029338109    0.044667859637647   -0.943850593148818
   99    0.190777753234732   -0.798204749740305    0.571378181559924
  100    0.323131310033404   -0.072955441323544    0.943537842408763
  101    0.649602737197775   -0.752224538798566    0.110338239311868
  102    0.330241479218647   -0.473967269092235   -0.816269314156014
  103    0.506521533293345   -0.210753437033396   -0.836073516557467
  104    0.189252461462815   -0.587586311130014    0.786718394854784
  105    0.209481342912619   -0.928225829086071    0.307431906589088
  106    0.520019760723098    0.167891520977684    0.837491424219551
  107    0.419446063818311   -0.666815149477923   -0.615972853276880
  108    0.435557260161384    0.319084171668684   -0.841709667588069
  109    0.471843128134059   -0.802968670886540    0.364150210774854
  110    0.449960907897282    0.616503269270141   -0.646110594514192
  111    0.408356995057158    0.908561670991152    0.088092307233113
  112    0.804470727910969   -0.429566219219319   -0.410243477998146
  113    0.405665916674074   -0.378270376899607    0.832073726306276
  114    0.547728556451485    0.818903346758305   -0.171437268747547
  115    0.403474742548698    0.450378361620827    0.796471884945728
  116    0.692946145610454   -0.606211321386040    0.390299209718655
  117    0.580529984937079   -0.129657522244329    0.803849403504423
  118    0.463885136458192    0.658202068064062    0.592942339329346
  119    0.656211024080997    0.404494559060659    0.637001761037512
  120    0.449806425769173   -0.639884685569929    0.623074448609341
  121    0.529393858827888    0.780513139848906    0.332477639486507
  122    0.687365581573521    0.720656102461971    0.090461811016677
  123    0.644337228564685   -0.420434175408110    0.638799373852607
  124    0.635084702227981    0.649989555166724   -0.417349972050029
  125    0.602859282093139    0.073514505712807   -0.794453462100800
  126    0.724393193442876    0.565978632325879    0.393602196442245
  127    0.616487471505560   -0.439405952683224   -0.653349528371475
  128    0.789481973006488    0.593989226796888   -0.154580117566970
  129    0.771625376684909   -0.618756761802423   -0.147425736490111
  130    0.751762616618919   -0.172175910649076   -0.636559835401542
  131    0.911350457164331   -0.153471723854047   -0.381951272027769
  132    0.851228315039610   -0.509979095896426    0.123821150953667
  133    0.786478992842479   -0.161557685939784    0.596112328283237
  134    0.755343910372292    0.125723409081247    0.643155658820230
  135    0.653038441546618    0.389123862752119   -0.649710253343161
  136    0.869878617067835    0.471020320088658    0.146461768498572
  137    0.802013061038635    0.125559760884107   -0.583960440757904
  138    0.929159581121923   -0.345224600347196   -0.132221209056833
  139    0.866430937307217    0.290826838724430    0.405853644500690
  140    0.819983076905314    0.408044974596899   -0.401406343117682
  141    0.925170546240207   -0.012898746207678    0.379332417169779
  142    0.939266798319911    0.326981082422416   -0.104217336905763
  143    0.935638782918858    0.136522360759886   -0.325486885927322
  144    0.854437076411463   -0.351610522262963    0.382501402726053
  145    0.968060754391721   -0.203819002837624    0.146000650302690
  146    0.995296895307422   -0.033538473146767   -0.090880476508380
  147    0.977323646683569    0.157441412112830    0.141600463929499
   
 U =    9820.98009100040     


 http://math-lab.ru/  - см. Задача Томсона
