     70
    1   -0.157253338230275    0.122019098575863    0.979991187306380
    2   -0.972668300536323    0.124677609920766   -0.195887392948668
    3   -0.831758786177029    0.078051045592612    0.549622921555511
    4   -0.792675706114886   -0.349875640622924    0.499251701082696
    5   -0.471255593538198    0.007061243761235   -0.881968425962917
    6   -0.527323521584977   -0.044916513653138    0.848476523178141
    7   -0.976559473893076   -0.156702750722345    0.147566398159370
    8   -0.906385607283552   -0.310735654373597   -0.286196582806713
    9   -0.935226254775140    0.290255292354818    0.202740518000925
   10   -0.697162783078344    0.597484182659268    0.396202858851932
   11   -0.640313202602891   -0.388394366298084   -0.662683045505420
   12   -0.820688493409182   -0.563292718867800    0.095769043308832
   13   -0.791385453158691    0.427183299607673   -0.437291085051038
   14    0.255106098706528   -0.078969832107469    0.963682854480484
   15   -0.202595945828799    0.718461032789677   -0.665408616638322
   16   -0.109194145838030    0.370033370055589   -0.922578963319675
   17   -0.518555575696223    0.768092129704205   -0.375678845825550
   18   -0.500053461133671   -0.865400127589694    0.032080448500254
   19   -0.799959417736607    0.014037989147787   -0.599889877256814
   20   -0.466922953052548   -0.448167983461203    0.762317791024850
   21   -0.790267424960874    0.610857163060523   -0.048279637357359
   22   -0.531048858513212   -0.725764798785318    0.437324326691212
   23   -0.661284051177622   -0.677197410112761   -0.322656274376745
   24   -0.568644738404965    0.374624729436867    0.732324705017319
   25   -0.514605165856199    0.415583021889359   -0.749981516566523
   26   -0.124464816114540   -0.712954372740019    0.690075772607950
   27   -0.048077730339310   -0.036262820491592   -0.998185122958369
   28   -0.469006241107485    0.878435570949657    0.091564695666934
   29   -0.197822840013156    0.531460566699467    0.823659996608194
   30   -0.154946407930265   -0.943154512747679    0.294025807971335
   31   -0.166996497653390    0.962548839934410   -0.213569427850576
   32   -0.328714942446932    0.796420422186097    0.507603189250253
   33    0.185151631074514   -0.884060292927995   -0.429134328594806
   34    0.271656764418916    0.957156163475927   -0.100273032593462
   35   -0.099645797311116   -0.321684801022974    0.941588871997244
   36    0.263910875337878    0.545627975604239   -0.795387428940397
   37   -0.206080438472474   -0.947104323691697   -0.246016773662868
   38    0.155860786292821    0.852944390986578   -0.498190005099179
   39    0.117989222442217    0.772944631767819    0.623406079220272
   40   -0.258206418667036   -0.393319520108037   -0.882399682944825
   41    0.352213560501582    0.141839345234313   -0.925109295133445
   42    0.152217217363824   -0.988346321598068    0.001211330501397
   43    0.202181992521399    0.392487740769361    0.897260171436267
   44   -0.032539575956706    0.972568606286026    0.230329073421950
   45    0.509199028929996   -0.845310783791058    0.161759165871047
   46    0.652792247296056    0.755175678852938   -0.059766009898339
   47    0.235263704308660   -0.839196417103665    0.490306397016538
   48    0.273659321064411   -0.304151200175508   -0.912470615102954
   49    0.411770806403783    0.857292130231722    0.309022663305356
   50   -0.327325643740227   -0.736157880158288   -0.592393026993821
   51    0.668615502641799    0.311624043680444   -0.675162028721479
   52    0.065427353202589   -0.650591892404154   -0.756603893058241
   53    0.551674456293216    0.686134600346578   -0.474209452120924
   54    0.285001908261368   -0.518549120830538    0.806151798095902
   55    0.658477025357124   -0.151642703801510   -0.737165176511073
   56    0.862835271901467    0.432842014874919   -0.261080607709079
   57    0.630803428513005   -0.593433030757270    0.499924266846969
   58    0.568057451478729    0.182943290567825    0.802397958780871
   59    0.569292388915282   -0.780213603668181   -0.259177368946907
   60    0.788036688618895    0.548541718326647    0.279464059667459
   61    0.822682371476908   -0.565116796841355    0.061941275325074
   62    0.497962621143670   -0.579077777604042   -0.645524713259601
   63    0.906667365061484    0.032357796585077   -0.420603449977083
   64    0.529439734225705    0.573103171051106    0.625496861026641
   65    0.631762153572532   -0.235278044611275    0.738593814648682
   66    0.974820642041171    0.208229841013322    0.079781258212725
   67    0.818416741792106   -0.420307601134356   -0.391836135626969
   68    0.851423981525541    0.166832547038735    0.497236467821663
   69    0.895438367495256   -0.239730299862844    0.375125996626602
   70    0.981751609504673   -0.182712187779624   -0.052726024615633
   
 U =    2127.11628083698     


 http://math-lab.ru/  - см. Задача Томсона
