    135
    1   -0.166483404617244    0.090725663436848    0.981861563552110
    2   -0.978728406385312   -0.155166023729986   -0.134217031759358
    3   -0.905905484682670    0.040017907757187    0.421584890479478
    4   -0.907854948850577   -0.419239169486095   -0.006157159744929
    5   -0.864939081890308    0.301877173426697   -0.400937098286824
    6   -0.900287607441858   -0.325050471877509    0.289524462902228
    7   -0.987240644404966   -0.055154646813079    0.149378294841630
    8   -0.864683090445024   -0.367726640653202   -0.342199168398103
    9   -0.946738348151392    0.271169207673721    0.173648383088298
   10   -0.802977532274666    0.563826478852077    0.193201408916593
   11   -0.754795515181849   -0.235186217763175   -0.612348898288892
   12   -0.754228941394953   -0.632177811225205   -0.177453991098419
   13   -0.913543621745704   -0.027987581098423   -0.405776719972944
   14   -0.349365517659942   -0.180048873764293    0.919524952421853
   15   -0.700792669313698    0.708887635943463   -0.079799462671559
   16   -0.480773861457214    0.806381621790158   -0.344391019305955
   17   -0.883560059795353    0.455604653899056   -0.108379057386349
   18   -0.579330380235854   -0.814849302947754    0.019922952124134
   19   -0.762667564034841    0.094782091581066   -0.639808207109505
   20   -0.696938500780824   -0.532023876936805    0.480861019940803
   21   -0.978822305553088    0.160350132252070   -0.127258513422408
   22   -0.764257148869911   -0.618015994085475    0.184302038664193
   23   -0.668325895777625   -0.546556636041249   -0.504595224543701
   24   -0.799359953899722   -0.229760635267813    0.555187999314436
   25   -0.714162178218857    0.591720925455112   -0.373950169916050
   26   -0.415902019279827   -0.666490905376903    0.618720763680062
   27   -0.655707396631006    0.421558425855172   -0.626367546727876
   28   -0.565556228856311    0.795300501589716    0.218273370279047
   29   -0.738975473228617    0.140012479431807    0.659023334617144
   30   -0.525998756099501   -0.782083082150222    0.334172651777771
   31   -0.330373973299084    0.846876670488548    0.416716861608463
   32   -0.813683631290148    0.367486038397349    0.450414209093697
   33   -0.227324068934235   -0.503016045292606   -0.833845684681146
   34   -0.065685526569980    0.808300067815130    0.585095216156551
   35   -0.539954284607090   -0.411500560574149    0.734245639538708
   36    0.099760226793128    0.942230465127970   -0.319764988288138
   37   -0.527964677911458   -0.780787214635513   -0.334102715253210
   38   -0.449133832620197    0.892032063611266   -0.050572699011616
   39   -0.580205064912749    0.407895149404591    0.704970658780774
   40   -0.548020783032562   -0.108568890076373   -0.829388942217077
   41   -0.441853566252929    0.654544443653293   -0.613463118102605
   42   -0.337628508372399   -0.932082307497857   -0.131261427630890
   43   -0.622529986536874   -0.120738880866749    0.773226059124655
   44   -0.622243853660013    0.626511405995900    0.469357054638979
   45   -0.216206449247129   -0.883675771272440   -0.415176953322325
   46   -0.186213253508303    0.962119344781773   -0.199125564944696
   47   -0.232449867050711   -0.864261839464800    0.446114931551307
   48   -0.265871457382008   -0.213286722180053   -0.940117621519380
   49   -0.372242679712619    0.650390404401228    0.662138738681838
   50   -0.514288918714397   -0.408849135010376   -0.753889443412523
   51   -0.199033636459363    0.845794197568016   -0.494992714005003
   52   -0.393016837987519   -0.683896528506420   -0.614673330603468
   53    0.094883449942202    0.795268729894378   -0.598786087162393
   54   -0.240893454604306   -0.473219243955782    0.847368804404978
   55   -0.538498418747721    0.203351277101533   -0.817721047244951
   56    0.069700009778658    0.997551490526346    0.005738674543929
   57   -0.032758310453860   -0.987708452818314   -0.152836204243175
   58   -0.471757347174989    0.133401947627292    0.871578410560784
   59    0.118234613452403   -0.894405719758430   -0.431345551321867
   60    0.024552263542889    0.945370039763087    0.325073336761507
   61   -0.277898327071125   -0.946900805775582    0.161713894989341
   62   -0.284310764499822    0.098099859155416   -0.953700061247358
   63   -0.131318178090126    0.643747660038097   -0.753886255544273
   64   -0.297207381500496    0.382141947107923    0.875005888347149
   65    0.157971440469922    0.056875267803781    0.985804355796882
   66   -0.091989404911736    0.594794782530165    0.798596967223692
   67    0.044628257030422   -0.278944880145504   -0.959269551541712
   68    0.037567239317630    0.343139128851587    0.938533025940497
   69    0.082342349136111   -0.497005397593514    0.863831796301606
   70   -0.348918337298579    0.438449761067460   -0.828261915650287
   71   -0.070697210802492    0.335229873025646   -0.939480088461675
   72   -0.226616266690530    0.963016522370655    0.145754057618907
   73    0.080657099792487   -0.550465058968082   -0.830952857332070
   74    0.151607271506066    0.517660460840181   -0.842046841042241
   75    0.450148330189355   -0.801029749640879   -0.394610974274672
   76    0.207968909343644    0.609188322740978    0.765270226901876
   77    0.016811765519930    0.022688102002743   -0.999601227774164
   78   -0.074931293163091   -0.751830169673180   -0.655085259545736
   79    0.358820279480596    0.654369813593796   -0.665618625108017
   80    0.270112293074450   -0.714929715507187   -0.644914607537212
   81    0.250528034701303    0.809970839007203    0.530266860916906
   82    0.068246472155684   -0.899872939413292    0.430779655914697
   83   -0.097955007422094   -0.715177533572228    0.692044732654242
   84    0.322697041770518    0.920998972371540    0.218237283989524
   85    0.254455021429175    0.219625621211465   -0.941815920749356
   86    0.278708339036807   -0.946668465537646   -0.161680172278309
   87    0.321537218959993   -0.111089971984741   -0.940357822824856
   88    0.348147151479776    0.341226605491964    0.873131126819419
   89    0.389720378382966    0.826389987112680   -0.406445095766872
   90    0.035238079883388   -0.989125610788345    0.142789368682392
   91    0.475474419968877    0.391805274660767   -0.787662810283221
   92   -0.046412587866485   -0.216303245278570    0.975222424767547
   93    0.264859608189302   -0.241177109328287    0.933639646697729
   94    0.495608546780855    0.560603424930604    0.663397292965418
   95    0.571943926104804   -0.815193369651288   -0.091323137639932
   96    0.343450238685535   -0.929684749103390    0.133147289989001
   97    0.525401083143971    0.745989339316176    0.409210957157499
   98    0.542793217960172    0.085858973337519   -0.835466192753404
   99    0.215600547543086   -0.718579019942638    0.661181212677281
  100    0.460099728012115    0.047556436946667    0.886592705580254
  101    0.619731836657557   -0.752865347947168    0.221644351368223
  102    0.355082912453907   -0.417887820319758   -0.836233158223024
  103    0.592186022369908   -0.241301576462797   -0.768823298363334
  104    0.406039556720737   -0.503888601616230    0.762383207802525
  105    0.371647549489291   -0.829685743384464    0.416532911284539
  106    0.634865585593716    0.260349576218945    0.727436448352270
  107    0.543622372323831   -0.567936374970347   -0.617999183085667
  108    0.726826474254038    0.294560723498517   -0.620449237645978
  109    0.574194194665194   -0.626711038842678    0.526815243330639
  110    0.620382973649924    0.584778114020864   -0.522646652498109
  111    0.359441918136718    0.926621112796931   -0.110339570441315
  112    0.709394888001596   -0.625971785057203   -0.323910816721983
  113    0.548407342976670   -0.236180968620143    0.802164531895371
  114    0.637582754085825    0.734082916417029   -0.233688903281698
  115    0.741286992505536    0.445552019736428    0.501973099329921
  116    0.807975292312707   -0.500708448005864    0.310591334566427
  117    0.742401494984592   -0.033875439551387    0.669098254996860
  118    0.749658656006114    0.613395419272155    0.248511486839228
  119    0.869947997793025    0.155105515998837    0.468116182205488
  120    0.724423392339288   -0.364031701784564    0.585398726277631
  121    0.586950591814808    0.806629476480097    0.069554945486940
  122    0.828466638145392    0.558366611440131   -0.043240683492951
  123    0.897817830678047   -0.177616882209276    0.402958293215093
  124    0.825826572924672    0.455396302124022   -0.332602885530564
  125    0.768868131549660   -0.020136356818187   -0.639090231048344
  126    0.913991595457068    0.344606689708213    0.214162538372588
  127    0.760921999183089   -0.375884532352920   -0.528874776763874
  128    0.962806740630865    0.256851790341737   -0.083847110826874
  129    0.799369293123544   -0.600834707983867    0.002527230323120
  130    0.907684504264657   -0.147813401651599   -0.392759518038719
  131    0.897639194099955   -0.391753910804607   -0.201922635147421
  132    0.947316964278197   -0.302447188342868    0.105433711184964
  133    0.991931523287015   -0.064092187940051   -0.109380274979354
  134    0.982441827103862    0.031861480658049    0.183828459187095
  135    0.910015167763733    0.160753507065750   -0.382139639930230
   
 U =    8247.02613563382     


 http://math-lab.ru/  - см. Задача Томсона
