    261
    1   -0.214479608610056    0.076131271452135    0.973756913709761
    2   -0.994635813560521   -0.032313812808216   -0.098261975782065
    3   -0.939954548810720   -0.092077387898684    0.328644490000655
    4   -0.965975518508219   -0.257960975797162   -0.018639544215283
    5   -0.871441244526504    0.085455794974311   -0.482998410394285
    6   -0.825152021701197   -0.485485748093143    0.288838587243582
    7   -0.936051328976729   -0.288037848300761    0.202094303401076
    8   -0.942390992188519   -0.227259522438900   -0.245463494847570
    9   -0.991185240464780   -0.059716674921751    0.118261311598791
   10   -0.985821226046815    0.165892607771217    0.025222072920738
   11   -0.869203986358593   -0.158593348987537   -0.468329563187344
   12   -0.887240024242686   -0.433673072758753   -0.157266669532421
   13   -0.950409707985608   -0.007194867919446   -0.310917385879809
   14   -0.579251911631815   -0.140393450709699    0.802967559661479
   15   -0.887797587542069    0.390672292709480   -0.243291190271247
   16   -0.763819244448532    0.526699743756139   -0.373051660949648
   17   -0.850157440530452    0.296278195395327   -0.435260332725141
   18   -0.771543955244504   -0.632675430127991   -0.066646269498205
   19   -0.762207367032744   -0.044851180303408   -0.645777284569845
   20   -0.717340063294302   -0.451081175689129    0.530988706595385
   21   -0.958629687561371    0.188328720534622   -0.213451200858137
   22   -0.878552895702885   -0.473008762246227    0.066389157927842
   23   -0.839776767462842   -0.374054385813156   -0.393520389921033
   24   -0.852890025585867   -0.309376389015548    0.420553033725641
   25   -0.702844550915680    0.428360713264058   -0.567905482083105
   26   -0.554582623376893   -0.370929064977630    0.744882368299334
   27   -0.748663920019830    0.199066776528295   -0.632356508105337
   28   -0.916174036291636    0.349376509662167    0.196370032645955
   29   -0.877214213161792    0.093546266588751    0.470897356367865
   30   -0.678719040152793   -0.623026151943685    0.388817281673944
   31   -0.926807134600083    0.374606202127725   -0.026433474645339
   32   -0.957493440990100    0.135587928557553    0.254602089721216
   33   -0.570646474747219   -0.384398975125115   -0.725672122091880
   34   -0.829583740418291    0.549097594678237    0.101403398129310
   35   -0.716087152907453   -0.258148205442599    0.648520387858134
   36   -0.530948325167300    0.837354377707514   -0.130121182503469
   37   -0.768627825977219   -0.569487232946785   -0.291368420808001
   38   -0.811304217826490    0.569919010090338   -0.130298841416938
   39   -0.753894305735980    0.209702248939137    0.622630181222155
   40   -0.608492697520940   -0.164981444282061   -0.776220175018850
   41   -0.521355843424938    0.539683333313520   -0.661006795933506
   42   -0.626449732420111   -0.754284133243174   -0.196509997425994
   43   -0.840338602627608   -0.118466316759449    0.528958188070975
   44   -0.856582960701574    0.306238827308496    0.415311223162152
   45   -0.616890683888835   -0.670130118554281   -0.412760836729443
   46   -0.665459761482131    0.701539209778980   -0.254962826684263
   47   -0.548524092709075   -0.559001448410069    0.621802782554992
   48   -0.444807651572924   -0.059261096376588   -0.893663401711419
   49   -0.794452242918240    0.508613873323483    0.331899927063960
   50   -0.741072025703649   -0.279530486613064   -0.610471096591275
   51   -0.598798633530192    0.643357451610075   -0.477002500978941
   52   -0.696715989411546   -0.486945151816132   -0.526755397904051
   53   -0.395641085786864    0.733769768370422   -0.552313369621820
   54   -0.362982801415451   -0.467260502751535    0.806170644742770
   55   -0.617378301388919    0.071631079177192   -0.783398379797944
   56   -0.369215251875105    0.929341348994795   -0.002180557574778
   57   -0.446083111232798   -0.837875268472637   -0.314602753253644
   58   -0.731832781590469   -0.008196515713841    0.681434954283760
   59   -0.433261836345718   -0.742386521033179   -0.511024886433713
   60   -0.540343604292453    0.833534547972598    0.115104068721995
   61   -0.738176231004579   -0.655883936040265    0.157835719734803
   62   -0.236135020436557    0.275594812557968   -0.931819591667060
   63   -0.309852375210382    0.622005735133744   -0.719096913522242
   64   -0.587827870241558    0.102062255238111    0.802522081330467
   65   -0.408940854949993   -0.026403530609989    0.912178837029283
   66   -0.715092925793539    0.429120645186949    0.551812993100356
   67   -0.412405757038793   -0.290815788568908   -0.863335200649380
   68   -0.414026083423747    0.206219012931471    0.886598060538349
   69   -0.302060091562706   -0.796488185694965    0.523799838806268
   70   -0.594137545026295    0.312980026924905   -0.740975087527383
   71   -0.443961536416734    0.180867993412015   -0.877601802152664
   72   -0.694727674168685    0.719214885186031   -0.009132780026523
   73   -0.358604000372417   -0.504587809488034   -0.785362536305983
   74   -0.410606858358604    0.408290913556312   -0.815291688769258
   75    0.204449102865170   -0.965929566410081    0.158684079454936
   76   -0.597025470741513    0.322343845740826    0.734612164614016
   77   -0.031224959025488    0.197921196260063   -0.979720471361522
   78   -0.515025442387121   -0.577392443718446   -0.633535128963495
   79   -0.056891241295944    0.627354313467666   -0.776653044825886
   80   -0.285271018381903   -0.691734483976056   -0.663418306764089
   81   -0.690213636553613    0.687223314915855    0.226559597791620
   82   -0.503348863945070   -0.724210861602353    0.471336980410391
   83   -0.350217603678378   -0.645905578492065    0.678346234416175
   84   -0.513798430962090    0.785811237748541    0.344255531500949
   85   -0.203763915655942    0.480857515715925   -0.852793243556765
   86   -0.241388031852863   -0.849854318969727   -0.468486344098419
   87   -0.259556792514907    0.056172515651643   -0.964092796334844
   88   -0.216294221242797    0.300328238593526    0.928988567723135
   89   -0.474751812582407    0.805712317427698   -0.354172808096567
   90   -0.605035160064211   -0.795797678057077    0.025268768965642
   91    0.158927367768595    0.555649454008190   -0.816085642585719
   92   -0.389972665668352   -0.254633106029642    0.884919940641647
   93   -0.175942450303257   -0.375964727225627    0.909777323339863
   94   -0.413158931364522    0.422392046058309    0.806774229174681
   95   -0.242320509577854   -0.936040147902125   -0.255165852247704
   96   -0.433864465752937   -0.894855965532506   -0.104854309915260
   97   -0.634694523342842    0.624467114834295    0.455196314274549
   98   -0.055410231151620   -0.026545103571523   -0.998110747242059
   99   -0.360809104365132   -0.874388612962521    0.324440046431864
  100   -0.199735431344791   -0.153131093061012    0.967810221997810
  101   -0.404626002639577   -0.907631705773164    0.111725040448482
  102   -0.238708266507487   -0.176701573284358   -0.954879530359628
  103   -0.192149650440427   -0.402286947838371   -0.895122183522735
  104   -0.131181081458867   -0.896156766806850    0.423903966923612
  105   -0.564926959694936   -0.785900075128594    0.251433096713034
  106    0.037447707828813   -0.486592120300686    0.872826315849637
  107   -0.038398823413531   -0.913014611254332   -0.406115562366868
  108   -0.004607496876967    0.413068855622731   -0.910688141729679
  109   -0.182008614003605   -0.962420452626448    0.201543386879324
  110   -0.153644675076225    0.766608606266674   -0.623461753934104
  111   -0.148701764885520    0.984653179460285   -0.091355904563869
  112    0.094257147460762   -0.681386387639564   -0.725829305616731
  113   -0.124585199701753   -0.751800551346628    0.647514060859052
  114   -0.319386959960152    0.918839840576628   -0.231787223928604
  115   -0.534570341269501    0.541662487403889    0.648718968409620
  116   -0.220414293741587   -0.975008862733001   -0.027843432017234
  117   -0.153640451302426   -0.582072534605122    0.798489934928397
  118   -0.426945908118326    0.726280718722953    0.538733244892394
  119   -0.320665139340446    0.633649651331486    0.704032661017413
  120    0.038969153434059   -0.953069289240707    0.300233800540258
  121   -0.352796303165635    0.902139234683972    0.248353718950371
  122    0.033378858601719    0.992573889964696    0.116974034549544
  123    0.068113877248709   -0.675260617225396    0.734427395016366
  124   -0.241871422885836    0.865080534431451   -0.439470003229999
  125   -0.022876837618263   -0.265391158792933   -0.963869380743642
  126   -0.185691031272281    0.974485993129815    0.126078904257754
  127   -0.074337191519623   -0.785306801856605   -0.614627699436599
  128   -0.078093688156235    0.950374003888896   -0.301148847918011
  129    0.167395380351145   -0.930604220579592   -0.325506637837919
  130    0.141262171938601   -0.829085210639285   -0.540983097960002
  131    0.031937959693316   -0.491601713193664   -0.870234291622482
  132   -0.033799115964445   -0.982802448075622   -0.181540540421655
  133    0.015648800919420   -0.263485134699664    0.964536520211694
  134   -0.012861862459317    0.210647424651175    0.977477485664967
  135    0.199894889867316    0.339787435611995   -0.919013890866268
  136    0.006651874520776    0.869018557840673   -0.494734776111278
  137    0.147882037163756   -0.103311405733486   -0.983594254014158
  138    0.171499420019145   -0.980661147715243   -0.094295611217699
  139   -0.264693939958830    0.853218046072616    0.449395242526107
  140    0.097224365154466    0.741313088383819   -0.664080061296193
  141    0.200973990087592   -0.127928130664160    0.971207417956147
  142    0.243837783266672    0.824202361726239   -0.511110166575158
  143    0.175686876498913    0.122600910076326   -0.976782032121042
  144    0.055547639910488   -0.837338584834040    0.543855269394811
  145   -0.003672601273606   -0.998239609864194    0.059196227059387
  146    0.367187925092925   -0.902267203573814   -0.226024160259568
  147    0.073969002893985    0.991597824030071   -0.106124181927112
  148    0.456567874549480    0.724359795969528   -0.516573965577393
  149    0.315707992889574    0.660497683130412   -0.681227769402418
  150    0.188236197486899   -0.348119251699497   -0.918357294603715
  151    0.221924677213999   -0.367419857702358    0.903189950015744
  152    0.398439039860244    0.246136681719017   -0.883551393766994
  153    0.226654323512162   -0.881053542501544    0.415177640147833
  154   -0.004224870650945   -0.026990854496051    0.999626752463916
  155   -0.127866856845870   -0.607909292160753   -0.783643005089033
  156    0.249885392984400    0.962236932852362    0.107969326328877
  157    0.341146803909452   -0.187045436940057   -0.921212713059405
  158    0.186536026636791    0.118855203400863    0.975232152562198
  159   -0.096198935487657    0.940483076959991    0.325940710502553
  160    0.363786394890555   -0.931455006880437    0.007143462038772
  161   -0.002473432042972    0.430441910016360    0.902614892540222
  162    0.258358360332458   -0.743475034167689    0.616843441414171
  163   -0.207841443140384    0.502825636613710    0.839028195996619
  164    0.316503746546346   -0.702625701198408   -0.637293105593943
  165   -0.158312418178375    0.766674049032030    0.622212247381347
  166    0.201848771951654    0.343582108648828    0.917174142613078
  167   -0.049620255964070    0.636607046289093    0.769590344802439
  168    0.438256025756979   -0.431633385631179    0.788431529237805
  169    0.006829095113642    0.863437660171219    0.504409328282081
  170    0.435470778916163   -0.766964756260630    0.471306973600246
  171    0.392766876439615   -0.227928186851357    0.890944960371022
  172    0.258156642014124   -0.567051273274278    0.782181565662354
  173    0.170047017941398    0.558777646968687    0.811696712410106
  174    0.545907707445563   -0.073907040964037    0.834579249830398
  175    0.110550679673599    0.740959576895585    0.662387690578879
  176    0.352933943280822   -0.823631017869322   -0.443925194243124
  177    0.453070325564525   -0.614325206702229    0.646012244855404
  178    0.140749328514529    0.936698033375818    0.320603213946124
  179    0.247726563924180    0.828086868317212    0.502895305254395
  180    0.375823030153612    0.866671941883169   -0.328080470553514
  181    0.372438439737666    0.464405323325806   -0.803503145154035
  182    0.527053649175802   -0.673353713511400   -0.518468154654534
  183    0.154842384537439    0.934679342307922   -0.319997442198513
  184    0.415895756404916   -0.375957589910442   -0.828061960479477
  185    0.288261884734993    0.950509557590966   -0.115916637016673
  186    0.480872225021975   -0.540128077267811   -0.690668924557485
  187    0.567620966797507    0.328245714764874   -0.755023965705964
  188    0.550284275632188   -0.771078297548379   -0.320352111030740
  189    0.374530708096159    0.030097085673366   -0.926725911004413
  190    0.574777983346751    0.750242922284824   -0.326750405388224
  191    0.600678574964312   -0.269986479091194    0.752524119671113
  192    0.487507182449422    0.864819098685828   -0.120102762701185
  193    0.364970416999375    0.877078366961008    0.312298147487804
  194    0.526159135580779    0.543284252659275   -0.654216160651310
  195    0.707550536466770   -0.606466821163068   -0.362726113167978
  196    0.459248591180693    0.734171496655558    0.500082938118355
  197    0.657016078937005    0.589286414154240   -0.470182298807049
  198    0.259444507918009   -0.543559367626054   -0.798267975793308
  199    0.610227583518497   -0.329902311328383   -0.720268534154705
  200    0.379768110562817    0.466820639746311    0.798658044789128
  201    0.565852022864165    0.764654993564791    0.308405948446137
  202    0.536789022274442   -0.142339671456183   -0.831623089804145
  203    0.569957622482566    0.091942820597135   -0.816513824937866
  204    0.629140689678422   -0.452221984016461    0.632200339894858
  205    0.704807892965653    0.395004240277705   -0.589251630609495
  206    0.455302321464556    0.884516365210506    0.101639538289886
  207    0.664323150255639    0.738021330438113   -0.118318501734858
  208    0.639796660039590    0.762038190514671    0.099789929348160
  209    0.328029361943342    0.662925832769213    0.672997829082895
  210    0.823627831835708    0.431607430676025    0.367902460457728
  211    0.769661696337408   -0.265080117660925   -0.580821318833851
  212    0.534203721266783    0.555783699169291    0.636970065169801
  213    0.375079632774158    0.024678997632412    0.926664025498920
  214    0.782895730539754   -0.427198546007448    0.452300428246257
  215    0.660234752821782    0.599017787769251    0.453064853086613
  216    0.387520562855442   -0.881581294445114    0.269522234052552
  217    0.399046222852827    0.249301517139251    0.882389293667461
  218    0.628125985167059   -0.611768994318674    0.480828913802228
  219    0.574635654008562    0.355275633563050    0.737274093766033
  220    0.719254531577299    0.402779681390412    0.566075478239924
  221    0.760373333020751    0.596948484796286   -0.255900177667647
  222    0.740858605581896    0.186194975233142    0.645337088453142
  223    0.671702403431925   -0.486568040039519   -0.558629952326114
  224    0.580883225519371    0.141829648373966    0.801535419774029
  225    0.882837741767942    0.447894681123065    0.141378486099365
  226    0.596977489826176   -0.741563072319244    0.306107965288855
  227    0.552251977329451   -0.827011194307697   -0.105215198642912
  228    0.764885973345127   -0.580601565146020    0.279018405002016
  229    0.716158515441745   -0.683067925520644   -0.143301046350681
  230    0.842394744709778   -0.509683758478077   -0.174910149588323
  231    0.860241034076004    0.219626029337095    0.460162765257544
  232    0.765371568317925   -0.245265436096688    0.595022040152179
  233    0.818168825443345    0.428671766889630   -0.383197454772836
  234    0.722678249766019    0.164279901252941   -0.671377882685635
  235    0.716606636633329   -0.043177355248231    0.696139816650963
  236    0.536304913029656   -0.836207400078001    0.114604643514315
  237    0.888366779861023   -0.387599949922503    0.246111241635628
  238    0.708024553334643   -0.701222701963104    0.083593983795744
  239    0.703382607135347   -0.081212241869096   -0.706156837926305
  240    0.843862796495389   -0.533903605225681    0.053315298161047
  241    0.840660247158112    0.230352828058033   -0.490130516754189
  242    0.822583258634347   -0.409828698769152   -0.394204541170802
  243    0.749434771433393    0.615270943615093    0.244518280113309
  244    0.940193406239566   -0.339885623837335    0.022674249102201
  245    0.890788624748382   -0.186221620659583   -0.414508303918999
  246    0.835604583820873   -0.009164440159810   -0.549254943113035
  247    0.935706160089874    0.250715247819335    0.248185105275784
  248    0.849414692700453   -0.009844713081904    0.527634117025169
  249    0.887125197114202   -0.210871827069626    0.410538618394671
  250    0.796489579845512    0.604595737983789    0.008266970990436
  251    0.927948607537166   -0.312932413042833   -0.202446750127100
  252    0.992259486839856   -0.123801961208425   -0.009704904803902
  253    0.963980743688192   -0.168772490026448    0.205565007743617
  254    0.958928526037069    0.283534208934413    0.008027098872664
  255    0.883408563765695    0.451047089737488   -0.127066251635807
  256    0.942777217532797    0.025636996101379    0.332436253335905
  257    0.930272986328570    0.071006091773491   -0.359930973713544
  258    0.927481242247483    0.274470467436962   -0.253859228282135
  259    0.969244085814269   -0.098463641155297   -0.225545590700643
  260    0.990910673170704    0.068863876014349    0.115558662058115
  261    0.987997310206314    0.101228779220318   -0.116679258150938
   
 U =    31732.9165597639     


 http://math-lab.ru/  - см. Задача Томсона
