     98
    1    0.044900318574729    0.010935929580670    0.998931612692328
    2   -0.960729714270285    0.182549739169049   -0.208983274085388
    3   -0.811447221613901    0.199527753025729    0.549310551789773
    4   -0.839864133768492   -0.441160848212992    0.316236213633565
    5   -0.556520467838961    0.402213058643458   -0.726986674109628
    6   -0.729749080281075   -0.235068680304802    0.642035042165678
    7   -0.924344090018799   -0.095075221697467    0.369524972723760
    8   -0.990049147939632   -0.139930512607953    0.014904237829694
    9   -0.958850610302358    0.219284123398915    0.180332970773417
   10   -0.774031214211743    0.517850652311469    0.364288870714548
   11   -0.924079527593896   -0.172627341496534   -0.340993882129402
   12   -0.871641891190832   -0.488557387429537   -0.039396607839943
   13   -0.815001098543798    0.109413575400237   -0.569035920562612
   14    0.285980926004488   -0.276752349732905    0.917400156354320
   15   -0.663290877834427    0.712084318794325   -0.230176311354705
   16   -0.122874100180121    0.874018836491291   -0.470098956564824
   17   -0.785576539900446    0.442707186749840   -0.432296017513562
   18   -0.657297407026240   -0.737079537735727    0.157079195846769
   19   -0.562378837553246    0.041179110998733   -0.825853693997680
   20   -0.443060151416235   -0.384528731005151    0.809836623806673
   21   -0.866259235265666    0.499094168884007   -0.022359514818679
   22   -0.593900691425551   -0.595197350980108    0.541315141216754
   23   -0.775386586092083   -0.510676244087605   -0.371463882272613
   24   -0.592483136358895    0.057361792886940    0.803538025140767
   25   -0.463780379923862    0.707235031283822   -0.533597572823049
   26   -0.233143533351407   -0.671306536479622    0.703556413470985
   27   -0.250884754114770    0.295583133058890   -0.921784926978014
   28   -0.623799326910375    0.769845973361331    0.134950276196485
   29   -0.294298446759019    0.269522898877591    0.916921932999669
   30   -0.385169728478595   -0.843085138434739    0.375302184398390
   31   -0.304051373244618    0.933351912365524    0.190806106064983
   32   -0.563618142004214    0.440872938576271    0.698545375788030
   33   -0.184139973262740   -0.672092833912928   -0.717205474637281
   34   -0.030063741671196    0.994394373947010   -0.101370609642349
   35   -0.061344607696190   -0.389556871139895    0.918957171610460
   36    0.474245063752378    0.726985046179338   -0.496572615171366
   37   -0.586441472397337   -0.787534787142892   -0.189407915600810
   38   -0.372473743181324    0.909595511026448   -0.184117671506641
   39   -0.218181053576413    0.600865124991815    0.768998133566563
   40   -0.713186042716496   -0.259272861934407   -0.651262812955512
   41   -0.196565848078842    0.615606473756736   -0.763145161052498
   42   -0.314479131065751   -0.948185929621980    0.045236257482600
   43   -0.292546866913096   -0.096002473840168    0.951419915534618
   44   -0.474404469955566    0.732998583939231    0.487497153662728
   45   -0.040410766664574   -0.984383535304145   -0.171336001353173
   46    0.237939010202466    0.916939127811575   -0.320324309586424
   47   -0.053315311551029   -0.888221117487641    0.456312090573133
   48   -0.417619965398734   -0.374140277458294   -0.828017280788143
   49   -0.114770269642524    0.846179389370512    0.520392377164318
   50   -0.520116547851493   -0.630944437824572   -0.575663003005474
   51    0.151868369793052    0.722728331321480   -0.674240133306873
   52   -0.299188483277127   -0.869580347062945   -0.392831097898601
   53    0.474398369594264    0.469286352721052   -0.744792928320400
   54    0.142138372800964   -0.647943058716566    0.748309077613331
   55   -0.254094050712990   -0.074531867065689   -0.964303486555953
   56    0.627200360748903    0.762233072031192   -0.160063897798157
   57    0.482875088869971   -0.866009614989403    0.129842193815123
   58    0.057922158961034    0.375104500808309    0.925171139289722
   59    0.079888462600777   -0.860259442283299   -0.503558860021062
   60    0.351933839089182    0.835254109450444    0.422484491490629
   61    0.105855559501400   -0.982456004998864    0.153540870012898
   62   -0.042751364497315   -0.367908399130309   -0.928878749182578
   63    0.123765915675743    0.424784598924854   -0.896794314563376
   64    0.163126941391583    0.692510954773868    0.702721978104010
   65    0.636678135795042   -0.142241186157676    0.757897352126928
   66    0.071982841017600    0.967151791468364    0.243794755601035
   67    0.178515766653571   -0.614197062087094   -0.768696357464812
   68    0.393741086008301    0.087053336316149    0.915089981272460
   69    0.480797765729656   -0.500643604523382    0.719853797461127
   70    0.071156295915377    0.072539373495828   -0.994824015011920
   71    0.424829151559269    0.146120240787210   -0.893403082162648
   72    0.371246312751726    0.927912644244987    0.033974989603004
   73    0.493388721717395   -0.454300876593422   -0.741740037215549
   74    0.738756469085781    0.214262548554066   -0.639007386241369
   75    0.322332650772777   -0.926897022109671   -0.192259128912046
   76    0.394853909244769    0.431632829718721    0.811038526004242
   77    0.288246141036112   -0.217143412689421   -0.932610797977046
   78    0.445478191643413   -0.743964512209332   -0.498062230392192
   79    0.752611261170693    0.510248152725663   -0.416200807542594
   80    0.736705707252407   -0.470825039421187   -0.485374580252992
   81    0.583607818328669    0.591565306625899    0.556284461747996
   82    0.609821647835559   -0.667084060720542    0.427921036832399
   83    0.299043969703318   -0.830660772087942    0.469654538888260
   84    0.660072972678853    0.721090344236037    0.210552573454838
   85    0.639864604087394   -0.125665624317365   -0.758143416050690
   86    0.656382246051487   -0.730811112742141   -0.187289787658056
   87    0.870865269243232   -0.117657559146172   -0.477231999767072
   88    0.691154452333785    0.231091261538449    0.684764449909422
   89    0.867359207854747    0.497186033213384   -0.022227301390967
   90    0.795244869514940   -0.589859778737088    0.140182163410329
   91    0.929792482292356    0.230480844768016   -0.286992195133666
   92    0.788039668925645   -0.354370563078428    0.503403401084099
   93    0.884086457232007    0.017333253442023    0.467001814197839
   94    0.838171678497442    0.405785796885342    0.364425746086783
   95    0.889729619553080   -0.424210783952888   -0.168601348950735
   96    0.949768894415244   -0.242469420038473    0.197857594111147
   97    0.977376865073780    0.167435914747257    0.129227234247655
   98    0.988003843427552   -0.084137046792994   -0.129496574199241
   
 U =    4266.99290593529     


 http://math-lab.ru/  - см. Задача Томсона
