     11
    1   -0.332652515378735    0.097064474945327    0.938040932857297
    2   -0.992467943376308    0.118219647604161    0.032116915959492
    3   -0.195905822486321    0.930676176929928    0.308970487928948
    4   -0.607178623061077   -0.751862635110291    0.256976064299118
    5   -0.239121139804880   -0.342679566126498   -0.908510756930137
    6    0.459916436022517   -0.552144912704431    0.695422797477162
    7   -0.461527045664549    0.585358370559860   -0.666594602540149
    8    0.215351910657120   -0.938567815438282   -0.269655354850851
    9    0.526198283453779    0.636478111955142   -0.563924622172427
   10    0.718236272291819    0.454864518431560    0.526531031408764
   11    0.912131924340417   -0.232898478228009   -0.337303500483060
   
 U =    40.5964509524342     


 http://math-lab.ru/  - см. Задача Томсона
