     31
    1   -0.272296046233011   -0.064333845457447    0.960060424939247
    2   -0.752754595660555    0.193024224882905   -0.629366480931633
    3   -0.762199572898776    0.306870035667596    0.569984729867645
    4   -0.993831250027432   -0.102521157166025    0.042294902792796
    5   -0.375014356504852   -0.278658715885451   -0.884145662476678
    6   -0.731047896592038   -0.343683131889899    0.589449639700210
    7   -0.858565248528415    0.508468740683532   -0.065766661516630
    8   -0.779967779005961   -0.457828065524667   -0.426665824891623
    9   -0.442252436727947    0.857436212782351    0.263089192513969
   10   -0.209045735156950    0.564665448264303    0.798406420408281
   11   -0.209429645156858   -0.813443963607641   -0.542630760093604
   12   -0.636247991885439   -0.765042679467784    0.099489654811440
   13   -0.433651808783948    0.748441964724960   -0.501777574406283
   14    0.297073342206880   -0.372688168837701    0.879119422011842
   15    0.204388513581021    0.729869038327141   -0.652316274829592
   16    0.243820718666533   -0.358858410952466   -0.900983961032385
   17    0.054142456243683    0.994194948174379   -0.092978489213604
   18   -0.046141990502541   -0.996883185846193    0.063990862547780
   19   -0.099308866938746    0.276749743536739   -0.955796698257371
   20   -0.206068265092295   -0.723500599270337    0.658849567790186
   21    0.284022522937255    0.837004791730891    0.467711647368210
   22    0.449918359737373   -0.795667881931625    0.405568848943891
   23    0.418973126140521   -0.831161504638692   -0.365557208626481
   24    0.367707522677383    0.275018337238071    0.888344579512516
   25    0.597707119972397    0.257122995413723   -0.759364184014349
   26    0.818894090574154   -0.153581656007715    0.553014595974336
   27    0.766129639504473   -0.310795048462969   -0.562540499274183
   28    0.670035082765221    0.717410682247566   -0.190722051323088
   29    0.791896202647615    0.462003960010628    0.399315345518783
   30    0.862845028690754   -0.504165658648838    0.036269065370292
   31    0.979402435050366    0.144275396740347   -0.141263866975350
   
 U =    385.530838170914     


 http://math-lab.ru/  - см. Задача Томсона
