    137
    1   -0.209060148525110    0.069571500639739    0.975424861584630
    2   -0.990635588861609   -0.103440878858253   -0.089112932068499
    3   -0.874659876617911   -0.045116699763516    0.482632969902792
    4   -0.915031972746099   -0.402515318200471   -0.026417938344171
    5   -0.843346502431611    0.354925895153689   -0.403477738897353
    6   -0.808660621023434   -0.537129691527640    0.239916015483372
    7   -0.944032090354507   -0.232007109447327    0.234469856371338
    8   -0.897001575617864   -0.269519269275002   -0.350353445578230
    9   -0.983936754140078    0.075545213483784    0.161744813122328
   10   -0.900199747151785    0.412853675164203    0.138536125726371
   11   -0.763561661056691   -0.189074968873599   -0.617433596356560
   12   -0.793109085562114   -0.545536423633288   -0.270865259655478
   13   -0.925984646045180    0.038402496122246   -0.375603093145095
   14   -0.407912403997604   -0.155811672354294    0.899627808275763
   15   -0.637106552436387    0.764792988353616   -0.095848452297191
   16   -0.418677367782171    0.833082581350536   -0.361500586939110
   17   -0.836477989446823    0.530597839372795   -0.137005496327415
   18   -0.464975947662118   -0.882069999700920   -0.075827987731013
   19   -0.770689728680366    0.126587652205699   -0.624510134758142
   20   -0.626270131026156   -0.616728148575720    0.476898431260625
   21   -0.965643785669817    0.229097212849791   -0.122664364269835
   22   -0.717040814906231   -0.696827575759647   -0.016846347364990
   23   -0.680272375818113   -0.485882566175377   -0.548769192453084
   24   -0.791587700707873   -0.342878940258490    0.505789426950818
   25   -0.663372027413507    0.637418969266764   -0.391962512064852
   26   -0.396830701178182   -0.616905090014310    0.679671615206099
   27   -0.633261956107672    0.446551079249395   -0.632116625764491
   28   -0.720422637153972    0.668180053264407    0.185813455636802
   29   -0.721186845824783    0.224086134704606    0.655495947845941
   30   -0.558124689123422   -0.797357374192854    0.229604114098944
   31   -0.468789501007345    0.856852360566268    0.214570351953151
   32   -0.884745347894080    0.247184106278495    0.395127431321954
   33   -0.209860066056809   -0.520199832552743   -0.827859219243664
   34   -0.224440110541686    0.874667953001495    0.429630781918859
   35   -0.573739472394845   -0.372044379367358    0.729661563738452
   36    0.164551458477270    0.924403463023304   -0.344094543786336
   37   -0.572219809753943   -0.745079451416298   -0.342667623802352
   38   -0.377416135666115    0.923426000999768   -0.069580753203985
   39   -0.533977084393252    0.473057383003144    0.700774703973466
   40   -0.557112536267413   -0.090574947829546   -0.825482768299476
   41   -0.403409375868892    0.667003991050946   -0.626391691661999
   42   -0.169788103426161   -0.978822267782313   -0.114363315920959
   43   -0.679907457913546   -0.081364853483172    0.728769928915293
   44   -0.734870814533187    0.507671881878635    0.449704509980871
   45   -0.295663991789623   -0.874921099278255   -0.383530799280522
   46   -0.119065802997524    0.966742089072749   -0.226347228328096
   47   -0.336022023102518   -0.821700914021643    0.460322504214260
   48   -0.278383452024987   -0.210820426013531   -0.937047171498919
   49   -0.505959023420880    0.714470699648988    0.483256749525626
   50   -0.496826627441197   -0.390740979785608   -0.774909535998615
   51   -0.142669023811272    0.844236318161254   -0.516633902045026
   52   -0.417997030692626   -0.667278852273218   -0.616455526085285
   53    0.140968514531083    0.773376686769933   -0.618074735183102
   54   -0.251005043666571   -0.425785368316173    0.869311962520822
   55   -0.544611229288460    0.214256938882744   -0.810859157359346
   56    0.124661044313268    0.991929165174467   -0.023155027683230
   57    0.138394167485287   -0.982619882876662   -0.123714268302043
   58   -0.489805846298637    0.161380812799795    0.856765117282300
   59    0.024684259942850   -0.916455035795595   -0.399375580971057
   60    0.085759424736704    0.942673399726453    0.322509197569620
   61   -0.266998419262437   -0.945707249480178    0.185336565178044
   62   -0.293059432315714    0.103331279291775   -0.950493985173350
   63   -0.106412804095403    0.632759150754826   -0.767002067963695
   64   -0.284796928356278    0.404858800402176    0.868895886361387
   65    0.143838558008285    0.035051988295394    0.988980195629132
   66   -0.265761128676569    0.673713702658356    0.689551208638579
   67    0.010941350288534   -0.316519427621955   -0.948522924758139
   68   -0.009957747660688    0.299988168743287    0.953890948628603
   69    0.062709332000961   -0.494621701661526    0.866843072260169
   70   -0.336148995533103    0.435993840249972   -0.834813286948745
   71   -0.063136612282123    0.321204518865385   -0.944902865510521
   72   -0.153456724466415    0.979350459708142    0.131619568398811
   73    0.100352139396134   -0.610942571531704   -0.785288878317303
   74    0.167611636361630    0.503108333934989   -0.847813861458597
   75    0.577976020920832   -0.696636448692535   -0.425019267320406
   76    0.015992151432783    0.573316988988845    0.819177563919640
   77   -0.002642961267738   -0.002464796199913   -0.999993469746393
   78   -0.114877066817126   -0.766192125888144   -0.632260140880714
   79    0.396836177338208    0.616881866337104   -0.679689496270209
   80    0.248526194853660   -0.785041882351300   -0.567401069285111
   81    0.028368914271496    0.794088233127350    0.607140084915944
   82   -0.030154585669717   -0.891126919068839    0.452751051985489
   83   -0.104104118423450   -0.703686012469258    0.702843032534571
   84    0.359765413081328    0.917496630468456    0.169613621591694
   85    0.246482680176399    0.207849206038193   -0.946596532807062
   86    0.371911179932410   -0.880840877293346   -0.292918799550953
   87    0.296825756529336   -0.098018908987130   -0.949887763760414
   88    0.286966204425477    0.341084988354852    0.895160001472701
   89    0.442219398557688    0.787407400293553   -0.429454991241487
   90    0.046005576429048   -0.984840992261147    0.167247442131445
   91    0.485324381438428    0.350109314534610   -0.801176455381405
   92   -0.058650911891530   -0.208274062156759    0.976310394068922
   93    0.270001527007626   -0.245490257553589    0.931039047978023
   94    0.318272973670019    0.602050704226010    0.732282229589254
   95    0.620400667566016   -0.776612531290885   -0.109434856995411
   96    0.381433005100211   -0.922891458429919    0.052727778042692
   97    0.319153401975082    0.805452794723372    0.499386525128624
   98    0.550778850433485    0.049354525279238   -0.833190727714627
   99    0.196514436591801   -0.742431825723841    0.640450669734501
  100    0.443243928133667    0.057934215499517    0.894526940257862
  101    0.590545829873909   -0.775181243886285    0.224387303440833
  102    0.297026869892922   -0.392760451931627   -0.870352954817801
  103    0.563021547052000   -0.263282074345064   -0.783383231173436
  104    0.359978825741516   -0.511126246443378    0.780490362025351
  105    0.285332611066142   -0.890385660462845    0.354681091551721
  106    0.564715091845781    0.327778340227319    0.757402287242014
  107    0.448610929723442   -0.578575341593706   -0.681174579555341
  108    0.735559988254426    0.236898761913713   -0.634689278531549
  109    0.484639298070721   -0.708352830377816    0.513187118370342
  110    0.655044888043227    0.525812447638795   -0.542620921598620
  111    0.422098114447451    0.895636938678089   -0.140241419898860
  112    0.800598649011315   -0.541266112795669   -0.257046296103102
  113    0.559090187815148   -0.212140850594301    0.801507592851090
  114    0.684925745198068    0.679749450647753   -0.262330722388646
  115    0.588810061105700    0.570719789269901    0.572347476692631
  116    0.756466812170936   -0.539051978169090    0.370379436410734
  117    0.714465415187900    0.052222470664776    0.697719129777913
  118    0.567551024319789    0.754739690012751    0.329019505672557
  119    0.791541474026786    0.320842443299773    0.520117507370146
  120    0.622453867741993   -0.459990760332187    0.633213773493636
  121    0.648078275475404    0.760786975137825    0.034608197258231
  122    0.851804263726796    0.523312273838749   -0.023953295108777
  123    0.802243232392448   -0.226146207743459    0.552506731908099
  124    0.850683941530648    0.404371812442264   -0.335887286041077
  125    0.773117300247428   -0.091256334512388   -0.627663860254429
  126    0.787284999296177    0.545623681005436    0.287188315586302
  127    0.708711268941311   -0.429791811583466   -0.559470585438948
  128    0.966506754002310    0.239919822779873   -0.091121748804508
  129    0.806475535474117   -0.587348353790426    0.067964122751741
  130    0.888913025352383   -0.255268524809137   -0.380357218415322
  131    0.940604914186102   -0.336428995713941   -0.045584276366585
  132    0.917162568073212   -0.296054723980271    0.266766609856474
  133    0.990172980568712   -0.024758761085920    0.137638920008711
  134    0.902542961454824    0.035688333151090    0.429118335200504
  135    0.905123175733918    0.102729999139911   -0.412551310779714
  136    0.933750300438000    0.283136909663646    0.218960879652201
  137    0.984400937090159   -0.058696643632013   -0.165859877855838
   
 U =    8499.53449490273     


 http://math-lab.ru/  - см. Задача Томсона
