    211
    1   -0.177312305858371    0.016431824386402    0.984017449712413
    2   -0.998622015858894   -0.041586791392793   -0.032009502082517
    3   -0.924179733699877    0.077216562127274    0.374071413438222
    4   -0.957503725553748   -0.286462808119778    0.033551082170686
    5   -0.834771847346857    0.105521848434117   -0.540389768944752
    6   -0.888554139614387   -0.348536747850836    0.298318079190148
    7   -0.968997518921782   -0.112692227881226    0.219873304652010
    8   -0.946789738474102   -0.234156682898841   -0.220816301422592
    9   -0.977714035265015    0.154253965934784    0.142411303059804
   10   -0.908805742093247    0.416838263794123    0.017832133227515
   11   -0.865284747397424   -0.137855562455423   -0.481952435227248
   12   -0.870389331180771   -0.466984362813769   -0.156038511445435
   13   -0.957564349527382   -0.000497077462737   -0.288219134389440
   14   -0.617251968791461    0.008812481848654    0.786716179563337
   15   -0.864871935254157    0.442998267674767   -0.236112410615972
   16   -0.711146796114301    0.586724099548966   -0.387330692541683
   17   -0.910294504557101    0.231480280564834   -0.343192066753835
   18   -0.733015352044599   -0.674885343665190   -0.084960382372318
   19   -0.709672288353933   -0.028521818208842   -0.703954365728741
   20   -0.745553576909522   -0.396109023802750    0.535954760422417
   21   -0.972962034673581    0.207273821724732   -0.101894268295473
   22   -0.857801705021595   -0.504114154521585    0.100225516077657
   23   -0.834650686437635   -0.376163244071059   -0.402317592753687
   24   -0.867140967851048   -0.168221608654648    0.468794232319458
   25   -0.779588444068942    0.372163174525925   -0.503722571859702
   26   -0.494941297614636   -0.227981433389910    0.838485287852460
   27   -0.672307588718524    0.236183077287349   -0.701583965149262
   28   -0.784371413975793    0.605321829383984    0.135450979357265
   29   -0.830514499093654    0.275336405940922    0.484185429725795
   30   -0.747179020900194   -0.559787202580919    0.358276148457104
   31   -0.769253264215154    0.628929526037764   -0.112681261850603
   32   -0.896061461616499    0.360108295008622    0.259607151041120
   33   -0.518513152703347   -0.408138673902840   -0.751376692038333
   34   -0.618279746258056    0.785165486454238    0.035289010302839
   35   -0.702896252263726   -0.203823579585233    0.681463723875798
   36   -0.203249471803890    0.959509657127489   -0.195015050933329
   37   -0.722447153758442   -0.610471687966390   -0.324645080384398
   38   -0.601291591947103    0.763013417507245   -0.237189683919080
   39   -0.681894549067521    0.451221594606203    0.575689930876889
   40   -0.539830345036105   -0.175338727245345   -0.823310105188915
   41   -0.602077394520338    0.485230245375367   -0.634077613530522
   42   -0.551696366412643   -0.809979706788857   -0.198906998060207
   43   -0.798614480873455    0.035916767035369    0.600770252912832
   44   -0.754943733394553    0.544012390440397    0.366210975334737
   45   -0.523788230747027   -0.735941826796479   -0.428993609395711
   46   -0.400241063229547    0.848160197192022   -0.347032233667239
   47   -0.553568749878766   -0.437274479134787    0.708768417083507
   48   -0.335738842168324   -0.092734571782334   -0.937379181044587
   49   -0.602370001923598    0.744348307465582    0.288263729865010
   50   -0.719159287202615   -0.273755448924627   -0.638645342748463
   51   -0.516434998922900    0.690205971525142   -0.506863501111038
   52   -0.669825577173041   -0.504315960075030   -0.544976245884537
   53   -0.282589632334426    0.750928029872768   -0.596866981536504
   54   -0.322984705018748   -0.439921060590542    0.837944115542824
   55   -0.519345820308753    0.084047988918255   -0.850420986621700
   56    0.014037297784279    0.988920674504728    0.147779747624732
   57   -0.326119483438333   -0.882044928047306   -0.340062975679414
   58   -0.669871167770551    0.239316412498789    0.702851530053416
   59   -0.280281369937386   -0.773331956273373   -0.568682722677962
   60   -0.215759429660512    0.974901599934157    0.054906638563939
   61   -0.704762205639302   -0.691531450290759    0.158412394594572
   62   -0.118401145250954    0.001355606577116   -0.992964919387423
   63   -0.383994329605179    0.570246615064067   -0.726200490800607
   64   -0.466685920079330    0.254014864342130    0.847160374836405
   65   -0.409449710621462    0.012499311983460    0.912247061750237
   66   -0.545501235753676    0.657272240747275    0.520020772021915
   67   -0.314253315224756   -0.345914151826959   -0.884074800815002
   68   -0.234414554637235    0.252873281285620    0.938671891656542
   69   -0.152773841780544   -0.774303732588985    0.614095988397888
   70   -0.466290484368560    0.339943798000397   -0.816707657848510
   71   -0.298882724619667    0.180358622220261   -0.937091182497591
   72   -0.429223240246672    0.899204340622713   -0.084846707876139
   73   -0.272981403614928   -0.574383977476661   -0.771728060717319
   74   -0.226005499840569    0.436175294960423   -0.871018154867051
   75    0.453407063008031   -0.843907136115531    0.286780021667677
   76   -0.493187920138978    0.478805657529704    0.726299399522357
   77    0.128738324849872   -0.143806964181441   -0.981196209107927
   78   -0.466342680891894   -0.618279405125335   -0.632657159270661
   79   -0.114189832494285    0.638254492293385   -0.761309322957653
   80   -0.067448686063040   -0.718201228754239   -0.692558784338391
   81   -0.419021628888451    0.889345423371518    0.182990689522186
   82   -0.571864125716649   -0.621625466313426    0.535306642354593
   83   -0.364331538876953   -0.633710996208410    0.682402302944601
   84   -0.183698860845463    0.932006503909949    0.312439762504125
   85   -0.060264332781995    0.278762292596755   -0.958467419592623
   86   -0.083742860906755   -0.883589165755378   -0.460713923608640
   87   -0.098949944233781   -0.254931601841649   -0.961882938261503
   88   -0.032805704552912    0.416620029987231    0.908488600017758
   89   -0.169343278711823    0.887117732978565   -0.429354144955073
   90   -0.537886369473508   -0.841219740839982    0.055023641788986
   91    0.057707809938965    0.487435518853878   -0.871249920305132
   92   -0.259119700350269   -0.219318177279264    0.940614967989181
   93   -0.064408962757148   -0.381405956636776    0.922161038950646
   94   -0.275769486363257    0.477253615483045    0.834374122860547
   95   -0.121920037161288   -0.970171972201880   -0.209527680492351
   96   -0.350789163333213   -0.932433378831204   -0.086688851240563
   97   -0.375968694237182    0.820363914821642    0.430871893040261
   98    0.146322903588955   -0.383286650837041   -0.911965433103373
   99   -0.359232866444703   -0.801028990698378    0.478857289520229
  100    0.007573818403348   -0.137201681697424    0.990514177492777
  101   -0.356688024208743   -0.910190844719506    0.210538071556796
  102   -0.066500427569240   -0.496453200637982   -0.865512514473021
  103    0.148626085335290   -0.618604116313820   -0.771517487836475
  104    0.041427998718397   -0.871427713629795    0.488771378908521
  105   -0.545813295976901   -0.770812943828473    0.328535008121380
  106    0.134918580466269   -0.522061727734618    0.842168943312274
  107    0.114619043491941   -0.941872771671264   -0.315813484280333
  108    0.105961680914252    0.101784759359102   -0.989147099748079
  109   -0.163481167794277   -0.918819998244832    0.359226556092371
  110   -0.004646675263571    0.801063467267781   -0.598561383500402
  111    0.231043253002409    0.942143116465862    0.242869025069189
  112    0.530357605165887   -0.717109195536298   -0.452189354496531
  113    0.096160509656028   -0.717913147196194    0.689459113701131
  114    0.026072548504995    0.993613480375588   -0.109783759410783
  115   -0.329589389365025    0.676775549879215    0.658289973722581
  116   -0.163518492067396   -0.984676149640584    0.060618339477415
  117   -0.119037211623268   -0.596469854174333    0.793759318250947
  118   -0.144309986037601    0.817132059775461    0.558094817048984
  119   -0.093788830617247    0.637457252928127    0.764756108795985
  120    0.224744805413940   -0.917275287307796    0.328779287264041
  121    0.046879450061005    0.907375687186236    0.417698072134986
  122    0.436477358810070    0.837559147942322    0.328606434727498
  123    0.346029348743933   -0.624069605744583    0.700571778616332
  124    0.055391257723205    0.932947123780417   -0.355726682718190
  125    0.356775624468086   -0.466686010525264   -0.809268386485856
  126    0.271147357339655    0.818891662967593    0.505861201249802
  127    0.135563054923327   -0.812059773380817   -0.567610414453920
  128    0.250644322469095    0.967911277796360   -0.018032801463612
  129    0.324354984843791   -0.932341682426992   -0.159789959059352
  130    0.331560567818937   -0.851344727631415   -0.406546116205500
  131    0.541879557049914   -0.520507063859617   -0.659877975176948
  132    0.080638244499793   -0.995049557796374   -0.058084860792054
  133    0.192108901627174   -0.282937331557525    0.939702419027805
  134    0.020614157078439    0.165488531805004    0.985996248658670
  135    0.228224086573602    0.304211069052940   -0.924861823070513
  136    0.277815547996367    0.922463693465040   -0.268103068856578
  137    0.362763495956130   -0.217815211795472   -0.906067977313060
  138    0.285985327621191   -0.954198661745357    0.087848200372975
  139    0.090933320879440    0.752417986244333    0.652378958221262
  140    0.164324278795606    0.666350158901951   -0.727306673370765
  141    0.374173101493565   -0.413879167225269    0.829878620676303
  142    0.236328758970116    0.822522943031901   -0.517305254051981
  143    0.339330013902743    0.040862260660497   -0.939779451423832
  144    0.299214903542481   -0.793170822619147    0.530424818088039
  145    0.028819504351554   -0.978784381133501    0.202856036188329
  146    0.515099259611671   -0.856474224796677    0.033535876407802
  147    0.459530125429757    0.883869156417866    0.087220285230456
  148    0.408330257720420    0.657229630336465   -0.633494762123388
  149    0.336166678731378    0.487898426370097   -0.805572522902996
  150    0.563324566465967   -0.286259856974718   -0.775061756959240
  151    0.568547301492809   -0.509102358904201    0.646195600513825
  152    0.467999912070040    0.244586187730655   -0.849207677234385
  153    0.528627106509186   -0.696841179130940    0.484732661712750
  154    0.215105903075090    0.010558445221279    0.976533650058593
  155    0.349339281694114   -0.689467032929830   -0.634505537224362
  156    0.640914724109078    0.725015915085893    0.252151223063361
  157    0.549169053717142   -0.026425421394110   -0.835293390099289
  158    0.400022133339446   -0.139892128943382    0.905766241973196
  159    0.524428533938438    0.685570035719575    0.504943995819973
  160    0.712868926062305   -0.701180689390113   -0.012788083561709
  161    0.207529358449823    0.312854467015381    0.926851470220513
  162    0.726151826573208   -0.552766540976207    0.408843094525996
  163    0.158631369435738    0.553860399479304    0.817358395393091
  164    0.698189042405417   -0.539486154261019   -0.470623788631284
  165    0.348265708703281    0.642615960467069    0.682462983241134
  166    0.402669069598068    0.158758688949285    0.901472849880755
  167    0.399780717965056    0.422518885800838    0.813420659121074
  168    0.569817601428377   -0.282391616714686    0.771727203039828
  169    0.581820243765383    0.490950209557327    0.648423546519100
  170    0.655744611510652   -0.718166173677026    0.232886992897508
  171    0.580589693720446    0.006303500763420    0.814171894272779
  172    0.750077355918818   -0.356101223292503    0.557293350855200
  173    0.598816867520604    0.259209236891239    0.757778945790309
  174    0.730274081682316   -0.133493952499714    0.669984425392899
  175    0.768486684172756    0.103413958883181    0.631453695338993
  176    0.540766532517687   -0.813189413772958   -0.215161647689340
  177    0.878215063137499   -0.348262825221897    0.327797662357224
  178    0.725361522567180    0.545924246674778    0.419305829284067
  179    0.764505530602182    0.333376948707635    0.551716506685329
  180    0.464503951421020    0.783702647719153   -0.412366631860834
  181    0.564831918246530    0.430833281078451   -0.703809340691867
  182    0.725789861687577   -0.641012985311708   -0.249662631030956
  183    0.487605974583567    0.857963684988593   -0.161674762381777
  184    0.737271665733940   -0.327566530446984   -0.590872794294023
  185    0.660701759512093    0.750647804270889    0.001029038831722
  186    0.866898924766701   -0.489534796713543   -0.094031574723432
  187    0.672820861545978    0.171487137444623   -0.719655646791975
  188    0.828362612892658   -0.537025348810289    0.159433861826264
  189    0.729383485949205   -0.093363322770532   -0.677704227805783
  190    0.621044542777423    0.591134535746750   -0.514649042099425
  191    0.873435327463841   -0.126567509485892    0.470203566852350
  192    0.662079864613053    0.699180656245584   -0.269808566961756
  193    0.809199232651869    0.563251869460757    0.167164390420298
  194    0.755959589809285    0.343442090632112   -0.557290435013576
  195    0.945636523238798   -0.316082277093741    0.076573886045272
  196    0.878393395893304    0.352354508907044    0.322910733955850
  197    0.791205874882435    0.495234224789602   -0.358798447806792
  198    0.851652795784895   -0.400465840143101   -0.338104460648261
  199    0.952677480441979   -0.243068078161224   -0.182547329856485
  200    0.902153307676920    0.117788006716388    0.415024571467006
  201    0.928547907983995    0.363491478681837    0.075317511272196
  202    0.876858117195622   -0.168488227570136   -0.450257214798856
  203    0.839604483394410    0.075649711815083   -0.537904668660071
  204    0.963937671844516   -0.109878668247364    0.242385731971088
  205    0.900468104416881    0.232840030247571   -0.367345495742331
  206    0.809327221060195    0.580522581042177   -0.089347535786453
  207    0.910046504809877    0.376770643817283   -0.172798266891880
  208    0.997259699918791   -0.073642662707863   -0.007060392848768
  209    0.975794620731120    0.134067389421545    0.172773821066450
  210    0.983543505373490    0.155019602828572   -0.092795990088473
  211    0.958427669491056   -0.004715260668518   -0.285296632771527
   
 U =    20568.7916707047     


 http://math-lab.ru/  - см. Задача Томсона
