     91
    1   -0.005920396361583    0.001209153936224    0.999981743260186
    2   -0.954201685772506    0.222909946363817   -0.199525183074687
    3   -0.857240883832898    0.063296301985163    0.511010415980335
    4   -0.736477050655793   -0.530698615944559    0.419476498616877
    5   -0.536290301549152    0.485398400893401   -0.690493377864298
    6   -0.702810451768870   -0.236559529969619    0.670892731861801
    7   -0.930327998051668   -0.235237530883723    0.281341643033706
    8   -0.982036301267641   -0.165255912923067   -0.091077913000547
    9   -0.973246764892307    0.159910359145784    0.164983064780979
   10   -0.794623661742692    0.422939079767091    0.435540779955679
   11   -0.879045576237758   -0.094175103619129   -0.467343476209045
   12   -0.840935844250933   -0.539863474962284    0.037072014453190
   13   -0.801755812634801    0.271844136750596   -0.532248421529489
   14    0.246792286288426   -0.274058986251686    0.929508063162031
   15   -0.569628855630177    0.817791436304995   -0.082098316302277
   16   -0.003959083720244    0.846425148564296   -0.532492998577451
   17   -0.740637407798451    0.585779246655215   -0.329118374384719
   18   -0.564957288977788   -0.810522313835441    0.154521326701889
   19   -0.611536051414163    0.075460718619013   -0.787609889327373
   20   -0.441346676582766   -0.482716496565577    0.756437634582523
   21   -0.851237964208126    0.523260489119683    0.039904746798289
   22   -0.436647305686958   -0.750830948301494    0.495572413991135
   23   -0.830634762343418   -0.445889528389705   -0.333509250335130
   24   -0.608100420661781    0.147462898313001    0.780043955179511
   25   -0.417405313999157    0.782930248374713   -0.461294949056648
   26   -0.105175057553983   -0.733523766460621    0.671476798784545
   27   -0.303013483058269    0.247940745626258   -0.920167493309338
   28   -0.627631575835031    0.722713372312425    0.289420086544866
   29   -0.261315284935448    0.276524559587134    0.924796458581156
   30   -0.169976650673473   -0.937992127561400    0.302123661533926
   31   -0.296135083240044    0.936669898994375    0.186958585767757
   32   -0.520221953611193    0.497777573458145    0.693964412879417
   33   -0.013621877778318   -0.704295000305827   -0.709776723336295
   34    0.074971593123957    0.989490340079138    0.123645166159167
   35   -0.104374264003436   -0.405536396774262    0.908100349028173
   36    0.446007957314837    0.782110263646556   -0.435178627129782
   37   -0.602617450825700   -0.769448192521088   -0.211664089978358
   38   -0.211397962458510    0.958255296245049   -0.192503736812310
   39   -0.116102410291789    0.599323391175835    0.792042740711594
   40   -0.643451366005848   -0.284198423992382   -0.710775348042864
   41   -0.191529729662944    0.624854731463522   -0.756883694647261
   42   -0.274645424251742   -0.958748164022775   -0.073292898158954
   43   -0.375586846505496   -0.120013116887814    0.918983880439113
   44   -0.341755483549351    0.775043460987627    0.531517472002821
   45    0.037446017445254   -0.950992714657264   -0.306937538346644
   46    0.177700492821380    0.956361898685618   -0.231936313658466
   47    0.194454941932743   -0.869174085407641    0.454668763842123
   48   -0.309663737170525   -0.502503666437958   -0.807216473505090
   49    0.018437796623052    0.869584350507538    0.493440072357394
   50   -0.564103978344058   -0.613075893368385   -0.553104556649973
   51    0.260384076658124    0.634689348669178   -0.727577874394756
   52   -0.279912932580361   -0.838566438727613   -0.467391782142081
   53    0.619913634687006    0.483128344762846   -0.618299351460001
   54    0.239746206155302   -0.606220429912327    0.758299773830279
   55   -0.310723047527006   -0.145471073071096   -0.939302589496630
   56    0.740207571147202    0.629907173232064   -0.235180153769724
   57    0.478310976571245   -0.855017349956802    0.200409433321662
   58    0.158475988998795    0.343895831829973    0.925538231387999
   59    0.296233367472943   -0.792655914687808   -0.532862452145087
   60    0.590682809870860    0.629356203959677    0.504979788368337
   61    0.125027668655026   -0.989757618349823    0.068905289994131
   62    0.040610986181600   -0.361893254469716   -0.931334537194168
   63    0.045802994415985    0.387218811313897   -0.920849432788652
   64    0.260221833923917    0.657804611512613    0.706808099997456
   65    0.750746023871496    0.047040802581064    0.658913932569094
   66    0.372717478984719    0.866863691060527    0.331102736292220
   67    0.358072234872220   -0.505711580274499   -0.784882202747573
   68    0.422588151072653    0.047967709770151    0.905051574990289
   69    0.581569275320012   -0.309041958077506    0.752509299710892
   70    0.047906285188354    0.015038338316291   -0.998738622573562
   71    0.390894220732442    0.266689601154945   -0.880953100246428
   72    0.487413324489211    0.872548414957551   -0.032977487251773
   73    0.623780073875837   -0.621149969979406   -0.474416625161933
   74    0.683262089102024    0.108485534187747   -0.722069114744522
   75    0.420794448316135   -0.888452893000197   -0.183257985326426
   76    0.540260801846754    0.364782377008990    0.758321886412078
   77    0.395910880185051   -0.129434456477428   -0.909121167077025
   78    0.727067748367464   -0.679260109378363   -0.099890905948244
   79    0.873242871798589    0.310752447498079   -0.375339583879594
   80    0.875165504387637   -0.384166119106009   -0.294111769334315
   81    0.834403079886730    0.349774937155073    0.425944824611949
   82    0.832808871046538   -0.287473244153743    0.473062911463067
   83    0.538782124878700   -0.639569643981244    0.548328817780807
   84    0.737183428626807    0.656914958676367    0.158187640557826
   85    0.670870960878737   -0.297629956360674   -0.679226444513451
   86    0.762320424803755   -0.592774442629897    0.259780734643348
   87    0.885353385618516   -0.058409635550786   -0.461234969455543
   88    0.957995891394940    0.026967299384127    0.285511185130005
   89    0.932303104651188    0.360621206909447    0.027627272484440
   90    0.944908513848296   -0.318524360070401    0.075432966922605
   91    0.994190907948525    0.012788724607347   -0.106868550450568
   
 U =    3661.71369936032     


 http://math-lab.ru/  - см. Задача Томсона
