     57
    1   -0.247483279879671   -0.166642651198206    0.954453903015559
    2   -0.986920484744414   -0.121811877981790   -0.105592723112918
    3   -0.679639725816109    0.346087027264962    0.646771685103411
    4   -0.874632072516806   -0.329514768988211    0.355582275631960
    5   -0.512205822461290   -0.018635967629754   -0.858660524390900
    6   -0.676660296483150   -0.110253181010332    0.727993873078915
    7   -0.945313905444135    0.144362752815121    0.292473957428002
    8   -0.761776436555817   -0.339280733946479   -0.551892420930981
    9   -0.754789423979833    0.608339835575356    0.245388609964564
   10   -0.362537635747586    0.716199547681877    0.596342745882622
   11   -0.310298948101745   -0.455829772903414   -0.834226456630196
   12   -0.813986561429506   -0.571847724077258   -0.102059092097813
   13   -0.898595186120931    0.411027293265111   -0.153568407139771
   14    0.202753240579296   -0.275719004431816    0.939611703859484
   15   -0.181792541391125    0.754580571474324   -0.630523300955673
   16   -0.203000161924489    0.357834543560354   -0.911452343073177
   17   -0.575824579804510    0.764920403212561   -0.288656941787466
   18   -0.506351652078441   -0.718600231058469   -0.476677786728257
   19   -0.853567946475822    0.112927962668834   -0.508595159234253
   20   -0.446894999466294   -0.541148152137643    0.712350712002196
   21   -0.416627480796382    0.900071807502352    0.127641229956116
   22   -0.614245308645786   -0.721517058993113    0.319555682766824
   23   -0.060977209587673   -0.838270990096780   -0.541833486481839
   24   -0.288561052510523    0.304645987580420    0.907702231585430
   25   -0.596748083686538    0.469546021482831   -0.650705969179698
   26   -0.169569116163391   -0.910974031110405    0.375995517906829
   27   -0.012054372855334   -0.065036226712094   -0.997810092808305
   28    0.000780139588759    0.946178905874220    0.323643120521487
   29    0.182336329901480    0.210060425908310    0.960535309223601
   30   -0.400496246154456   -0.913495464774788   -0.071615589448686
   31   -0.080759382247118    0.973349979195898   -0.214633967904452
   32    0.081986600516378    0.637893068186048    0.765748412271261
   33    0.505446050537658   -0.860518920126271   -0.063493921761064
   34    0.363807992781252    0.930889044353790   -0.033005022202144
   35    0.011256894553816   -0.662601396432159    0.748887622925601
   36    0.247449219130757    0.452506066734273   -0.856742168636666
   37    0.059948706916033   -0.994561140303507   -0.085172124179706
   38    0.289286437099388    0.796349772393755   -0.531168897168082
   39    0.576654990106382    0.427035791489460    0.696497993659981
   40    0.168720610916708   -0.489951803694017   -0.855266382777245
   41    0.446294040839316    0.007914934534557   -0.894851374767133
   42    0.309461249776519   -0.871611313781413    0.380167663768230
   43    0.596831395697129   -0.028216363302672    0.801870389746491
   44    0.418006066856063    0.789060732421802    0.450171177022134
   45    0.761155498760407   -0.607055182968631    0.228311873405037
   46    0.755696456960354    0.630234751115981    0.178120811314527
   47    0.511652672955089   -0.541277009086398    0.667256129003246
   48    0.613617173704700   -0.375230009708477   -0.694749166209527
   49    0.899000051957488    0.229804260004659    0.372812162709513
   50    0.399547138966481   -0.766352786335773   -0.503056150562835
   51    0.676684956539946    0.357765301325174   -0.643507155174081
   52    0.813346478410082   -0.515427096869954   -0.269819224426522
   53    0.680356236983041    0.668746077322485   -0.299823406131118
   54    0.853404081877659   -0.223191322934888    0.471048942681251
   55    0.874413631363261   -0.043680499134838   -0.483210942841165
   56    0.945615797429491    0.292070592097296   -0.143197530997303
   57    0.986731569776175   -0.162130679332935    0.008628558749064
   
 U =    1387.38322958468     


 http://math-lab.ru/  - см. Задача Томсона
