    232
    1   -0.067780206478019   -0.020807367112776    0.997483281606078
    2   -0.995916954934475    0.054989115769765   -0.071593407663706
    3   -0.925167541336651   -0.058534027448519    0.375018383666392
    4   -0.982224275191507   -0.186328196335741   -0.022743712862859
    5   -0.829669668866555    0.234206698829476   -0.506749901614455
    6   -0.835641774952932   -0.474413599079058    0.276829479937321
    7   -0.944637642683810   -0.248692542945304    0.214036779802381
    8   -0.959519842848907   -0.103603151247092   -0.261893219138795
    9   -0.987488440767484   -0.001329575473158    0.157685800183987
   10   -0.961277593739291    0.240216665289370    0.135060510483462
   11   -0.877784923046427   -0.007991541923497   -0.478988271390921
   12   -0.916880403201449   -0.340082623426302   -0.208983577030906
   13   -0.943316795796668    0.144742547347917   -0.298668742514418
   14   -0.521486377459174   -0.194952170692418    0.830689839390625
   15   -0.854011122955844    0.503827834322539   -0.129701639270901
   16   -0.725277057020750    0.631404430844221   -0.274411434290929
   17   -0.863338912487189    0.382589558669060   -0.329045820187481
   18   -0.819388961332305   -0.553306501170289   -0.149845406367562
   19   -0.730687511721550    0.092323320725469   -0.676440806474884
   20   -0.703171157537389   -0.477756580249433    0.526591846913618
   21   -0.952211114986529    0.289419212742112   -0.097624340160877
   22   -0.908853863363076   -0.415508548528815    0.036569128366529
   23   -0.862470291574489   -0.257425853840021   -0.435748695839876
   24   -0.846247277617653   -0.305333334282734    0.436620086689216
   25   -0.720845175177268    0.501672501392061   -0.478233138511633
   26   -0.528028259026020   -0.448633743310707    0.721050568291137
   27   -0.676497040124832    0.342659222111162   -0.651871469083067
   28   -0.850805722797318    0.416532486640633    0.320359656680276
   29   -0.814270607287283    0.115516069155929    0.568875571522245
   30   -0.677797414939433   -0.642015513315078    0.358338868899536
   31   -0.877198250175782    0.469919098251223    0.098484876947197
   32   -0.915478629373161    0.182459174430666    0.358618918668715
   33   -0.595904045417179   -0.270814304416336   -0.756014537676979
   34   -0.738231703972893    0.635263481598555    0.226835315144184
   35   -0.685037217316355   -0.283526390082113    0.671071379972705
   36   -0.401035103348113    0.915394103794767   -0.034992579504000
   37   -0.785216523173912   -0.489332379610643   -0.379458606437197
   38   -0.737215562794282    0.675558761054336   -0.011557436421665
   39   -0.648535194985663    0.215489496703951    0.730045462745428
   40   -0.578219088727202   -0.046962210357658   -0.814528843092623
   41   -0.539043446680599    0.589601025371462   -0.601500451763438
   42   -0.651737157636829   -0.683594078947208   -0.328538905738399
   43   -0.811755032254613   -0.116993556586563    0.572159309394280
   44   -0.775097552149117    0.341510618989924    0.531595976066002
   45   -0.587838700774170   -0.599798163136358   -0.542851568451622
   46   -0.581066141301067    0.799068619933856   -0.154439243945609
   47   -0.521461106356647   -0.644008147365973    0.559760502968501
   48   -0.373243837357481   -0.014044875976666   -0.927626961301504
   49   -0.690064781991984    0.563967956881521    0.453597553195824
   50   -0.759077835731432   -0.145978795495368   -0.634421808079613
   51   -0.558234203370957    0.724882605733548   -0.403633227189901
   52   -0.709641377266425   -0.394783617065689   -0.583570913743945
   53   -0.355657832707656    0.776518151336780   -0.520122165147961
   54   -0.342338421524253   -0.593215550956377    0.728628653877821
   55   -0.546569717822356    0.188573647562204   -0.815905339487784
   56   -0.197162894487724    0.976418390234047    0.087942710044518
   57   -0.434300152945126   -0.775743055077217   -0.457827576333389
   58   -0.669399064023232   -0.023497256471787    0.742531327300822
   59   -0.356598499102032   -0.667853500670826   -0.653306369232614
   60   -0.383866519520143    0.896350587866778    0.221815506271256
   61   -0.779561720497623   -0.618535432076907    0.098475596978235
   62   -0.126007936139145    0.127853934205684   -0.983755747905994
   63   -0.323974168773796    0.628917267338763   -0.706755833941589
   64   -0.482659632274917    0.054229857683504    0.874127451752815
   65   -0.309587155994449   -0.117266752336347    0.943612368316436
   66   -0.603110170341086    0.443443402545561    0.663035497669591
   67   -0.398749697410159   -0.255783436953418   -0.880666515881922
   68   -0.263379954889465    0.120898627722938    0.957086475286917
   69   -0.218280317003423   -0.909185726150025    0.354591340241040
   70   -0.488218005019116    0.419635355516249   -0.765211962776266
   71   -0.334837327582216    0.220920721476089   -0.916012008043609
   72   -0.577937403224434    0.809127969458005    0.106302808029532
   73   -0.276550493465520   -0.503794654049961   -0.818358583455112
   74   -0.278095788791507    0.441173787756642   -0.853245815256592
   75    0.495740813231384   -0.852346147656862    0.166574579906999
   76   -0.450850042554782    0.291175309922921    0.843771994095350
   77    0.085079587789074   -0.019109289215586   -0.996190894762302
   78   -0.492168731189606   -0.474605016116968   -0.729739692435478
   79   -0.090127727211979    0.588009740408281   -0.803816855989341
   80   -0.117756185403189   -0.676231279591664   -0.727217118404889
   81   -0.557721493371166    0.754078536748369    0.346860629428125
   82   -0.470472086088724   -0.800146946826838    0.372049566180387
   83   -0.309127753832126   -0.778857611415161    0.545729651889445
   84   -0.345758138679163    0.820354463368738    0.455488599163701
   85   -0.077916834796497    0.356297763361231   -0.931118075583908
   86   -0.198294474481299   -0.822199452581702   -0.533542277204474
   87   -0.160069480272969   -0.100004027184459   -0.982026962986267
   88   -0.022146548529360    0.220391728784251    0.975159995217055
   89   -0.391330199767800    0.873240317020050   -0.290365327614055
   90   -0.675917401201703   -0.731118793691013   -0.092741448471194
   91    0.122082962142727    0.475209816838077   -0.871361796462973
   92   -0.352146431187054   -0.353852205719962    0.866476489876869
   93   -0.163599668344474   -0.483771660855705    0.859767485236846
   94   -0.226106091074820    0.347309627069105    0.910083544804533
   95   -0.257366488095738   -0.913675520234825   -0.314578344024010
   96   -0.481276101382540   -0.842742440477621   -0.241160720798074
   97   -0.495916913690567    0.654531535900947    0.570661794083650
   98    0.048907296075356   -0.254924782564332   -0.965723268656775
   99   -0.369820284380184   -0.911703357598530    0.178969117460320
  100   -0.117676156836275   -0.259129108401104    0.958647186034306
  101   -0.501705986216137   -0.864995449728612   -0.008600892028762
  102   -0.183149374434421   -0.321949197613632   -0.928872984212706
  103   -0.021912746175927   -0.491154913272354   -0.870796579416488
  104    0.025580538631123   -0.955066114197781    0.295286900411267
  105   -0.610728573478419   -0.772292916144946    0.174854971932029
  106    0.034407585684236   -0.590077922252803    0.806612771853507
  107   -0.023720937462251   -0.927491985894674   -0.373089712035947
  108    0.114654693997692    0.219366354063807   -0.968882192967261
  109   -0.139727268525259   -0.983330451516232    0.116350821017098
  110   -0.129411427980357    0.765889392562911   -0.629814354129612
  111    0.001624387303172    0.998590077707107   -0.053058628617809
  112    0.273885282238412   -0.744840331565069   -0.608440410103753
  113   -0.053681276425371   -0.855711794699455    0.514660708597014
  114   -0.200456136175020    0.964000545437130   -0.174700560579234
  115   -0.402475371008321    0.512076544447799    0.758809059222487
  116   -0.293709898015466   -0.952907207403370   -0.075513905252306
  117   -0.135848904138399   -0.708318638046553    0.692697468048117
  118   -0.266762391728276    0.709908029457282    0.651819312441330
  119   -0.179510405561080    0.555237846051648    0.812088017770995
  120    0.269833015577431   -0.933091389429321    0.237761650981080
  121   -0.163461266543884    0.924812703584832    0.343514013728673
  122    0.205171500874525    0.976007452324762    0.072897930254725
  123    0.121781098759903   -0.747363802387894    0.653159024177987
  124   -0.168599786546589    0.894631799329740   -0.413772951755521
  125    0.213565087816504   -0.409481198931717   -0.886969616721662
  126    0.020038277689559    0.977020271505957    0.212202395117637
  127    0.037788086955022   -0.807876747741774   -0.588138776941679
  128    0.034506545080334    0.955889994300435   -0.291690961709362
  129    0.157965170103800   -0.969696163921556   -0.186376915710871
  130    0.209914456796376   -0.884677240117361   -0.416271668080126
  131    0.360327225511687   -0.539934210802356   -0.760680838828143
  132   -0.070677554000739   -0.988314640718769   -0.135051302479478
  133    0.084133804638413   -0.386276087738168    0.918538124934812
  134    0.175618413567655    0.081360471211285    0.981090539420424
  135    0.313634106973940    0.322100855343751   -0.893243911778571
  136    0.062617071879564    0.855240222742079   -0.514434897448946
  137    0.284135593343777   -0.171593863348143   -0.943304039351279
  138    0.333650817665772   -0.942692400079569    0.002858444189441
  139   -0.084765607791167    0.829656120933437    0.551802059377704
  140    0.100917673132662    0.692985766920835   -0.713853171243660
  141    0.316902079911469   -0.324570535567834    0.891194164696445
  142    0.285141949089296    0.763189109685443   -0.579858992969065
  143    0.316664090385795    0.071391401279531   -0.945847303576789
  144    0.192282308112725   -0.867055216530914    0.459611537576432
  145    0.098422431805398   -0.993470202146090    0.057705999387573
  146    0.383572447434133   -0.894410382581731   -0.230004880599066
  147    0.244995116362400    0.957091491375693   -0.154768440241628
  148    0.480392712354184    0.635328306399212   -0.604632768715771
  149    0.309624291243356    0.567833939183027   -0.762690904484862
  150    0.449992254534049   -0.317510693339184   -0.834681933717649
  151    0.261867983162649   -0.549230435218310    0.793581179479599
  152    0.515221953063982    0.167758435132891   -0.840478105915139
  153    0.418240331351661   -0.810605384202949    0.409870633654134
  154    0.129944830663518   -0.160047300208623    0.978518882127351
  155    0.129346355782296   -0.634725701125073   -0.761835155776579
  156    0.429166356377480    0.901582700577143    0.054450643464546
  157    0.503689751213839   -0.078177540232516   -0.860339994842350
  158    0.358131291293648   -0.081899115452930    0.930072316050947
  159    0.104925435482522    0.899452911137452    0.424234738835902
  160    0.552883772177995   -0.829217730771960   -0.081960291822518
  161    0.212854498566772    0.323783413670741    0.921877032728124
  162    0.350820423118318   -0.701869321948899    0.619922967496831
  163    0.016965608674504    0.450923047598001    0.892401576235293
  164    0.492840265222271   -0.637793264087131   -0.591885314280330
  165   -0.003810251179929    0.681286123445551    0.732007308697447
  166    0.396771048223817    0.171695574164236    0.901716898535115
  167    0.204099981371611    0.568049820402143    0.797284515806748
  168    0.527488001931299   -0.241786933301754    0.814429546801354
  169    0.174861218624160    0.768955317939256    0.614923794656063
  170    0.616660318034383   -0.715064969675236    0.329259990440817
  171    0.559670493489992    0.005707908594898    0.828695576491235
  172    0.472259258920604   -0.479447249154263    0.739663117670587
  173    0.402051920358734    0.427421120206327    0.809731708245035
  174    0.712817564003036   -0.148301539069187    0.685490899982260
  175    0.385726058688671    0.645586987767866    0.659115201518913
  176    0.447266366434548   -0.787801716755844   -0.423463401645267
  177    0.557475348316763   -0.619695018731246    0.552448477035446
  178    0.295419517694477    0.913530908082190    0.279622224695556
  179    0.365933325607743    0.802125116529771    0.471898398642926
  180    0.486052749475772    0.775825997835161   -0.402301809354766
  181    0.491598592169881    0.407014445641939   -0.769850677219535
  182    0.626553534616572   -0.725663474639444   -0.284329368574000
  183    0.270994055676157    0.886753072062675   -0.374474579879058
  184    0.660926289003257   -0.215502478190614   -0.718842905229013
  185    0.468194953630288    0.865198138644504   -0.179515086500319
  186    0.674988032429075   -0.575252220984732   -0.462034672215906
  187    0.687322197498636    0.251203818497480   -0.681531245357050
  188    0.771177751014724   -0.621611401508611   -0.137419583227325
  189    0.691774789759595    0.020386854506790   -0.721825475039768
  190    0.670578602966084    0.613445066331471   -0.417144444812144
  191    0.661508972967709   -0.384225473150003    0.644031571016408
  192    0.660855441609644    0.721324715395861   -0.207269728262480
  193    0.523935918186993    0.809270266729068    0.265655395243191
  194    0.644458591968953    0.469818533158302   -0.603277439606667
  195    0.821051014964119   -0.474575527910121   -0.317259041061434
  196    0.572875049813407    0.675344514365730    0.464460939388236
  197    0.820119107030356    0.510451181650783   -0.258542533125697
  198    0.592621978369019   -0.439006422714321   -0.675331438309786
  199    0.771789386329495   -0.348654720385353   -0.531771594862073
  200    0.577236335480823    0.269790181199978    0.770721396568665
  201    0.713873872044202    0.662439718908952    0.227063237060620
  202    0.825173472590627   -0.103690063623438   -0.555281109743968
  203    0.838050002209376    0.138490905543357   -0.527723850966247
  204    0.737517128506303   -0.507628566746663    0.445400632445156
  205    0.803043712192561    0.374020853077026   -0.463928009255235
  206    0.627963115471356    0.777697740753272    0.029129875296067
  207    0.792242412155914    0.609312319780379   -0.033022073605876
  208    0.918483480192843    0.387435622606270   -0.079257396806456
  209    0.572605092959060    0.507182119878490    0.644119324964642
  210    0.860815230386357    0.485620442636913    0.152216703511840
  211    0.937798597124160    0.018440066219371   -0.346689710245030
  212    0.728558976526437    0.350437008541877    0.588553923414814
  213    0.723490013126956    0.098041413441871    0.683337458475589
  214    0.825298414434940   -0.284770695193862    0.487635292293307
  215    0.744660269381194    0.520800228912651    0.417430478965848
  216    0.689412899989994   -0.721368608093252    0.065857304720051
  217    0.858632309776315   -0.053787690170874    0.509762141585928
  218    0.781981413426987   -0.582078766825427    0.222911144328231
  219    0.849752536662329    0.178997625861021    0.495863364619786
  220    0.877898964525492    0.344228972682347    0.332866072844809
  221    0.917745292133668    0.262044538237327   -0.298456426880832
  222    0.950308391754648    0.095807296353519    0.296200814526436
  223    0.903816969086628   -0.227503058111145   -0.362432400512341
  224    0.944315939142696   -0.143782356120673    0.295962905022634
  225    0.961885287511104    0.250243378939827    0.110249466966782
  226    0.872220630324613   -0.488310641035064    0.027998033646308
  227    0.965681679411444   -0.250690278382472    0.067921118760007
  228    0.888098947136288   -0.374628100922976    0.266334462836227
  229    0.924410681728281   -0.349600409859076   -0.152461289949354
  230    0.983013712558193   -0.110468382614416   -0.146563219687321
  231    0.984250306740271    0.136346534507604   -0.112520914542362
  232    0.996639106604685   -0.008046884223634    0.081521401119627
   
 U =    24961.4410440534     


 http://math-lab.ru/  - см. Задача Томсона
