    262
    1   -0.214892670642922    0.090479659761249    0.972437438231088
    2   -0.995922601418071   -0.043874108688496   -0.078824073552771
    3   -0.935116779005739   -0.101168868828934    0.339590149447545
    4   -0.962266312170393   -0.272079424149323    0.004041214738785
    5   -0.887082184375638    0.083626972227119   -0.453973267582434
    6   -0.804978655350663   -0.504525708410908    0.312190925528449
    7   -0.926632989391348   -0.304479400540780    0.220552936090141
    8   -0.944215387446852   -0.244062572294223   -0.221112557114512
    9   -0.988338704837759   -0.072462538796325    0.133924549619601
   10   -0.987158845943700    0.155326383862733    0.037297819657843
   11   -0.878713465581088   -0.168933656800051   -0.446457237601360
   12   -0.884351011409318   -0.448362811937341   -0.129977219123034
   13   -0.957154338220830   -0.025476522368468   -0.288455403196151
   14   -0.576697089590700   -0.142528521694560    0.804429044329691
   15   -0.894239364721785    0.385208600528813   -0.227926068409498
   16   -0.770483228280231    0.530528345282742   -0.353405248674137
   17   -0.856861488347626    0.298446421346971   -0.420378547706560
   18   -0.763629106425429   -0.644267397985208   -0.042309664537430
   19   -0.782475455329050   -0.049354930578468   -0.620722363569407
   20   -0.706555079968380   -0.460891576920636    0.536990570954915
   21   -0.962956231913327    0.178941828114017   -0.201730309003134
   22   -0.867342983629831   -0.488873869933372    0.093372844256089
   23   -0.845023423706867   -0.385453859016885   -0.370622093183496
   24   -0.844318412374717   -0.317493489746505    0.431652988514643
   25   -0.715744908333120    0.432412211960296   -0.548387550134773
   26   -0.554576407699412   -0.377776518684153    0.741437731676839
   27   -0.768190183433826    0.192625450414358   -0.610556531312680
   28   -0.917403417648213    0.339235529401822    0.208063031023878
   29   -0.872192599340568    0.090608271335274    0.480697629306800
   30   -0.647079868356417   -0.645324749358741    0.406009374070255
   31   -0.931271610228424    0.364052452223511   -0.014106736426470
   32   -0.955699766216202    0.126184019365041    0.265923955504540
   33   -0.587287881996715   -0.387438910415001   -0.710622286701064
   34   -0.834737409229971    0.539456347568848    0.110454998527523
   35   -0.712476663537579   -0.261146041243857    0.651290832928747
   36   -0.528317437911809    0.842167023739529   -0.107867459986812
   37   -0.769586812848007   -0.579063698184379   -0.269112190239456
   38   -0.816270650598407    0.565710812089764   -0.116933750715494
   39   -0.745900045532030    0.208879483448500    0.632457495385740
   40   -0.630713974975857   -0.167255835548538   -0.757776594548231
   41   -0.541562748514470    0.547945782579583   -0.637546240499229
   42   -0.624270299446026   -0.760193170882012   -0.179980377191295
   43   -0.835588259681254   -0.120795936104876    0.535911002036159
   44   -0.853003045984515    0.301174114419846    0.426239318158895
   45   -0.621448928396685   -0.674864559111067   -0.397943533997522
   46   -0.667983839912378    0.706323623146618   -0.234317154730397
   47   -0.537466247807676   -0.573340790591834    0.618393378288504
   48   -0.471385422620408   -0.056633261024958   -0.880107071376351
   49   -0.795661422783004    0.501073665493125    0.340364631012403
   50   -0.754343695935501   -0.286094684164118   -0.590859898872314
   51   -0.607013034729264    0.653039445737415   -0.452851695348200
   52   -0.705969011890494   -0.492999142973060   -0.508487560593362
   53   -0.407757622411333    0.747430714935930   -0.524481694376288
   54   -0.368317400189616   -0.474838433751363    0.799293909991884
   55   -0.642079532063807    0.067209995458503   -0.763686251686640
   56   -0.362460358433906    0.931689192054292    0.024036180503270
   57   -0.449226603897542   -0.839165678851087   -0.306588358860990
   58   -0.726454556563124   -0.009257924786625    0.687152143325858
   59   -0.438613316994160   -0.745501178365085   -0.501842954729515
   60   -0.540197648420096    0.831914479781038    0.126904684594554
   61   -0.718914648474819   -0.671258137616195    0.180483353504875
   62   -0.275848263309545    0.287185420419365   -0.917296173505406
   63   -0.336998004966723    0.635348859454182   -0.694812328214403
   64   -0.581978576456590    0.103360059363701    0.806608724645285
   65   -0.408288803229650   -0.023259274844074    0.912556441701569
   66   -0.709721889409730    0.425386365826799    0.561552561619438
   67   -0.436948965444298   -0.287531488466004   -0.852291760336612
   68   -0.408452160188905    0.213467091543284    0.887467539499371
   69   -0.242275445954223   -0.820647852743758    0.517532327564899
   70   -0.620994915708762    0.311164642901688   -0.719403836292059
   71   -0.475188517795665    0.182936092798380   -0.860656876174717
   72   -0.697890869235721    0.716196944262862    0.003204943985251
   73   -0.378836384466942   -0.502840144197284   -0.776939369055057
   74   -0.445718475081897    0.413678031385552   -0.793854852803485
   75    0.234866973310154   -0.966316273703743    0.105215797404387
   76   -0.586090836213352    0.325880264227323    0.741821801441468
   77   -0.074616936329011    0.209978987768334   -0.974854418622934
   78   -0.527370345727184   -0.580832978120646   -0.620091581925679
   79   -0.092110805477955    0.640694889656395   -0.762250390542624
   80   -0.298210369605039   -0.690089390243742   -0.659429457131729
   81   -0.696091377651444    0.679294419247680    0.232413179355800
   82   -0.458827638212774   -0.749956711436183    0.476489380137599
   83   -0.342334867678069   -0.660855139837745    0.667890202444888
   84   -0.522184515802890    0.778582285863604    0.348041600380049
   85   -0.245411105685946    0.494078340219593   -0.834062337557483
   86   -0.241988969545998   -0.847849396294298   -0.471797350375624
   87   -0.290565384453341    0.064986477834834   -0.954645753699300
   88   -0.210882784070393    0.316248239712570    0.924940810139450
   89   -0.476125964611098    0.816705104120108   -0.326031959671617
   90   -0.591282932092226   -0.805441529918315    0.040600937172231
   91    0.117726364228859    0.569224571512451   -0.813709954684051
   92   -0.393985271041780   -0.256712731839533    0.882538486137358
   93   -0.185952469772453   -0.359712074196501    0.914346161288369
   94   -0.400627290073455    0.432422231536025    0.807780160762694
   95   -0.244289421820450   -0.933429912170761   -0.262738039597458
   96   -0.426972370970831   -0.898933578744155   -0.098045986321586
   97   -0.636267555951896    0.617651578764801    0.462244658695315
   98   -0.087114747173068   -0.019111125850963   -0.996014952545232
   99   -0.323296383841287   -0.888663431824370    0.325202633958092
  100   -0.205616900661745   -0.138831863035478    0.968734950318381
  101   -0.383779163860092   -0.916090161141188    0.116156661656403
  102   -0.268020113838612   -0.168514757449564   -0.948561012850334
  103   -0.219855185564189   -0.395683060062131   -0.891683022918124
  104   -0.078746114448758   -0.913725120633412    0.398629468783581
  105   -0.536842369619254   -0.801593700135713    0.263149786403714
  106    0.033299980911642   -0.471834131276425    0.881058263586413
  107   -0.033500963098196   -0.905125597215597   -0.423822296176832
  108   -0.051470773630634    0.428605884721036   -0.902024254133092
  109   -0.153897560189543   -0.970278667049988    0.186748090312605
  110   -0.174194442736175    0.780032523322924   -0.601003792565659
  111   -0.137321697493626    0.988738279112082   -0.059492577822347
  112    0.082051760616366   -0.667947605683474   -0.739671213879159
  113   -0.122630682840075   -0.728615701001309    0.673855233622585
  114   -0.313622016259695    0.928118064399331   -0.200594340530441
  115   -0.526755288939432    0.544207032073140    0.652968277802590
  116   -0.209439846790157   -0.977083698256161   -0.037978904388873
  117   -0.159320263173162   -0.561502739859630    0.811992442620351
  118   -0.426697739509179    0.728091274551012    0.536481253186391
  119   -0.312128408680727    0.644697528507006    0.697811545642084
  120    0.082075221095163   -0.962289541104939    0.259350143941015
  121   -0.352828535185030    0.894954148860311    0.273073426383641
  122    0.036639627559718    0.990113883284312    0.135395848606758
  123    0.074751424684764   -0.657346550323561    0.749871813902424
  124   -0.248149805446962    0.877758417212377   -0.409831471545875
  125   -0.054034121338850   -0.259046808497365   -0.964352147681783
  126   -0.183926949671415    0.970229675515227    0.157560318399609
  127   -0.080864892815885   -0.777283773558745   -0.623931730618144
  128   -0.075674603050973    0.959454082988399   -0.271516513475640
  129    0.178658634784067   -0.916137477841012   -0.358849848700266
  130    0.142377935129251   -0.813283235878895   -0.564179848830746
  131    0.006363953044683   -0.483237029113623   -0.875466432134942
  132   -0.034101218718894   -0.977774305968141   -0.206868348159903
  133    0.010103852310106   -0.252064959371388    0.967657567750904
  134   -0.011342997359960    0.217605648144070    0.975970859353234
  135    0.146236025482399    0.349054059275053   -0.925622108937940
  136   -0.010154052608975    0.881532583329961   -0.472013982571724
  137    0.117216340491020   -0.103333397416105   -0.987715818695002
  138    0.174251253466645   -0.974768814703002   -0.139507198910336
  139   -0.252870389699516    0.847902889723856    0.465958426912905
  140    0.067274747339914    0.754662878300743   -0.652654616535567
  141    0.199906118345801   -0.125344761567887    0.971764495438789
  142    0.217855188896215    0.837361435372628   -0.501363085220370
  143    0.129515103179162    0.125480780387236   -0.983605821354216
  144    0.041525848004325   -0.823354904896613    0.566005569345577
  145    0.013481247051896   -0.999466842932851    0.029736944290979
  146    0.386761326252688   -0.880419606336802   -0.274366530927175
  147    0.088576792298491    0.992268374468052   -0.086934601262328
  148    0.420982209335232    0.742468146400455   -0.521071042185132
  149    0.279268920187985    0.672901608570841   -0.684990726506433
  150    0.162012397422172   -0.342769851763015   -0.925343618232644
  151    0.219210213365865   -0.362952570124021    0.905655737129987
  152    0.341067699277355    0.245673687360125   -0.907368317635419
  153    0.201949695112740   -0.878068928840051    0.433833236220506
  154   -0.006317441619161   -0.018646803258391    0.999806174545662
  155   -0.148034629239390   -0.601741428682458   -0.784852216377804
  156    0.255704759192408    0.960223671681698    0.112185455690435
  157    0.316632716476369   -0.189559347178329   -0.929414319210825
  158    0.186525914338635    0.120399243823802    0.975044668395655
  159   -0.082347348188837    0.933874213865310    0.347991187997218
  160    0.373631084488384   -0.925617122833250   -0.060272337120198
  161    0.006387040655082    0.434757551836789    0.900524889624130
  162    0.255500727276297   -0.737842215034230    0.624746543867723
  163   -0.195620324284553    0.519822995602311    0.831574856504119
  164    0.314389333401689   -0.681666770333504   -0.660673717705140
  165   -0.135730042375789    0.765012807470415    0.629549648560699
  166    0.208840504281788    0.342149818702602    0.916143627022044
  167   -0.023283685418877    0.637561830362023    0.770047259886523
  168    0.446174098037186   -0.431258646368581    0.784184069063535
  169    0.033015252000890    0.856611691891845    0.514904265324642
  170    0.423712068737873   -0.772989533424724    0.472181388898057
  171    0.390809704591209   -0.233892115560437    0.890259654862555
  172    0.266093602300739   -0.557247949437016    0.786555095122304
  173    0.192865829926193    0.552587205577305    0.810832998760624
  174    0.540154485760698   -0.085166927329459    0.837245320083579
  175    0.142274395850155    0.734094693332450    0.663975133198984
  176    0.363595449551428   -0.799393071636211   -0.478298093332514
  177    0.454373433399405   -0.616769482560356    0.642759821708752
  178    0.157082617254152    0.931740978451469    0.327389371285760
  179    0.274730144736648    0.821229246821155    0.500105860532086
  180    0.377589760216424    0.866987381511230   -0.325205862923785
  181    0.322562552269252    0.470366605291360   -0.821406511113850
  182    0.537956174253798   -0.656590128855229   -0.528670556464128
  183    0.156272821900205    0.940133309232136   -0.302866581199676
  184    0.404885555398560   -0.370465429240876   -0.835956370133617
  185    0.305467121912463    0.945716516833156   -0.110950922571554
  186    0.480687603318290   -0.528125728862307   -0.700016173048720
  187    0.512301001890414    0.327629746021080   -0.793855423225313
  188    0.570279381251173   -0.752367704134878   -0.329733627485265
  189    0.333295148944921    0.027558467371975   -0.942419691308438
  190    0.579266656866173    0.743677176050333   -0.333757993259921
  191    0.606248806785284   -0.277870937606202    0.745151076161922
  192    0.505644831501289    0.853305774750917   -0.127249986847820
  193    0.382047528223043    0.872001604636449    0.306027593020829
  194    0.478384799947107    0.552844150301677   -0.682283906197987
  195    0.719581194935486   -0.585518425853234   -0.373324358810899
  196    0.483965083572092    0.725962705458019    0.488626593798507
  197    0.605117424664347    0.615170471527769   -0.505369363266008
  198    0.245297768581430   -0.528883575129037   -0.812472257180330
  199    0.602842987258459   -0.317905015680645   -0.731790088562551
  200    0.398108489018695    0.459735688127158    0.793821597106995
  201    0.581400263603574    0.759533092726038    0.291690271582230
  202    0.513100618703043   -0.137814996659567   -0.847192293273657
  203    0.528600252256146    0.094346842868267   -0.843611549562670
  204    0.632006843650042   -0.463179298102902    0.621314966332225
  205    0.651624764267834    0.398477946873464   -0.645445964003493
  206    0.462998042535104    0.881447011940720    0.093187862672338
  207    0.681432375797242    0.718499456698791   -0.139314205804248
  208    0.648183250602166    0.757377476179203    0.078979948184532
  209    0.356305727274354    0.654637464087588    0.666705346704574
  210    0.831353098567740    0.420542449592847    0.363312638910712
  211    0.764830951996008   -0.245669668648347   -0.595550189971502
  212    0.555606072326798    0.544764997351806    0.628118611453184
  213    0.373864874280417    0.022990969901891    0.927198183282441
  214    0.779409920983260   -0.447084786425687    0.438902459345543
  215    0.676415637271431    0.589898997412168    0.441000066334239
  216    0.354823165138058   -0.891211292924185    0.282564953321911
  217    0.403672543824469    0.246082144583557    0.881187866166710
  218    0.620597957940126   -0.627610169686870    0.470067707363699
  219    0.586373827465002    0.343569521348880    0.733570527259748
  220    0.730674526432281    0.389655435404482    0.560609826958738
  221    0.774021483446889    0.573512811785961   -0.268279328089284
  222    0.742304136591180    0.171165067392744    0.647832608398235
  223    0.674464933609463   -0.468943665353204   -0.570253357777300
  224    0.580633793568019    0.130920514850398    0.803569671253288
  225    0.887583776197327    0.438036991379175    0.142543447463479
  226    0.574545084300535   -0.762507379874855    0.297456621614775
  227    0.567868708733168   -0.815638398909928   -0.110720963983215
  228    0.749498069681401   -0.604759054460476    0.269293760774224
  229    0.728176574325014   -0.668403396699517   -0.151643581746262
  230    0.850504897439012   -0.489664433109648   -0.192016047193100
  231    0.861821075012443    0.202166785149792    0.465180637652293
  232    0.768122218255275   -0.261910554795632    0.584286846599545
  233    0.751347735756062    0.471298398709859   -0.461903019418321
  234    0.686234759702631    0.167435738108394   -0.707846825365467
  235    0.710921492024181   -0.058230144911154    0.700856534821313
  236    0.492741226912428   -0.862729063610509    0.113598618400798
  237    0.879602235290108   -0.415815617935118    0.231078513830003
  238    0.678450917237599   -0.730087143842766    0.081713617561415
  239    0.681673920148243   -0.072160249716234   -0.728088981478650
  240    0.823259234439920   -0.565941065593954    0.044214739440342
  241    0.806370991249130    0.247876160260435   -0.536957385316971
  242    0.826113242545815   -0.385444346966830   -0.411059078335162
  243    0.757433234276746    0.610454848344497    0.231602620334412
  244    0.926271449282404   -0.376820808943084    0.005223044299505
  245    0.887628549986859   -0.157550067820620   -0.432774229105597
  246    0.817223246903338    0.007233786054136   -0.576275834180203
  247    0.937555953562808    0.230976536802228    0.260074361261897
  248    0.843095065086553   -0.032084152081669    0.536806593115157
  249    0.886732130869287   -0.236144023686840    0.397419335414121
  250    0.804411754496346    0.594071588666762   -0.000822658531260
  251    0.930954548536145   -0.285206100142756   -0.227993660002254
  252    0.985034502501982   -0.169576635643201   -0.030834939996790
  253    0.960707043859472   -0.202107139497636    0.190248994853792
  254    0.964957071679888    0.260143844511117    0.034395202833423
  255    0.895137198092746    0.430605048285632   -0.115363291308792
  256    0.936445094688768   -0.004514962210047    0.350785119053797
  257    0.912157584274286    0.103824217444387   -0.396470772343889
  258    0.874611727031504    0.351653518795433   -0.333757591161249
  259    0.966010196454466   -0.058062328305139   -0.251898920954003
  260    0.988329936435712    0.029095228302582    0.149523925961708
  261    0.957443941882964    0.209906098655148   -0.198092220692755
  262    0.996910747072934    0.049670073785597   -0.060842798592918
   
 U =    31981.3430280291     


 http://math-lab.ru/  - см. Задача Томсона
