     28
    1   -0.146462058890403    0.008304554480496    0.989181429102096
    2   -0.642611950548446    0.259634033693064   -0.720860631162911
    3   -0.715851125024939    0.282450057517553    0.638575862219094
    4   -0.961951742395435   -0.207613674436594    0.177610268535697
    5   -0.279165809466782   -0.263780505065729   -0.923301844453928
    6   -0.589931418956333   -0.413753015574740    0.693389762709961
    7   -0.924150762429184    0.353610800576008   -0.144584819457480
    8   -0.800196155488163   -0.387558761012174   -0.457694570106170
    9   -0.585427484756956    0.785603273155414    0.200255230390229
   10   -0.118184517490463    0.679828415481266    0.723785704010363
   11   -0.223589723888624   -0.816887023381594   -0.531698435583713
   12   -0.586997141526355   -0.804247816530353    0.092842907354565
   13   -0.338546880239655    0.814353561503879   -0.471396103872259
   14    0.461248577789866   -0.332474004575634    0.822624328456354
   15    0.383856536686984    0.803284260842608   -0.455399336324965
   16    0.359598418119155   -0.355895591663737   -0.862570174258605
   17    0.041904780403859    0.994076312156875    0.100280980190119
   18    0.066062549215251   -0.993597149835618    0.091653932974641
   19    0.026267979965935    0.384025365404796   -0.922948813290435
   20   -0.026620707074274   -0.734167582856349    0.678446238281068
   21    0.591002012846830    0.736513702055449    0.329035237467924
   22    0.680565932397581   -0.677350871923868    0.279331000720984
   23    0.478193937301358   -0.785841853432446   -0.392151934487239
   24    0.460260015240811    0.336055170518401    0.821722362320983
   25    0.653170651667675    0.206277175433981   -0.728572458095283
   26    0.920203866449029   -0.004941762305589    0.391408256373792
   27    0.918990978134555   -0.281329239439565   -0.276241635427481
   28    0.898377757219584    0.415389005049665   -0.142721336235898
   
 U =    310.491542583050     


 http://math-lab.ru/  - см. Задача Томсона
